relative_time_sec,total_execs,coverage_seen,coverage_percent,interesting_test_cases,corpus_size,unique_bugs,unique_crashes,validity_bugs,functional_bugs,bonus_bugs
60.000000,70147,2044.000000,3.118896,162,162,1396,65,29,17,1350
66.000000,73686,2044.000000,3.118896,162,162,1561,65,30,17,1514
71.000000,80264,2044.000000,3.118896,166,166,1654,67,33,25,1596
76.000000,86402,2044.000000,3.118896,167,167,1800,68,34,28,1738
81.000000,90235,2044.000000,3.118896,171,171,1927,68,35,29,1863
87.000000,93246,2046.000000,3.121948,172,172,2078,68,38,29,2011
92.000000,97557,2047.000000,3.123474,175,175,2236,70,40,29,2167
97.000000,103035,2047.000000,3.123474,176,176,2392,73,43,30,2319
102.000000,106215,2047.000000,3.123474,176,176,2502,73,43,30,2429
107.000000,111730,2047.000000,3.123474,178,178,2605,73,46,31,2528
112.000000,116669,2047.000000,3.123474,179,179,2772,73,46,31,2695
117.000000,120864,2085.000000,3.181458,182,182,2945,75,51,31,2863
122.000000,123256,2115.000000,3.227234,183,183,3201,75,51,31,3119
127.000000,127891,2115.000000,3.227234,186,186,3331,76,53,32,3246
134.000000,133612,2115.000000,3.227234,188,188,3476,78,54,32,3390
139.000000,138353,2118.000000,3.231812,189,189,3586,79,57,32,3497
144.000000,142276,2118.000000,3.231812,189,189,3751,79,60,35,3656
149.000000,146661,2119.000000,3.233337,190,190,3975,79,61,35,3879
154.000000,151428,2119.000000,3.233337,191,191,4138,79,62,36,4040
159.000000,156560,2176.000000,3.320312,194,194,4285,79,63,37,4185
164.000000,158638,2183.000000,3.330994,201,201,4492,79,63,37,4392
170.000000,159850,2183.000000,3.330994,201,201,4690,80,63,38,4589
175.000000,161845,2183.000000,3.330994,202,202,4903,80,63,40,4800
180.000000,163997,2183.000000,3.330994,202,202,5132,80,64,41,5027
185.000000,166549,2183.000000,3.330994,202,202,5385,80,65,42,5278
190.000000,168653,2185.000000,3.334045,203,203,5619,82,66,42,5511
195.000000,170589,2185.000000,3.334045,203,203,5869,82,67,42,5760
202.000000,173304,2185.000000,3.334045,203,203,6161,82,67,44,6050
207.000000,177189,2185.000000,3.334045,204,204,6322,82,67,45,6210
212.000000,180679,2187.000000,3.337097,205,205,6534,84,70,47,6417
217.000000,183848,2187.000000,3.337097,205,205,6775,85,70,47,6658
222.000000,187985,2187.000000,3.337097,205,205,6999,85,76,48,6875
227.000000,190797,2187.000000,3.337097,206,206,7180,85,76,49,7055
233.000000,195351,2187.000000,3.337097,206,206,7423,85,78,50,7295
238.000000,198477,2187.000000,3.337097,206,206,7514,85,78,51,7385
243.000000,201449,2187.000000,3.337097,206,206,7658,85,78,51,7529
248.000000,205223,2187.000000,3.337097,206,206,7803,85,79,51,7673
253.000000,208555,2187.000000,3.337097,206,206,8046,85,79,51,7916
258.000000,213986,2187.000000,3.337097,206,206,8209,86,82,51,8076
263.000000,218199,2187.000000,3.337097,207,207,8402,87,83,51,8268
270.000000,221595,2187.000000,3.337097,208,208,8628,87,83,51,8494
275.000000,225468,2187.000000,3.337097,208,208,8785,87,86,51,8648
280.000000,230421,2187.000000,3.337097,209,209,8985,88,87,53,8845
285.000000,234119,2187.000000,3.337097,209,209,9146,88,90,53,9003
290.000000,235939,2190.000000,3.341675,210,210,9412,88,90,53,9269
295.000000,239208,2190.000000,3.341675,212,212,9669,88,90,53,9526
300.000000,243194,2190.000000,3.341675,212,212,9846,90,90,53,9703
306.000000,245941,2190.000000,3.341675,212,212,10002,90,90,55,9857
311.000000,250222,2190.000000,3.341675,212,212,10188,90,92,56,10040
316.000000,254698,2190.000000,3.341675,212,212,10370,90,93,56,10221
321.000000,258630,2190.000000,3.341675,212,212,10585,91,93,57,10435
326.000000,263338,2190.000000,3.341675,213,213,10785,91,96,57,10632
331.000000,267769,2190.000000,3.341675,213,213,10960,92,97,57,10806
336.000000,272546,2190.000000,3.341675,213,213,11136,92,98,57,10981
341.000000,274648,2190.000000,3.341675,213,213,11281,92,99,59,11123
347.000000,279448,2190.000000,3.341675,214,214,11515,92,99,60,11356
352.000000,284459,2190.000000,3.341675,214,214,11726,92,101,60,11565
357.000000,288456,2190.000000,3.341675,214,214,11957,92,101,61,11795
362.000000,292022,2190.000000,3.341675,214,214,12177,92,102,61,12014
367.000000,295541,2190.000000,3.341675,214,214,12369,92,102,61,12206
372.000000,297753,2190.000000,3.341675,214,214,12566,92,103,61,12402
377.000000,302010,2190.000000,3.341675,214,214,12710,92,109,61,12540
383.000000,305114,2190.000000,3.341675,214,214,12952,93,109,61,12782
388.000000,306509,2190.000000,3.341675,214,214,13232,93,109,62,13061
393.000000,311646,2190.000000,3.341675,214,214,13410,93,110,62,13238
398.000000,314237,2190.000000,3.341675,214,214,13642,93,110,63,13469
403.000000,318225,2190.000000,3.341675,214,214,13874,93,110,63,13701
408.000000,320749,2190.000000,3.341675,214,214,13998,93,113,64,13821
413.000000,324433,2190.000000,3.341675,214,214,14182,93,114,64,14004
418.000000,328753,2190.000000,3.341675,216,216,14346,93,114,64,14168
423.000000,330469,2190.000000,3.341675,216,216,14601,93,115,65,14421
429.000000,333143,2190.000000,3.341675,217,217,14915,93,116,65,14734
434.000000,337070,2190.000000,3.341675,217,217,15084,93,116,65,14903
440.000000,341086,2190.000000,3.341675,217,217,15249,93,117,65,15067
445.000000,345842,2190.000000,3.341675,217,217,15387,93,117,67,15203
450.000000,349040,2190.000000,3.341675,217,217,15615,93,118,67,15430
455.000000,353584,2190.000000,3.341675,217,217,15798,93,118,68,15612
460.000000,357347,2190.000000,3.341675,217,217,16001,93,119,68,15814
465.000000,360343,2190.000000,3.341675,217,217,16215,93,120,68,16027
470.000000,364872,2190.000000,3.341675,217,217,16420,93,125,68,16227
476.000000,367309,2190.000000,3.341675,218,218,16597,93,125,69,16403
481.000000,371910,2190.000000,3.341675,218,218,16759,93,126,69,16564
486.000000,375325,2190.000000,3.341675,218,218,17029,93,126,69,16834
491.000000,379249,2190.000000,3.341675,219,219,17156,93,126,71,16959
496.000000,382593,2190.000000,3.341675,219,219,17342,93,126,71,17145
501.000000,386174,2190.000000,3.341675,219,219,17550,93,128,73,17349
508.000000,390746,2190.000000,3.341675,219,219,17799,93,131,74,17594
513.000000,394394,2190.000000,3.341675,219,219,17993,93,132,74,17787
518.000000,396577,2190.000000,3.341675,219,219,18312,93,133,74,18105
523.000000,400706,2190.000000,3.341675,219,219,18537,93,133,74,18330
528.000000,405444,2190.000000,3.341675,219,219,18723,93,136,75,18512
533.000000,410390,2190.000000,3.341675,219,219,18905,93,138,76,18691
539.000000,415274,2190.000000,3.341675,219,219,19127,93,142,77,18908
544.000000,418731,2190.000000,3.341675,219,219,19248,93,143,78,19027
549.000000,422325,2190.000000,3.341675,219,219,19448,93,143,78,19227
554.000000,425327,2190.000000,3.341675,219,219,19728,93,143,78,19507
559.000000,429914,2190.000000,3.341675,219,219,19916,94,144,79,19693
564.000000,431762,2190.000000,3.341675,219,219,20148,94,144,79,19925
569.000000,435160,2190.000000,3.341675,219,219,20409,94,144,80,20185
576.000000,438716,2190.000000,3.341675,219,219,20596,94,145,81,20370
581.000000,442057,2190.000000,3.341675,219,219,20755,94,147,82,20526
586.000000,445606,2190.000000,3.341675,219,219,20965,94,148,83,20734
591.000000,449565,2190.000000,3.341675,219,219,21188,94,151,83,20954
596.000000,454135,2190.000000,3.341675,219,219,21393,94,151,83,21159
601.000000,458661,2190.000000,3.341675,219,219,21563,94,154,83,21326
606.000000,461483,2190.000000,3.341675,220,220,21772,94,155,84,21533
612.000000,463887,2190.000000,3.341675,220,220,21946,94,156,85,21705
617.000000,467939,2190.000000,3.341675,220,220,22153,94,156,86,21911
622.000000,472257,2190.000000,3.341675,221,221,22295,94,157,89,22049
627.000000,476149,2190.000000,3.341675,221,221,22504,94,158,89,22257
632.000000,480227,2190.000000,3.341675,221,221,22704,94,158,90,22456
637.000000,484527,2190.000000,3.341675,221,221,22849,94,159,91,22599
644.000000,489002,2190.000000,3.341675,221,221,23118,94,159,93,22866
649.000000,493046,2191.000000,3.343201,222,222,23289,94,162,93,23034
654.000000,497018,2191.000000,3.343201,222,222,23510,94,163,93,23254
659.000000,501695,2191.000000,3.343201,222,222,23710,94,165,94,23451
664.000000,505364,2191.000000,3.343201,223,223,23889,94,165,94,23630
669.000000,509288,2191.000000,3.343201,224,224,24100,94,166,95,23839
674.000000,513992,2191.000000,3.343201,224,224,24306,94,167,96,24043
679.000000,517415,2191.000000,3.343201,225,225,24443,94,168,96,24179
684.000000,520552,2191.000000,3.343201,225,225,24608,94,169,97,24342
690.000000,524589,2191.000000,3.343201,226,226,24916,94,173,97,24646
695.000000,528468,2191.000000,3.343201,226,226,25080,94,175,97,24808
700.000000,532662,2191.000000,3.343201,226,226,25218,94,177,98,24943
705.000000,537078,2191.000000,3.343201,226,226,25394,94,177,98,25119
712.000000,541131,2191.000000,3.343201,226,226,25603,94,181,100,25322
717.000000,543797,2191.000000,3.343201,226,226,25825,94,181,100,25544
722.000000,547585,2191.000000,3.343201,226,226,25977,94,181,101,25695
727.000000,550879,2191.000000,3.343201,226,226,26199,94,183,101,25915
732.000000,554072,2191.000000,3.343201,226,226,26381,94,184,101,26096
737.000000,556505,2191.000000,3.343201,227,227,26508,94,184,102,26222
742.000000,559011,2191.000000,3.343201,232,232,26698,94,185,112,26401
747.000000,561806,2191.000000,3.343201,232,232,26833,94,187,113,26533
753.000000,565521,2191.000000,3.343201,232,232,27097,94,188,113,26796
758.000000,568997,2191.000000,3.343201,232,232,27234,94,189,113,26932
763.000000,572627,2191.000000,3.343201,232,232,27386,94,190,114,27082
768.000000,576162,2191.000000,3.343201,232,232,27548,94,190,115,27243
773.000000,579721,2191.000000,3.343201,232,232,27754,94,191,115,27448
780.000000,582958,2191.000000,3.343201,232,232,27971,94,191,116,27664
785.000000,586401,2191.000000,3.343201,232,232,28129,94,191,117,27821
790.000000,590361,2191.000000,3.343201,233,233,28303,94,192,119,27992
795.000000,593593,2191.000000,3.343201,233,233,28530,94,193,119,28218
800.000000,595853,2191.000000,3.343201,233,233,28772,94,194,120,28458
805.000000,599244,2191.000000,3.343201,233,233,28935,94,194,123,28618
810.000000,603187,2191.000000,3.343201,233,233,29127,94,195,124,28808
815.000000,605324,2191.000000,3.343201,233,233,29290,94,195,124,28971
820.000000,608874,2191.000000,3.343201,233,233,29471,94,197,124,29150
825.000000,612538,2191.000000,3.343201,233,233,29675,94,198,125,29352
831.000000,615498,2191.000000,3.343201,233,233,29864,94,200,125,29539
836.000000,618691,2191.000000,3.343201,233,233,30102,94,204,125,29773
841.000000,623233,2191.000000,3.343201,233,233,30279,94,206,126,29947
847.000000,626912,2191.000000,3.343201,233,233,30497,94,209,127,30161
852.000000,630827,2191.000000,3.343201,233,233,30627,94,209,127,30291
857.000000,634071,2191.000000,3.343201,233,233,30817,94,209,128,30480
863.000000,638386,2191.000000,3.343201,233,233,31005,94,209,128,30668
868.000000,642306,2192.000000,3.344727,235,235,31194,94,209,130,30855
873.000000,646001,2192.000000,3.344727,235,235,31382,94,209,130,31043
878.000000,649974,2192.000000,3.344727,235,235,31547,94,209,131,31207
883.000000,652262,2192.000000,3.344727,235,235,31655,94,209,131,31315
888.000000,655553,2192.000000,3.344727,235,235,31823,94,211,132,31480
893.000000,657843,2192.000000,3.344727,235,235,32038,94,212,132,31694
898.000000,660772,2192.000000,3.344727,235,235,32208,94,213,132,31863
903.000000,663667,2192.000000,3.344727,235,235,32472,95,213,132,32127
909.000000,667724,2192.000000,3.344727,235,235,32681,95,215,133,32333
914.000000,671080,2192.000000,3.344727,235,235,32883,95,218,133,32532
919.000000,671876,2192.000000,3.344727,235,235,33095,95,219,133,32743
924.000000,674002,2192.000000,3.344727,236,236,33348,95,220,133,32995
929.000000,678208,2192.000000,3.344727,236,236,33566,95,220,133,33213
934.000000,682988,2192.000000,3.344727,236,236,33745,95,223,136,33386
939.000000,685327,2192.000000,3.344727,236,236,34006,95,223,138,33645
944.000000,688914,2192.000000,3.344727,236,236,34226,95,226,140,33860
950.000000,691584,2192.000000,3.344727,236,236,34414,95,227,142,34045
955.000000,694718,2192.000000,3.344727,236,236,34596,95,227,142,34227
960.000000,698256,2192.000000,3.344727,237,237,34798,95,227,142,34429
965.000000,701297,2192.000000,3.344727,237,237,34974,95,228,142,34604
970.000000,705125,2192.000000,3.344727,237,237,35178,95,230,144,34804
975.000000,708972,2192.000000,3.344727,237,237,35392,95,231,144,35017
980.000000,713662,2192.000000,3.344727,238,238,35568,95,231,144,35193
986.000000,716324,2192.000000,3.344727,238,238,35703,95,232,146,35325
991.000000,719510,2192.000000,3.344727,238,238,35903,95,232,146,35525
996.000000,721669,2192.000000,3.344727,238,238,36161,95,234,147,35780
1001.000000,724408,2192.000000,3.344727,238,238,36413,95,234,147,36032
1006.000000,727869,2192.000000,3.344727,238,238,36623,95,234,148,36241
1011.000000,731434,2192.000000,3.344727,239,239,36793,95,237,149,36407
1016.000000,734171,2192.000000,3.344727,240,240,37044,95,237,149,36658
1021.000000,736418,2192.000000,3.344727,240,240,37155,95,237,150,36768
1026.000000,740141,2192.000000,3.344727,240,240,37308,95,237,151,36920
1031.000000,742558,2192.000000,3.344727,240,240,37559,95,237,151,37171
1036.000000,745806,2192.000000,3.344727,240,240,37763,95,237,151,37375
1041.000000,749436,2192.000000,3.344727,240,240,37951,95,238,152,37561
1047.000000,753078,2192.000000,3.344727,241,241,38150,95,238,152,37760
1052.000000,755690,2192.000000,3.344727,241,241,38331,95,238,152,37941
1057.000000,758876,2192.000000,3.344727,241,241,38505,95,238,153,38114
1062.000000,762409,2192.000000,3.344727,243,243,38750,95,238,155,38357
1067.000000,766496,2192.000000,3.344727,243,243,38935,95,241,155,38539
1072.000000,770811,2192.000000,3.344727,243,243,39151,95,250,156,38745
1077.000000,774615,2192.000000,3.344727,244,244,39307,95,251,158,38898
1083.000000,778727,2192.000000,3.344727,245,245,39564,95,254,160,39150
1088.000000,781312,2192.000000,3.344727,245,245,39685,95,256,162,39267
1093.000000,783900,2192.000000,3.344727,245,245,39880,95,260,162,39458
1098.000000,787479,2192.000000,3.344727,245,245,40093,95,260,162,39671
1103.000000,791717,2192.000000,3.344727,245,245,40269,95,260,162,39847
1108.000000,795090,2192.000000,3.344727,245,245,40461,95,261,162,40038
1113.000000,798794,2192.000000,3.344727,245,245,40654,95,263,163,40228
1120.000000,801961,2192.000000,3.344727,245,245,40893,95,263,165,40465
1125.000000,805676,2192.000000,3.344727,245,245,41068,95,263,166,40639
1130.000000,808628,2192.000000,3.344727,245,245,41285,95,263,167,40855
1135.000000,812778,2192.000000,3.344727,245,245,41480,95,264,167,41049
1140.000000,815729,2192.000000,3.344727,245,245,41703,95,264,167,41272
1145.000000,819424,2192.000000,3.344727,245,245,41915,95,266,167,41482
1151.000000,824011,2192.000000,3.344727,245,245,42128,95,268,171,41689
1156.000000,826267,2192.000000,3.344727,245,245,42239,95,268,171,41800
1161.000000,829124,2192.000000,3.344727,245,245,42398,95,268,174,41956
1166.000000,832896,2192.000000,3.344727,245,245,42636,95,270,176,42190
1171.000000,836706,2192.000000,3.344727,245,245,42822,95,271,176,42375
1176.000000,841062,2192.000000,3.344727,245,245,43014,95,271,177,42566
1182.000000,843719,2192.000000,3.344727,245,245,43268,95,272,177,42819
1188.000000,846296,2192.000000,3.344727,245,245,43501,95,272,177,43052
1193.000000,850487,2192.000000,3.344727,245,245,43679,95,273,177,43229
1198.000000,854219,2192.000000,3.344727,246,246,43886,95,274,180,43432
1203.000000,855655,2192.000000,3.344727,246,246,44156,95,274,180,43702
1209.000000,857407,2192.000000,3.344727,246,246,44459,95,275,180,44004
1214.000000,860839,2192.000000,3.344727,246,246,44643,95,276,181,44186
1219.000000,863454,2192.000000,3.344727,246,246,44864,95,277,183,44404
1224.000000,865209,2192.000000,3.344727,246,246,44968,95,277,183,44508
1229.000000,869234,2192.000000,3.344727,246,246,45141,95,277,186,44678
1234.000000,872830,2192.000000,3.344727,246,246,45348,95,278,187,44883
1239.000000,875211,2192.000000,3.344727,246,246,45533,95,278,187,45068
1244.000000,879869,2192.000000,3.344727,246,246,45713,95,280,187,45246
1249.000000,882956,2192.000000,3.344727,246,246,45899,95,280,187,45432
1256.000000,885973,2192.000000,3.344727,246,246,46186,95,280,189,45717
1261.000000,889567,2192.000000,3.344727,246,246,46350,95,282,189,45879
1266.000000,892598,2192.000000,3.344727,246,246,46581,95,282,190,46109
1271.000000,896964,2192.000000,3.344727,246,246,46773,95,282,191,46300
1277.000000,899583,2192.000000,3.344727,246,246,47026,95,284,193,46549
1282.000000,901052,2192.000000,3.344727,247,247,47254,95,284,193,46777
1287.000000,902148,2192.000000,3.344727,248,248,47442,95,285,193,46964
1292.000000,902993,2192.000000,3.344727,248,248,47570,95,285,193,47092
1297.000000,904273,2192.000000,3.344727,248,248,47770,95,285,193,47292
1302.000000,905772,2192.000000,3.344727,248,248,47996,95,285,193,47518
1307.000000,907282,2192.000000,3.344727,248,248,48218,95,285,193,47740
1312.000000,910168,2192.000000,3.344727,248,248,48357,95,285,195,47877
1317.000000,913301,2192.000000,3.344727,248,248,48522,95,286,195,48041
1322.000000,916192,2192.000000,3.344727,249,249,48621,95,287,196,48138
1328.000000,918427,2192.000000,3.344727,249,249,48746,95,287,196,48263
1333.000000,921555,2192.000000,3.344727,249,249,48911,95,289,196,48426
1338.000000,924674,2192.000000,3.344727,249,249,49080,95,289,196,48595
1343.000000,928657,2192.000000,3.344727,249,249,49214,95,294,198,48722
1348.000000,932324,2192.000000,3.344727,249,249,49363,95,294,198,48871
1353.000000,934564,2192.000000,3.344727,249,249,49495,95,295,199,49001
1358.000000,936381,2192.000000,3.344727,249,249,49601,95,298,199,49104
1364.000000,938892,2192.000000,3.344727,249,249,49720,95,299,199,49222
1369.000000,941476,2192.000000,3.344727,249,249,49900,95,299,200,49401
1374.000000,944948,2192.000000,3.344727,249,249,50025,95,300,201,49524
1379.000000,947377,2192.000000,3.344727,249,249,50245,95,300,201,49744
1384.000000,949428,2192.000000,3.344727,249,249,50513,95,301,202,50010
1389.000000,952677,2192.000000,3.344727,249,249,50701,95,302,202,50197
1394.000000,954320,2192.000000,3.344727,249,249,50843,95,302,204,50337
1399.000000,958062,2192.000000,3.344727,249,249,51069,95,303,204,50562
1404.000000,961755,2192.000000,3.344727,249,249,51286,95,304,205,50777
1410.000000,965497,2192.000000,3.344727,250,250,51520,95,304,206,51010
1415.000000,968688,2192.000000,3.344727,252,252,51666,95,306,207,51153
1420.000000,969147,2192.000000,3.344727,254,254,51722,95,306,207,51209
1426.000000,970226,2192.000000,3.344727,254,254,51821,95,307,207,51307
1431.000000,973734,2192.000000,3.344727,254,254,51966,95,308,207,51451
1436.000000,976653,2192.000000,3.344727,254,254,52157,95,310,207,51640
1441.000000,980525,2192.000000,3.344727,254,254,52338,95,310,208,51820
1446.000000,982874,2192.000000,3.344727,255,255,52524,95,310,208,52006
1451.000000,985654,2192.000000,3.344727,255,255,52780,95,310,209,52261
1456.000000,989111,2192.000000,3.344727,255,255,52974,95,311,210,52453
1461.000000,990260,2192.000000,3.344727,256,256,53071,95,312,210,52549
1466.000000,991881,2192.000000,3.344727,256,256,53305,95,312,210,52783
1472.000000,995080,2192.000000,3.344727,256,256,53534,95,324,210,53000
1477.000000,997472,2192.000000,3.344727,256,256,53726,95,324,210,53192
1482.000000,1000569,2192.000000,3.344727,256,256,53880,95,326,212,53342
1487.000000,1003402,2192.000000,3.344727,256,256,53974,95,326,212,53436
1492.000000,1006651,2192.000000,3.344727,256,256,54139,95,326,212,53601
1497.000000,1008247,2192.000000,3.344727,256,256,54255,95,326,214,53715
1502.000000,1010783,2192.000000,3.344727,256,256,54430,95,326,216,53888
1508.000000,1014226,2192.000000,3.344727,256,256,54617,95,326,218,54073
1513.000000,1017344,2192.000000,3.344727,256,256,54777,95,327,218,54232
1518.000000,1020035,2192.000000,3.344727,256,256,54964,95,328,219,54417
1523.000000,1023068,2192.000000,3.344727,256,256,55142,95,330,220,54592
1528.000000,1024733,2192.000000,3.344727,256,256,55250,95,330,220,54700
1533.000000,1028381,2192.000000,3.344727,256,256,55392,95,330,220,54842
1538.000000,1032097,2192.000000,3.344727,256,256,55543,95,331,220,54992
1543.000000,1035566,2192.000000,3.344727,256,256,55705,95,331,224,55150
1549.000000,1038327,2192.000000,3.344727,256,256,55868,95,331,224,55313
1554.000000,1040119,2192.000000,3.344727,257,257,56059,95,332,224,55503
1559.000000,1043530,2192.000000,3.344727,257,257,56221,95,335,224,55662
1564.000000,1045250,2192.000000,3.344727,257,257,56354,95,335,224,55795
1569.000000,1047953,2192.000000,3.344727,257,257,56546,95,336,225,55985
1574.000000,1051125,2192.000000,3.344727,257,257,56719,95,337,225,56157
1579.000000,1053259,2192.000000,3.344727,258,258,56861,95,337,226,56298
1584.000000,1055622,2192.000000,3.344727,258,258,57089,95,337,226,56526
1589.000000,1058997,2192.000000,3.344727,258,258,57229,95,337,226,56666
1594.000000,1061543,2192.000000,3.344727,258,258,57410,95,337,227,56846
1599.000000,1063145,2192.000000,3.344727,259,259,57548,95,337,227,56984
1605.000000,1066176,2192.000000,3.344727,259,259,57739,95,337,228,57174
1610.000000,1069062,2192.000000,3.344727,259,259,57909,95,340,228,57341
1615.000000,1071073,2192.000000,3.344727,259,259,58118,95,340,228,57550
1620.000000,1074082,2192.000000,3.344727,259,259,58274,95,341,228,57705
1625.000000,1076766,2192.000000,3.344727,259,259,58450,95,343,228,57879
1630.000000,1077838,2192.000000,3.344727,259,259,58549,95,343,228,57978
1635.000000,1080027,2192.000000,3.344727,259,259,58713,95,343,230,58140
1640.000000,1083314,2192.000000,3.344727,259,259,58870,95,343,235,58292
1646.000000,1085833,2192.000000,3.344727,259,259,59083,95,343,235,58505
1651.000000,1088767,2192.000000,3.344727,259,259,59229,95,343,235,58651
1656.000000,1091570,2192.000000,3.344727,259,259,59333,95,343,235,58755
1661.000000,1094551,2192.000000,3.344727,259,259,59486,95,345,235,58906
1666.000000,1095846,2192.000000,3.344727,259,259,59610,95,345,235,59030
1671.000000,1099107,2192.000000,3.344727,259,259,59735,95,347,235,59153
1676.000000,1102331,2192.000000,3.344727,259,259,59904,95,348,236,59320
1681.000000,1104828,2192.000000,3.344727,259,259,60050,95,348,236,59466
1687.000000,1106887,2192.000000,3.344727,259,259,60269,95,348,237,59684
1692.000000,1110410,2192.000000,3.344727,259,259,60441,95,348,240,59853
1698.000000,1112480,2192.000000,3.344727,260,260,60598,95,349,240,60009
1703.000000,1115350,2192.000000,3.344727,260,260,60731,95,349,240,60142
1708.000000,1117808,2192.000000,3.344727,260,260,60886,95,350,240,60296
1713.000000,1120535,2192.000000,3.344727,260,260,61046,95,352,241,60453
1718.000000,1123146,2192.000000,3.344727,260,260,61121,95,353,241,60527
1723.000000,1125139,2192.000000,3.344727,260,260,61236,95,353,241,60642
1728.000000,1127378,2192.000000,3.344727,260,260,61384,95,356,242,60786
1734.000000,1129426,2192.000000,3.344727,260,260,61481,95,357,242,60882
1739.000000,1130741,2192.000000,3.344727,260,260,61634,95,357,242,61035
1744.000000,1132330,2192.000000,3.344727,260,260,61822,95,357,242,61223
1749.000000,1133981,2192.000000,3.344727,260,260,61943,95,357,243,61343
1754.000000,1136224,2192.000000,3.344727,260,260,62057,95,357,243,61457
1759.000000,1138133,2192.000000,3.344727,260,260,62173,95,357,243,61573
1766.000000,1140351,2192.000000,3.344727,260,260,62304,95,357,243,61704
1771.000000,1141995,2192.000000,3.344727,260,260,62435,96,361,245,61829
1776.000000,1143699,2192.000000,3.344727,260,260,62571,96,362,245,61964
1781.000000,1145347,2192.000000,3.344727,260,260,62692,96,362,246,62084
1786.000000,1147666,2192.000000,3.344727,260,260,62795,96,362,247,62186
1791.000000,1149356,2192.000000,3.344727,260,260,62927,96,362,247,62318
1796.000000,1151655,2192.000000,3.344727,260,260,63067,96,362,247,62458
1801.000000,1152658,2192.000000,3.344727,260,260,63137,96,363,247,62527
1806.000000,1155205,2192.000000,3.344727,260,260,63264,96,363,247,62654
1812.000000,1157738,2192.000000,3.344727,260,260,63416,96,363,247,62806
1817.000000,1160329,2192.000000,3.344727,260,260,63518,96,363,247,62908
1822.000000,1163041,2192.000000,3.344727,260,260,63624,96,363,247,63014
1827.000000,1164833,2192.000000,3.344727,260,260,63741,96,364,248,63129
1832.000000,1166184,2192.000000,3.344727,260,260,63829,96,365,248,63216
1837.000000,1167840,2192.000000,3.344727,260,260,63879,96,365,249,63265
1842.000000,1171061,2192.000000,3.344727,261,261,64048,96,366,250,63432
1848.000000,1174377,2192.000000,3.344727,261,261,64235,96,369,252,63614
1853.000000,1176835,2192.000000,3.344727,261,261,64403,96,370,252,63781
1858.000000,1179031,2192.000000,3.344727,261,261,64546,96,371,253,63922
1863.000000,1181011,2192.000000,3.344727,261,261,64638,96,371,254,64013
1868.000000,1182817,2192.000000,3.344727,261,261,64782,96,372,254,64156
1873.000000,1186124,2192.000000,3.344727,261,261,64908,96,373,255,64280
1878.000000,1189709,2192.000000,3.344727,261,261,65052,96,373,257,64422
1884.000000,1193050,2192.000000,3.344727,261,261,65217,96,373,258,64586
1889.000000,1196312,2192.000000,3.344727,261,261,65389,96,374,260,64755
1894.000000,1199388,2192.000000,3.344727,261,261,65566,96,375,260,64931
1899.000000,1202032,2192.000000,3.344727,261,261,65719,96,376,262,65081
1904.000000,1203890,2192.000000,3.344727,261,261,65818,96,377,262,65179
1909.000000,1206756,2192.000000,3.344727,261,261,65950,96,378,263,65309
1914.000000,1210084,2192.000000,3.344727,261,261,66096,96,379,263,65454
1919.000000,1212647,2192.000000,3.344727,261,261,66292,97,380,263,65649
1924.000000,1215469,2192.000000,3.344727,261,261,66487,97,381,263,65843
1929.000000,1219085,2192.000000,3.344727,261,261,66632,97,382,264,65986
1936.000000,1220181,2192.000000,3.344727,261,261,66920,97,383,264,66273
1941.000000,1223034,2192.000000,3.344727,261,261,67055,97,384,264,66407
1946.000000,1225923,2192.000000,3.344727,261,261,67192,97,384,266,66542
1952.000000,1229201,2192.000000,3.344727,261,261,67415,97,385,266,66764
1957.000000,1232313,2192.000000,3.344727,261,261,67588,97,385,266,66937
1962.000000,1234591,2192.000000,3.344727,261,261,67715,97,385,267,67063
1967.000000,1237906,2192.000000,3.344727,261,261,67877,97,386,269,67222
1972.000000,1239542,2192.000000,3.344727,261,261,67975,97,387,269,67319
1977.000000,1241592,2192.000000,3.344727,261,261,68121,97,388,273,67460
1982.000000,1245126,2192.000000,3.344727,261,261,68295,97,389,273,67633
1987.000000,1248165,2192.000000,3.344727,261,261,68457,97,389,273,67795
1993.000000,1251325,2192.000000,3.344727,261,261,68655,97,389,274,67992
1998.000000,1254344,2192.000000,3.344727,261,261,68829,97,389,274,68166
2004.000000,1257067,2192.000000,3.344727,261,261,69030,97,393,275,68362
2009.000000,1259440,2192.000000,3.344727,261,261,69157,97,393,276,68488
2014.000000,1261851,2192.000000,3.344727,261,261,69303,97,394,276,68633
2019.000000,1264593,2192.000000,3.344727,261,261,69436,97,395,277,68764
2024.000000,1267780,2192.000000,3.344727,261,261,69617,97,395,280,68942
2030.000000,1270552,2192.000000,3.344727,261,261,69851,97,395,283,69173
2035.000000,1273360,2192.000000,3.344727,261,261,70034,97,395,284,69355
2040.000000,1275173,2192.000000,3.344727,261,261,70173,97,395,285,69493
2045.000000,1277611,2196.000000,3.350830,262,262,70361,97,396,285,69680
2050.000000,1279837,2196.000000,3.350830,262,262,70572,97,396,286,69890
2055.000000,1282361,2196.000000,3.350830,262,262,70771,97,396,286,70089
2060.000000,1285613,2196.000000,3.350830,262,262,70961,97,396,287,70278
2066.000000,1288763,2196.000000,3.350830,262,262,71164,97,396,288,70480
2072.000000,1291567,2196.000000,3.350830,262,262,71322,97,399,290,70633
2077.000000,1293952,2196.000000,3.350830,262,262,71415,97,399,290,70726
2082.000000,1296813,2196.000000,3.350830,263,263,71528,97,400,290,70838
2087.000000,1299696,2196.000000,3.350830,264,264,71660,97,401,290,70969
2092.000000,1302364,2196.000000,3.350830,264,264,71826,97,401,290,71135
2097.000000,1304710,2196.000000,3.350830,264,264,72015,97,401,290,71324
2102.000000,1307909,2196.000000,3.350830,264,264,72219,97,402,290,71527
2108.000000,1309949,2196.000000,3.350830,264,264,72333,97,403,292,71638
2113.000000,1313123,2196.000000,3.350830,265,265,72495,97,403,292,71800
2118.000000,1315825,2196.000000,3.350830,265,265,72682,97,404,292,71986
2123.000000,1318290,2196.000000,3.350830,265,265,72852,97,405,293,72154
2128.000000,1321207,2196.000000,3.350830,265,265,73041,97,406,293,72342
2133.000000,1323588,2196.000000,3.350830,265,265,73234,97,407,295,72532
2138.000000,1326989,2196.000000,3.350830,265,265,73389,97,409,295,72685
2143.000000,1328213,2196.000000,3.350830,265,265,73481,97,409,298,72774
2149.000000,1330170,2196.000000,3.350830,265,265,73729,97,409,300,73020
2154.000000,1332416,2196.000000,3.350830,265,265,73880,97,410,300,73170
2159.000000,1334516,2196.000000,3.350830,265,265,74096,97,410,302,73384
2164.000000,1336954,2196.000000,3.350830,265,265,74285,97,411,303,73571
2169.000000,1340508,2196.000000,3.350830,265,265,74477,97,411,303,73763
2174.000000,1342792,2196.000000,3.350830,265,265,74582,97,412,304,73866
2179.000000,1345108,2196.000000,3.350830,265,265,74741,97,412,304,74025
2184.000000,1346856,2196.000000,3.350830,265,265,74901,97,412,304,74185
2190.000000,1348784,2196.000000,3.350830,265,265,75177,97,412,304,74461
2195.000000,1352535,2196.000000,3.350830,265,265,75320,97,416,305,74599
2200.000000,1355656,2196.000000,3.350830,265,265,75495,97,419,306,74770
2205.000000,1358571,2196.000000,3.350830,265,265,75656,97,419,307,74930
2210.000000,1360552,2196.000000,3.350830,265,265,75719,97,419,307,74993
2215.000000,1363814,2196.000000,3.350830,265,265,75822,97,419,307,75096
2220.000000,1367061,2196.000000,3.350830,265,265,75994,97,419,309,75266
2226.000000,1370789,2196.000000,3.350830,265,265,76187,97,419,310,75458
2231.000000,1373824,2196.000000,3.350830,265,265,76362,97,419,311,75632
2236.000000,1375927,2196.000000,3.350830,265,265,76563,97,419,311,75833
2242.000000,1378547,2196.000000,3.350830,265,265,76773,97,419,311,76043
2248.000000,1381868,2196.000000,3.350830,265,265,76927,97,421,312,76194
2253.000000,1385618,2196.000000,3.350830,265,265,77082,97,421,312,76349
2258.000000,1388401,2196.000000,3.350830,265,265,77238,97,422,314,76502
2263.000000,1391040,2196.000000,3.350830,265,265,77413,97,422,314,76677
2268.000000,1393349,2196.000000,3.350830,265,265,77548,97,422,314,76812
2273.000000,1395648,2196.000000,3.350830,265,265,77720,97,422,314,76984
2278.000000,1397089,2196.000000,3.350830,265,265,77815,97,422,314,77079
2283.000000,1400224,2196.000000,3.350830,265,265,77990,97,423,316,77251
2288.000000,1403011,2196.000000,3.350830,265,265,78149,97,423,317,77409
2293.000000,1406055,2196.000000,3.350830,265,265,78328,97,423,317,77588
2298.000000,1408751,2196.000000,3.350830,265,265,78492,97,424,317,77751
2303.000000,1411784,2196.000000,3.350830,265,265,78642,97,425,318,77899
2310.000000,1414914,2196.000000,3.350830,265,265,78850,97,426,320,78104
2315.000000,1418060,2196.000000,3.350830,265,265,78958,97,427,320,78211
2320.000000,1419865,2196.000000,3.350830,265,265,79089,97,427,320,78342
2326.000000,1422780,2196.000000,3.350830,265,265,79265,97,433,320,78512
2331.000000,1425710,2196.000000,3.350830,265,265,79414,97,434,321,78659
2336.000000,1430037,2196.000000,3.350830,265,265,79563,97,434,323,78806
2341.000000,1432929,2196.000000,3.350830,265,265,79695,97,436,323,78936
2346.000000,1434435,2196.000000,3.350830,265,265,79814,97,436,323,79055
2351.000000,1437648,2196.000000,3.350830,265,265,79981,97,436,324,79221
2356.000000,1440442,2196.000000,3.350830,265,265,80151,97,436,327,79388
2361.000000,1443817,2196.000000,3.350830,265,265,80319,97,436,327,79556
2366.000000,1446174,2196.000000,3.350830,265,265,80534,97,437,327,79770
2372.000000,1448904,2196.000000,3.350830,265,265,80747,97,438,327,79982
2378.000000,1450894,2196.000000,3.350830,265,265,80925,97,438,327,80160
2384.000000,1454641,2196.000000,3.350830,265,265,81073,98,438,328,80307
2389.000000,1457720,2196.000000,3.350830,265,265,81249,98,438,328,80483
2394.000000,1459902,2196.000000,3.350830,265,265,81478,98,438,328,80712
2399.000000,1462513,2196.000000,3.350830,265,265,81639,98,441,328,80870
2404.000000,1465277,2196.000000,3.350830,266,266,81768,98,441,329,80998
2409.000000,1467919,2196.000000,3.350830,266,266,81914,98,441,330,81143
2414.000000,1469706,2196.000000,3.350830,266,266,82028,98,442,330,81256
2419.000000,1472640,2196.000000,3.350830,266,266,82173,98,443,331,81399
2424.000000,1474598,2196.000000,3.350830,266,266,82318,98,443,331,81544
2430.000000,1478498,2196.000000,3.350830,266,266,82490,98,444,331,81715
2435.000000,1481546,2196.000000,3.350830,266,266,82649,98,446,332,81871
2440.000000,1484194,2196.000000,3.350830,266,266,82827,98,446,333,82048
2446.000000,1487137,2196.000000,3.350830,266,266,83018,98,446,336,82236
2451.000000,1491027,2196.000000,3.350830,266,266,83146,98,446,337,82363
2457.000000,1493911,2196.000000,3.350830,266,266,83360,98,446,337,82577
2462.000000,1496740,2196.000000,3.350830,266,266,83533,98,446,338,82749
2467.000000,1499727,2196.000000,3.350830,266,266,83699,98,447,338,82914
2472.000000,1502112,2196.000000,3.350830,266,266,83854,98,447,339,83068
2477.000000,1505874,2196.000000,3.350830,266,266,84008,98,447,342,83219
2482.000000,1507484,2196.000000,3.350830,266,266,84116,98,447,342,83327
2487.000000,1510793,2196.000000,3.350830,266,266,84260,98,447,342,83471
2492.000000,1514267,2196.000000,3.350830,266,266,84421,98,447,342,83632
2497.000000,1516228,2196.000000,3.350830,266,266,84650,98,450,342,83858
2503.000000,1519571,2196.000000,3.350830,266,266,84854,98,450,342,84062
2508.000000,1522333,2196.000000,3.350830,266,266,85031,98,450,342,84239
2513.000000,1525142,2196.000000,3.350830,266,266,85221,98,450,342,84429
2518.000000,1527052,2196.000000,3.350830,266,266,85309,98,451,342,84516
2523.000000,1530477,2196.000000,3.350830,266,266,85473,98,452,342,84679
2528.000000,1533453,2196.000000,3.350830,266,266,85651,98,453,342,84856
2533.000000,1536666,2196.000000,3.350830,267,267,85796,98,455,343,84998
2538.000000,1539884,2196.000000,3.350830,267,267,85896,98,455,344,85097
2543.000000,1541765,2196.000000,3.350830,267,267,86070,98,455,344,85271
2548.000000,1543747,2196.000000,3.350830,267,267,86236,98,455,344,85437
2553.000000,1546554,2196.000000,3.350830,267,267,86371,98,455,344,85572
2559.000000,1548859,2196.000000,3.350830,267,267,86517,98,456,344,85717
2564.000000,1551165,2196.000000,3.350830,267,267,86714,98,457,344,85913
2569.000000,1553526,2196.000000,3.350830,267,267,86911,98,458,344,86109
2574.000000,1556075,2196.000000,3.350830,267,267,87131,98,458,344,86329
2579.000000,1558925,2196.000000,3.350830,267,267,87294,99,458,345,86491
2584.000000,1560601,2196.000000,3.350830,267,267,87408,99,458,345,86605
2589.000000,1563147,2196.000000,3.350830,267,267,87500,99,458,346,86696
2594.000000,1565231,2196.000000,3.350830,267,267,87658,99,458,346,86854
2599.000000,1568435,2196.000000,3.350830,267,267,87838,99,459,346,87033
2605.000000,1571030,2196.000000,3.350830,267,267,87980,99,460,349,87171
2610.000000,1573907,2196.000000,3.350830,267,267,88151,99,460,349,87342
2615.000000,1576483,2196.000000,3.350830,267,267,88303,99,460,350,87493
2620.000000,1579641,2196.000000,3.350830,267,267,88465,99,460,350,87655
2625.000000,1582235,2196.000000,3.350830,267,267,88628,99,461,352,87815
2630.000000,1585569,2196.000000,3.350830,267,267,88754,99,462,353,87939
2635.000000,1587508,2196.000000,3.350830,267,267,88851,99,462,353,88036
2640.000000,1590399,2196.000000,3.350830,267,267,89020,99,463,353,88204
2645.000000,1593066,2196.000000,3.350830,267,267,89200,99,463,354,88383
2650.000000,1596458,2196.000000,3.350830,267,267,89336,99,469,355,88512
2655.000000,1599598,2196.000000,3.350830,267,267,89528,99,472,355,88701
2660.000000,1602510,2196.000000,3.350830,267,267,89696,99,474,355,88867
2666.000000,1604668,2196.000000,3.350830,267,267,89860,99,474,356,89030
2671.000000,1607702,2196.000000,3.350830,267,267,89979,99,475,356,89148
2677.000000,1609849,2196.000000,3.350830,267,267,90229,99,475,357,89397
2682.000000,1612591,2196.000000,3.350830,267,267,90389,99,475,358,89556
2687.000000,1615335,2196.000000,3.350830,267,267,90567,99,477,359,89731
2692.000000,1617577,2196.000000,3.350830,267,267,90685,99,477,361,89847
2697.000000,1620430,2196.000000,3.350830,267,267,90857,99,477,361,90019
2702.000000,1622577,2196.000000,3.350830,267,267,90960,99,477,361,90122
2707.000000,1625505,2196.000000,3.350830,267,267,91122,99,478,361,90283
2712.000000,1628528,2196.000000,3.350830,267,267,91300,99,479,364,90457
2718.000000,1631373,2196.000000,3.350830,267,267,91487,99,479,366,90642
2723.000000,1633682,2196.000000,3.350830,267,267,91656,99,480,366,90810
2728.000000,1636942,2196.000000,3.350830,267,267,91810,99,480,368,90962
2734.000000,1639440,2196.000000,3.350830,267,267,91946,99,480,368,91098
2740.000000,1641737,2196.000000,3.350830,267,267,92105,99,480,368,91257
2745.000000,1644248,2196.000000,3.350830,267,267,92255,99,483,368,91404
2750.000000,1647417,2196.000000,3.350830,267,267,92412,99,483,368,91561
2755.000000,1649046,2196.000000,3.350830,267,267,92604,99,485,369,91750
2760.000000,1652616,2196.000000,3.350830,267,267,92784,99,485,369,91930
2765.000000,1654785,2196.000000,3.350830,267,267,92925,99,486,369,92070
2770.000000,1656005,2196.000000,3.350830,267,267,92993,99,486,369,92138
2775.000000,1659473,2196.000000,3.350830,267,267,93150,99,486,370,92294
2780.000000,1662224,2196.000000,3.350830,267,267,93320,99,487,372,92461
2786.000000,1665427,2196.000000,3.350830,267,267,93521,100,487,373,92661
2791.000000,1667927,2196.000000,3.350830,268,268,93686,100,487,374,92825
2796.000000,1670232,2196.000000,3.350830,268,268,93839,100,487,374,92978
2802.000000,1672708,2196.000000,3.350830,268,268,94024,100,488,374,93162
2807.000000,1675985,2196.000000,3.350830,268,268,94139,100,489,374,93276
2813.000000,1679312,2196.000000,3.350830,268,268,94340,100,489,374,93477
2818.000000,1681980,2196.000000,3.350830,268,268,94527,100,489,374,93664
2823.000000,1684890,2196.000000,3.350830,268,268,94680,100,489,375,93816
2828.000000,1687117,2196.000000,3.350830,268,268,94857,100,490,376,93991
2833.000000,1690843,2196.000000,3.350830,269,269,94940,100,491,378,94071
2838.000000,1693210,2196.000000,3.350830,269,269,95031,100,491,379,94161
2843.000000,1696355,2196.000000,3.350830,269,269,95181,100,491,380,94310
2848.000000,1699850,2196.000000,3.350830,269,269,95351,100,491,380,94480
2853.000000,1701479,2196.000000,3.350830,269,269,95549,100,492,380,94677
2859.000000,1704076,2196.000000,3.350830,269,269,95725,100,492,380,94853
2864.000000,1706954,2196.000000,3.350830,269,269,95886,100,492,381,95013
2870.000000,1710324,2196.000000,3.350830,269,269,96068,100,492,381,95195
2876.000000,1713053,2196.000000,3.350830,269,269,96230,100,493,381,95356
2881.000000,1716162,2196.000000,3.350830,270,270,96397,100,493,381,95523
2886.000000,1719874,2196.000000,3.350830,270,270,96540,100,494,383,95663
2891.000000,1722751,2196.000000,3.350830,270,270,96704,100,496,384,95824
2896.000000,1726157,2196.000000,3.350830,270,270,96870,100,496,384,95990
2901.000000,1727775,2196.000000,3.350830,270,270,97101,100,496,384,96221
2906.000000,1729847,2196.000000,3.350830,270,270,97184,100,497,385,96302
2911.000000,1732386,2196.000000,3.350830,270,270,97335,100,498,385,96452
2916.000000,1735544,2196.000000,3.350830,270,270,97467,100,499,386,96582
2921.000000,1738215,2196.000000,3.350830,270,270,97646,100,499,388,96759
2926.000000,1740207,2196.000000,3.350830,270,270,97779,100,500,388,96891
2932.000000,1742118,2196.000000,3.350830,270,270,97995,100,500,388,97107
2937.000000,1744703,2196.000000,3.350830,270,270,98191,100,500,389,97302
2942.000000,1746182,2196.000000,3.350830,270,270,98289,100,501,389,97399
2947.000000,1748834,2196.000000,3.350830,270,270,98472,100,501,389,97582
2952.000000,1752320,2196.000000,3.350830,270,270,98599,100,502,389,97708
2957.000000,1756102,2196.000000,3.350830,270,270,98773,100,502,390,97881
2962.000000,1758335,2196.000000,3.350830,270,270,98947,100,505,390,98052
2968.000000,1761162,2196.000000,3.350830,270,270,99174,100,505,392,98277
2973.000000,1764428,2196.000000,3.350830,270,270,99262,100,506,393,98363
2978.000000,1767612,2196.000000,3.350830,270,270,99371,100,507,393,98471
2984.000000,1771406,2196.000000,3.350830,270,270,99541,100,508,394,98639
2989.000000,1773159,2196.000000,3.350830,270,270,99747,100,508,395,98844
2994.000000,1775460,2196.000000,3.350830,270,270,99914,100,508,395,99011
2999.000000,1777855,2196.000000,3.350830,270,270,100060,100,508,396,99156
3004.000000,1780510,2196.000000,3.350830,270,270,100227,100,508,396,99323
3009.000000,1783032,2196.000000,3.350830,270,270,100313,100,508,396,99409
3014.000000,1785099,2196.000000,3.350830,270,270,100471,100,508,396,99567
3019.000000,1788191,2196.000000,3.350830,270,270,100615,100,509,397,99709
3024.000000,1790965,2196.000000,3.350830,270,270,100766,100,510,397,99859
3030.000000,1793194,2196.000000,3.350830,270,270,101010,100,510,398,100102
3035.000000,1795440,2196.000000,3.350830,270,270,101197,100,512,398,100287
3040.000000,1797987,2196.000000,3.350830,270,270,101384,100,513,398,100473
3045.000000,1800228,2196.000000,3.350830,270,270,101495,100,513,398,100584
3050.000000,1802334,2196.000000,3.350830,270,270,101680,100,513,398,100769
3055.000000,1804826,2196.000000,3.350830,270,270,101819,100,514,399,100906
3060.000000,1807522,2196.000000,3.350830,270,270,101981,100,514,401,101066
3065.000000,1810451,2196.000000,3.350830,270,270,102126,100,515,401,101210
3070.000000,1813185,2196.000000,3.350830,270,270,102294,100,517,402,101375
3076.000000,1814857,2196.000000,3.350830,270,270,102495,100,517,403,101575
3081.000000,1817377,2196.000000,3.350830,270,270,102656,100,517,403,101736
3086.000000,1819193,2196.000000,3.350830,270,270,102870,100,517,403,101950
3091.000000,1821159,2196.000000,3.350830,270,270,103079,100,517,404,102158
3096.000000,1823512,2196.000000,3.350830,270,270,103199,100,518,404,102277
3101.000000,1827202,2196.000000,3.350830,270,270,103339,100,518,405,102416
3106.000000,1829180,2196.000000,3.350830,270,270,103495,100,518,405,102572
3111.000000,1830567,2196.000000,3.350830,270,270,103609,100,518,405,102686
3117.000000,1833667,2196.000000,3.350830,270,270,103805,100,518,406,102881
3122.000000,1836310,2196.000000,3.350830,270,270,103973,100,520,407,103046
3127.000000,1838264,2196.000000,3.350830,270,270,104067,100,520,407,103140
3132.000000,1841421,2196.000000,3.350830,270,270,104197,100,522,408,103267
3137.000000,1844156,2196.000000,3.350830,270,270,104349,100,522,408,103419
3142.000000,1847213,2196.000000,3.350830,270,270,104482,100,522,408,103552
3147.000000,1848862,2196.000000,3.350830,270,270,104569,100,523,409,103637
3152.000000,1851617,2196.000000,3.350830,270,270,104706,100,524,411,103771
3158.000000,1853487,2196.000000,3.350830,270,270,104897,100,524,411,103962
3163.000000,1856892,2196.000000,3.350830,270,270,105055,100,524,412,104119
3168.000000,1859868,2196.000000,3.350830,270,270,105215,100,524,413,104278
3173.000000,1862149,2196.000000,3.350830,270,270,105350,100,524,413,104413
3178.000000,1863928,2196.000000,3.350830,270,270,105445,100,525,413,104507
3183.000000,1868210,2196.000000,3.350830,270,270,105555,100,526,413,104616
3188.000000,1870335,2196.000000,3.350830,270,270,105699,100,526,413,104760
3194.000000,1872717,2196.000000,3.350830,270,270,105863,100,526,413,104924
3199.000000,1875669,2196.000000,3.350830,270,270,106027,100,526,413,105088
3204.000000,1878058,2196.000000,3.350830,270,270,106194,100,528,413,105253
3209.000000,1880669,2196.000000,3.350830,270,270,106319,100,529,413,105377
3214.000000,1882079,2196.000000,3.350830,270,270,106412,100,530,413,105469
3219.000000,1884147,2196.000000,3.350830,270,270,106631,100,530,413,105688
3224.000000,1886040,2196.000000,3.350830,270,270,106835,100,532,414,105889
3229.000000,1888510,2196.000000,3.350830,270,270,106997,100,533,415,106049
3234.000000,1890937,2196.000000,3.350830,270,270,107195,100,534,416,106245
3240.000000,1893559,2196.000000,3.350830,270,270,107353,100,534,418,106401
3245.000000,1896349,2196.000000,3.350830,271,271,107495,100,535,419,106541
3250.000000,1898561,2196.000000,3.350830,271,271,107588,100,535,421,106632
3255.000000,1901557,2196.000000,3.350830,271,271,107761,100,535,421,106805
3260.000000,1904009,2196.000000,3.350830,271,271,107896,100,535,421,106940
3265.000000,1906802,2196.000000,3.350830,271,271,108062,100,535,421,107106
3270.000000,1908704,2196.000000,3.350830,271,271,108286,100,535,421,107330
3275.000000,1911511,2196.000000,3.350830,271,271,108448,100,535,422,107491
3281.000000,1914225,2196.000000,3.350830,271,271,108619,100,535,425,107659
3286.000000,1916537,2196.000000,3.350830,271,271,108749,100,535,426,107788
3291.000000,1920448,2196.000000,3.350830,271,271,108901,100,535,427,107939
3296.000000,1922864,2196.000000,3.350830,271,271,109040,100,535,427,108078
3301.000000,1925394,2196.000000,3.350830,271,271,109159,100,535,427,108197
3306.000000,1928990,2196.000000,3.350830,271,271,109319,100,537,428,108354
3312.000000,1931754,2196.000000,3.350830,271,271,109531,100,537,428,108566
3317.000000,1933379,2196.000000,3.350830,271,271,109634,100,537,430,108667
3322.000000,1935301,2196.000000,3.350830,271,271,109867,100,537,430,108900
3327.000000,1936819,2196.000000,3.350830,271,271,109932,100,537,430,108965
3332.000000,1939124,2196.000000,3.350830,271,271,110081,100,537,432,109112
3337.000000,1941756,2196.000000,3.350830,271,271,110237,100,538,432,109267
3342.000000,1944803,2196.000000,3.350830,271,271,110403,100,540,433,109430
3347.000000,1947756,2196.000000,3.350830,271,271,110550,100,540,434,109576
3352.000000,1949083,2196.000000,3.350830,271,271,110653,100,540,435,109678
3357.000000,1951113,2196.000000,3.350830,271,271,110881,100,540,435,109906
3363.000000,1954038,2196.000000,3.350830,271,271,111081,100,541,436,110104
3368.000000,1956560,2196.000000,3.350830,271,271,111266,100,542,436,110288
3373.000000,1959468,2196.000000,3.350830,272,272,111418,100,544,439,110435
3378.000000,1962333,2196.000000,3.350830,272,272,111580,100,547,440,110593
3383.000000,1963513,2196.000000,3.350830,272,272,111696,100,547,440,110709
3388.000000,1966415,2196.000000,3.350830,272,272,111804,100,547,441,110816
3394.000000,1969473,2196.000000,3.350830,272,272,111960,100,549,443,110968
3399.000000,1972326,2196.000000,3.350830,272,272,112115,100,549,443,111123
3404.000000,1975339,2196.000000,3.350830,272,272,112293,100,550,444,111299
3409.000000,1978441,2196.000000,3.350830,273,273,112439,100,550,444,111445
3414.000000,1981493,2196.000000,3.350830,273,273,112578,100,550,444,111584
3419.000000,1983559,2196.000000,3.350830,273,273,112677,100,550,444,111683
3424.000000,1986677,2196.000000,3.350830,274,274,112795,100,550,446,111799
3429.000000,1989570,2196.000000,3.350830,274,274,112961,100,551,446,111964
3434.000000,1992194,2196.000000,3.350830,274,274,113156,100,552,447,112157
3439.000000,1994384,2196.000000,3.350830,274,274,113287,100,552,447,112288
3444.000000,1998119,2196.000000,3.350830,276,276,113435,100,553,448,112434
3450.000000,2001218,2196.000000,3.350830,276,276,113600,100,553,451,112596
3455.000000,2002794,2196.000000,3.350830,276,276,113696,100,553,451,112692
3460.000000,2005202,2196.000000,3.350830,276,276,113811,100,554,451,112806
3465.000000,2008706,2196.000000,3.350830,276,276,113950,100,554,451,112945
3470.000000,2012367,2196.000000,3.350830,276,276,114080,100,555,456,113069
3475.000000,2015324,2196.000000,3.350830,276,276,114223,100,555,457,113211
3480.000000,2018542,2196.000000,3.350830,277,277,114383,100,557,458,113368
3486.000000,2020527,2196.000000,3.350830,277,277,114511,100,557,460,113494
3491.000000,2023325,2196.000000,3.350830,277,277,114661,100,557,461,113643
3496.000000,2026302,2196.000000,3.350830,277,277,114829,100,558,462,113809
3501.000000,2028398,2196.000000,3.350830,277,277,114957,100,559,463,113935
3506.000000,2031015,2196.000000,3.350830,277,277,115114,100,561,463,114090
3511.000000,2035135,2196.000000,3.350830,278,278,115232,100,562,464,114206
3516.000000,2037128,2196.000000,3.350830,278,278,115403,100,562,464,114377
3521.000000,2038497,2196.000000,3.350830,278,278,115499,100,562,464,114473
3526.000000,2041025,2196.000000,3.350830,278,278,115668,100,562,469,114637
3532.000000,2043638,2197.000000,3.352356,279,279,115879,100,562,469,114848
3537.000000,2046483,2197.000000,3.352356,279,279,116079,100,562,469,115048
3542.000000,2049013,2197.000000,3.352356,279,279,116266,100,562,470,115234
3547.000000,2051576,2197.000000,3.352356,279,279,116444,100,562,470,115412
3552.000000,2055079,2197.000000,3.352356,279,279,116607,100,562,471,115574
3557.000000,2056637,2197.000000,3.352356,279,279,116698,100,562,471,115665
3562.000000,2059839,2197.000000,3.352356,279,279,116818,100,562,471,115785
3567.000000,2063032,2197.000000,3.352356,279,279,116966,100,562,471,115933
3573.000000,2066195,2197.000000,3.352356,279,279,117147,100,565,471,116111
3578.000000,2069239,2197.000000,3.352356,279,279,117296,100,565,471,116260
3583.000000,2072294,2197.000000,3.352356,279,279,117464,100,567,471,116426
3588.000000,2074258,2197.000000,3.352356,279,279,117588,100,567,471,116550
3593.000000,2077001,2197.000000,3.352356,279,279,117665,100,567,471,116627
3598.000000,2079909,2197.000000,3.352356,279,279,117829,100,567,471,116791
3603.000000,2082361,2197.000000,3.352356,279,279,118017,100,568,471,116978
3609.000000,2084645,2197.000000,3.352356,279,279,118240,100,568,471,117201
3614.000000,2087190,2197.000000,3.352356,279,279,118346,100,570,471,117305
3619.000000,2090217,2197.000000,3.352356,279,279,118490,100,571,472,117447
3624.000000,2091398,2197.000000,3.352356,279,279,118584,100,573,473,117538
3629.000000,2093909,2197.000000,3.352356,279,279,118761,100,573,473,117715
3634.000000,2096722,2197.000000,3.352356,279,279,118897,100,573,474,117850
3639.000000,2099537,2197.000000,3.352356,279,279,119040,100,573,474,117993
3644.000000,2101748,2197.000000,3.352356,280,280,119186,100,573,474,118139
3650.000000,2104547,2197.000000,3.352356,280,280,119383,100,574,474,118335
3655.000000,2105897,2197.000000,3.352356,280,280,119494,100,574,475,118445
3660.000000,2106530,2204.000000,3.363037,281,281,119664,100,574,475,118615
3665.000000,2108032,2204.000000,3.363037,281,281,119875,100,574,475,118826
3670.000000,2111232,2204.000000,3.363037,281,281,120046,100,574,475,118997
3675.000000,2114208,2204.000000,3.363037,281,281,120188,100,575,475,119138
3680.000000,2116300,2204.000000,3.363037,281,281,120409,100,575,475,119359
3685.000000,2118731,2204.000000,3.363037,281,281,120601,100,575,476,119550
3691.000000,2120944,2204.000000,3.363037,281,281,120792,101,575,476,119741
3696.000000,2122867,2204.000000,3.363037,281,281,120920,101,575,476,119869
3701.000000,2125218,2204.000000,3.363037,281,281,121074,101,576,476,120022
3706.000000,2126744,2204.000000,3.363037,281,281,121240,101,576,477,120187
3712.000000,2127239,2204.000000,3.363037,281,281,121338,101,576,477,120285
3717.000000,2127495,2204.000000,3.363037,281,281,121395,101,576,477,120342
3722.000000,2127738,2204.000000,3.363037,281,281,121449,101,576,477,120396
3727.000000,2128731,2204.000000,3.363037,281,281,121492,101,576,477,120439
3732.000000,2129928,2204.000000,3.363037,281,281,121661,101,576,477,120608
3737.000000,2131762,2204.000000,3.363037,281,281,121767,101,578,477,120712
3742.000000,2133333,2204.000000,3.363037,281,281,121894,101,578,477,120839
3747.000000,2134352,2204.000000,3.363037,281,281,122029,101,578,477,120974
3752.000000,2135688,2204.000000,3.363037,281,281,122130,101,578,477,121075
3757.000000,2137078,2204.000000,3.363037,281,281,122245,101,578,478,121189
3763.000000,2138400,2204.000000,3.363037,281,281,122315,101,578,478,121259
3768.000000,2140397,2204.000000,3.363037,281,281,122399,101,578,480,121341
3773.000000,2142094,2204.000000,3.363037,282,282,122503,101,579,480,121444
3778.000000,2143785,2204.000000,3.363037,282,282,122601,101,579,480,121542
3783.000000,2145126,2204.000000,3.363037,282,282,122714,101,579,481,121654
3788.000000,2146485,2204.000000,3.363037,282,282,122768,101,579,481,121708
3794.000000,2147313,2204.000000,3.363037,282,282,122892,101,579,481,121832
3799.000000,2148089,2204.000000,3.363037,282,282,123037,101,579,481,121977
3804.000000,2150049,2204.000000,3.363037,282,282,123136,101,579,482,122075
3809.000000,2151974,2204.000000,3.363037,282,282,123222,101,580,483,122159
3814.000000,2152994,2204.000000,3.363037,282,282,123338,101,580,483,122275
3819.000000,2153613,2204.000000,3.363037,282,282,123495,101,580,483,122432
3824.000000,2155823,2204.000000,3.363037,282,282,123592,101,580,484,122528
3830.000000,2157059,2204.000000,3.363037,282,282,123659,101,580,484,122595
3835.000000,2158656,2204.000000,3.363037,282,282,123763,101,580,484,122699
3840.000000,2160317,2204.000000,3.363037,282,282,123845,101,580,485,122780
3845.000000,2161677,2204.000000,3.363037,282,282,123928,101,580,486,122862
3850.000000,2163617,2204.000000,3.363037,282,282,124072,101,581,487,123004
3855.000000,2165809,2204.000000,3.363037,282,282,124207,101,581,487,123139
3860.000000,2168464,2204.000000,3.363037,282,282,124336,101,581,488,123267
3865.000000,2170236,2204.000000,3.363037,282,282,124432,101,581,488,123363
3870.000000,2173378,2204.000000,3.363037,282,282,124564,101,583,488,123493
3875.000000,2174573,2204.000000,3.363037,282,282,124747,101,583,490,123674
3880.000000,2176588,2204.000000,3.363037,282,282,124878,101,583,490,123805
3886.000000,2178564,2204.000000,3.363037,282,282,125052,101,584,490,123978
3891.000000,2179979,2204.000000,3.363037,282,282,125204,101,584,491,124129
3897.000000,2181241,2204.000000,3.363037,282,282,125356,101,584,491,124281
3902.000000,2183653,2204.000000,3.363037,282,282,125500,101,584,491,124425
3907.000000,2186064,2204.000000,3.363037,282,282,125630,101,585,491,124554
3912.000000,2187481,2204.000000,3.363037,282,282,125777,101,586,491,124700
3917.000000,2190052,2204.000000,3.363037,282,282,125881,101,589,491,124801
3922.000000,2191909,2204.000000,3.363037,282,282,126050,101,589,491,124970
3927.000000,2194234,2204.000000,3.363037,282,282,126202,101,589,492,125121
3932.000000,2196125,2204.000000,3.363037,282,282,126293,101,589,492,125212
3938.000000,2198252,2204.000000,3.363037,282,282,126438,101,590,494,125354
3943.000000,2200933,2204.000000,3.363037,282,282,126562,101,593,494,125475
3948.000000,2203353,2204.000000,3.363037,282,282,126671,101,593,494,125584
3953.000000,2205670,2204.000000,3.363037,282,282,126734,101,593,496,125645
3958.000000,2207932,2204.000000,3.363037,282,282,126891,101,596,497,125798
3963.000000,2210934,2204.000000,3.363037,282,282,127012,101,596,498,125918
3968.000000,2212603,2204.000000,3.363037,282,282,127084,101,596,498,125990
3973.000000,2214846,2204.000000,3.363037,282,282,127182,101,598,498,126086
3978.000000,2216927,2204.000000,3.363037,282,282,127322,101,598,498,126226
3983.000000,2218730,2204.000000,3.363037,282,282,127448,101,598,499,126351
3989.000000,2221132,2204.000000,3.363037,282,282,127610,101,599,499,126512
3994.000000,2223020,2204.000000,3.363037,282,282,127726,101,600,499,126627
3999.000000,2224528,2204.000000,3.363037,282,282,127840,101,600,499,126741
4004.000000,2226661,2204.000000,3.363037,282,282,127986,101,601,499,126886
4009.000000,2229075,2204.000000,3.363037,282,282,128120,101,602,499,127019
4014.000000,2230683,2204.000000,3.363037,282,282,128314,101,602,499,127213
4019.000000,2232237,2204.000000,3.363037,282,282,128490,101,602,499,127389
4024.000000,2234570,2204.000000,3.363037,282,282,128643,101,602,500,127541
4029.000000,2236524,2204.000000,3.363037,282,282,128792,101,603,500,127689
4034.000000,2238434,2204.000000,3.363037,282,282,128903,101,603,500,127800
4039.000000,2241282,2204.000000,3.363037,282,282,129062,101,603,500,127959
4045.000000,2243502,2204.000000,3.363037,282,282,129154,101,603,500,128051
4050.000000,2245254,2204.000000,3.363037,282,282,129276,101,603,500,128173
4055.000000,2247695,2204.000000,3.363037,282,282,129374,101,605,500,128269
4060.000000,2250012,2204.000000,3.363037,282,282,129514,101,605,500,128409
4067.000000,2252160,2204.000000,3.363037,282,282,129708,101,606,500,128602
4072.000000,2254974,2204.000000,3.363037,282,282,129835,101,606,500,128729
4077.000000,2257074,2204.000000,3.363037,282,282,129966,101,606,502,128858
4082.000000,2258711,2204.000000,3.363037,282,282,130133,101,606,502,129025
4087.000000,2260555,2204.000000,3.363037,282,282,130306,101,606,503,129197
4092.000000,2263235,2204.000000,3.363037,282,282,130436,101,607,505,129324
4097.000000,2265458,2204.000000,3.363037,282,282,130575,101,608,505,129462
4102.000000,2266992,2204.000000,3.363037,282,282,130675,101,608,506,129561
4108.000000,2269961,2204.000000,3.363037,282,282,130831,101,609,507,129715
4113.000000,2272399,2204.000000,3.363037,282,282,130985,101,611,509,129865
4118.000000,2275296,2204.000000,3.363037,282,282,131093,101,611,510,129972
4123.000000,2277760,2204.000000,3.363037,282,282,131222,101,613,510,130099
4128.000000,2279587,2204.000000,3.363037,282,282,131388,101,613,510,130265
4135.000000,2281630,2204.000000,3.363037,282,282,131549,101,615,510,130424
4140.000000,2283479,2204.000000,3.363037,282,282,131692,101,615,510,130567
4145.000000,2286070,2204.000000,3.363037,282,282,131816,101,615,510,130691
4150.000000,2288944,2204.000000,3.363037,282,282,131921,101,616,511,130794
4155.000000,2291359,2204.000000,3.363037,282,282,132031,101,617,511,130903
4160.000000,2294497,2204.000000,3.363037,283,283,132155,101,617,511,131027
4165.000000,2297189,2204.000000,3.363037,283,283,132260,101,617,511,131132
4171.000000,2298567,2204.000000,3.363037,283,283,132384,101,617,512,131255
4176.000000,2300258,2204.000000,3.363037,283,283,132536,101,617,512,131407
4181.000000,2302703,2204.000000,3.363037,283,283,132653,101,617,512,131524
4186.000000,2305059,2211.000000,3.373718,284,284,132797,101,617,513,131667
4191.000000,2307200,2211.000000,3.373718,284,284,132869,101,619,514,131736
4196.000000,2308987,2211.000000,3.373718,284,284,133021,101,619,516,131886
4203.000000,2311514,2211.000000,3.373718,284,284,133142,101,621,517,132004
4208.000000,2313874,2211.000000,3.373718,284,284,133287,101,622,517,132148
4213.000000,2314521,2211.000000,3.373718,284,284,133341,101,622,517,132202
4218.000000,2316867,2211.000000,3.373718,284,284,133445,101,623,517,132305
4223.000000,2319232,2211.000000,3.373718,284,284,133590,101,623,519,132448
4228.000000,2321616,2211.000000,3.373718,284,284,133734,101,624,520,132590
4233.000000,2323897,2211.000000,3.373718,284,284,133866,101,625,521,132720
4238.000000,2325233,2211.000000,3.373718,284,284,133940,101,625,521,132794
4243.000000,2327784,2211.000000,3.373718,284,284,134020,101,625,521,132874
4249.000000,2330145,2211.000000,3.373718,284,284,134129,101,625,523,132981
4254.000000,2332902,2211.000000,3.373718,284,284,134230,101,626,525,133079
4259.000000,2335401,2211.000000,3.373718,284,284,134376,101,627,525,133224
4264.000000,2337796,2211.000000,3.373718,284,284,134526,101,627,525,133374
4271.000000,2340166,2211.000000,3.373718,284,284,134698,101,627,525,133546
4276.000000,2342366,2211.000000,3.373718,284,284,134811,101,627,525,133659
4281.000000,2344435,2211.000000,3.373718,284,284,134969,102,627,525,133817
4286.000000,2346879,2211.000000,3.373718,284,284,135106,102,629,526,133951
4291.000000,2349045,2211.000000,3.373718,284,284,135267,102,629,527,134111
4296.000000,2350888,2211.000000,3.373718,284,284,135405,102,630,528,134247
4301.000000,2352696,2211.000000,3.373718,284,284,135538,102,631,528,134379
4306.000000,2354455,2211.000000,3.373718,284,284,135641,102,632,528,134481
4311.000000,2356666,2211.000000,3.373718,284,284,135767,102,632,528,134607
4317.000000,2359051,2211.000000,3.373718,284,284,135921,102,632,529,134760
4322.000000,2361805,2211.000000,3.373718,284,284,136075,102,634,530,134911
4327.000000,2364521,2211.000000,3.373718,284,284,136207,102,635,531,135041
4332.000000,2367650,2211.000000,3.373718,284,284,136293,102,635,532,135126
4338.000000,2369844,2211.000000,3.373718,284,284,136437,102,636,533,135268
4344.000000,2372475,2211.000000,3.373718,284,284,136548,102,637,533,135378
4349.000000,2374878,2211.000000,3.373718,284,284,136658,102,638,533,135487
4354.000000,2377196,2211.000000,3.373718,285,285,136784,102,641,535,135608
4359.000000,2380188,2211.000000,3.373718,285,285,136892,102,641,535,135716
4364.000000,2382366,2211.000000,3.373718,285,285,137054,102,643,535,135876
4370.000000,2384570,2211.000000,3.373718,285,285,137220,102,643,535,136042
4375.000000,2386319,2211.000000,3.373718,285,285,137300,102,643,535,136122
4380.000000,2388434,2211.000000,3.373718,285,285,137407,102,643,535,136229
4385.000000,2390074,2211.000000,3.373718,285,285,137535,102,643,535,136357
4390.000000,2392520,2211.000000,3.373718,285,285,137621,102,643,536,136442
4395.000000,2394730,2211.000000,3.373718,285,285,137735,102,643,536,136556
4400.000000,2397173,2211.000000,3.373718,285,285,137854,102,645,536,136673
4407.000000,2399427,2211.000000,3.373718,285,285,138004,102,645,536,136823
4412.000000,2402030,2211.000000,3.373718,285,285,138115,102,647,537,136931
4417.000000,2404134,2211.000000,3.373718,285,285,138229,102,647,539,137043
4422.000000,2406885,2211.000000,3.373718,285,285,138354,102,648,539,137167
4427.000000,2409475,2211.000000,3.373718,285,285,138472,102,650,539,137283
4432.000000,2412846,2211.000000,3.373718,285,285,138576,102,652,539,137385
4437.000000,2415078,2211.000000,3.373718,285,285,138708,102,652,539,137517
4442.000000,2415722,2211.000000,3.373718,285,285,138798,102,652,539,137607
4448.000000,2417746,2211.000000,3.373718,285,285,138935,102,655,540,137740
4453.000000,2419053,2211.000000,3.373718,285,285,139159,102,655,540,137964
4458.000000,2420475,2211.000000,3.373718,285,285,139315,102,655,540,138120
4463.000000,2422818,2211.000000,3.373718,285,285,139451,102,655,541,138255
4468.000000,2424126,2211.000000,3.373718,285,285,139623,102,655,541,138427
4473.000000,2425660,2211.000000,3.373718,285,285,139768,102,656,541,138571
4478.000000,2427567,2211.000000,3.373718,285,285,139832,102,657,541,138634
4483.000000,2429344,2211.000000,3.373718,285,285,139996,102,658,541,138797
4488.000000,2431742,2211.000000,3.373718,285,285,140149,102,658,543,138948
4493.000000,2434142,2211.000000,3.373718,285,285,140301,102,658,543,139100
4499.000000,2435885,2211.000000,3.373718,285,285,140495,102,658,543,139294
4504.000000,2438421,2211.000000,3.373718,285,285,140648,102,658,543,139447
4510.000000,2439299,2211.000000,3.373718,285,285,140724,102,658,543,139523
4515.000000,2440766,2211.000000,3.373718,285,285,140880,102,658,543,139679
4520.000000,2443325,2211.000000,3.373718,285,285,140989,102,658,544,139787
4525.000000,2445888,2211.000000,3.373718,285,285,141147,102,658,544,139945
4530.000000,2448126,2211.000000,3.373718,285,285,141267,102,659,545,140063
4535.000000,2450336,2211.000000,3.373718,285,285,141393,102,659,545,140189
4540.000000,2452152,2211.000000,3.373718,285,285,141515,102,659,545,140311
4545.000000,2453764,2211.000000,3.373718,285,285,141596,102,660,545,140391
4551.000000,2456090,2211.000000,3.373718,285,285,141740,102,662,546,140532
4556.000000,2458388,2211.000000,3.373718,285,285,141891,102,662,546,140683
4561.000000,2460671,2211.000000,3.373718,285,285,142017,102,662,547,140808
4566.000000,2462528,2211.000000,3.373718,285,285,142154,102,662,548,140944
4571.000000,2465630,2211.000000,3.373718,285,285,142270,102,663,549,141058
4576.000000,2467957,2211.000000,3.373718,285,285,142368,102,663,549,141156
4581.000000,2469593,2211.000000,3.373718,285,285,142473,102,663,549,141261
4586.000000,2472222,2211.000000,3.373718,285,285,142599,102,663,549,141387
4591.000000,2474099,2211.000000,3.373718,285,285,142754,102,664,549,141541
4596.000000,2477234,2211.000000,3.373718,285,285,142858,102,665,549,141644
4601.000000,2479213,2211.000000,3.373718,285,285,142968,102,665,549,141754
4606.000000,2480952,2211.000000,3.373718,285,285,143082,102,667,549,141866
4613.000000,2482966,2211.000000,3.373718,285,285,143255,102,668,549,142038
4618.000000,2485352,2211.000000,3.373718,285,285,143378,102,668,549,142161
4623.000000,2487294,2211.000000,3.373718,285,285,143554,102,668,549,142337
4628.000000,2489859,2211.000000,3.373718,285,285,143696,102,668,549,142479
4633.000000,2492470,2211.000000,3.373718,285,285,143819,102,668,549,142602
4638.000000,2494340,2211.000000,3.373718,285,285,143984,102,668,550,142766
4643.000000,2496160,2211.000000,3.373718,285,285,144102,102,668,551,142883
4649.000000,2497740,2211.000000,3.373718,285,285,144231,102,668,551,143012
4654.000000,2499923,2211.000000,3.373718,285,285,144365,102,668,551,143146
4659.000000,2502061,2211.000000,3.373718,285,285,144497,102,668,551,143278
4664.000000,2504884,2211.000000,3.373718,285,285,144633,102,668,551,143414
4669.000000,2507194,2211.000000,3.373718,285,285,144758,102,670,552,143536
4674.000000,2510124,2211.000000,3.373718,285,285,144873,102,671,553,143649
4679.000000,2512551,2211.000000,3.373718,285,285,145007,102,671,553,143783
4684.000000,2514772,2211.000000,3.373718,285,285,145158,102,672,553,143933
4689.000000,2517493,2211.000000,3.373718,285,285,145302,102,674,554,144074
4694.000000,2519845,2211.000000,3.373718,285,285,145409,102,674,556,144179
4699.000000,2521287,2211.000000,3.373718,285,285,145464,102,674,556,144234
4704.000000,2523367,2211.000000,3.373718,285,285,145596,102,675,557,144364
4709.000000,2525357,2211.000000,3.373718,285,285,145735,102,675,557,144503
4715.000000,2527388,2211.000000,3.373718,285,285,145911,102,676,557,144678
4720.000000,2529399,2211.000000,3.373718,285,285,146015,102,678,557,144780
4725.000000,2532534,2211.000000,3.373718,285,285,146142,102,678,557,144907
4732.000000,2534752,2211.000000,3.373718,285,285,146314,102,678,558,145078
4737.000000,2536255,2211.000000,3.373718,285,285,146495,102,678,558,145259
4742.000000,2538968,2211.000000,3.373718,285,285,146602,102,679,558,145365
4747.000000,2540718,2211.000000,3.373718,285,285,146727,102,679,558,145490
4752.000000,2542119,2211.000000,3.373718,285,285,146907,102,679,558,145670
4757.000000,2544194,2211.000000,3.373718,285,285,147074,102,680,560,145834
4762.000000,2546620,2211.000000,3.373718,285,285,147213,102,681,560,145972
4768.000000,2547816,2211.000000,3.373718,285,285,147354,102,681,560,146113
4773.000000,2549590,2211.000000,3.373718,285,285,147478,102,682,560,146236
4778.000000,2552084,2211.000000,3.373718,285,285,147594,102,683,561,146350
4783.000000,2554088,2211.000000,3.373718,285,285,147745,102,683,561,146501
4788.000000,2556292,2211.000000,3.373718,285,285,147852,102,683,561,146608
4793.000000,2559149,2211.000000,3.373718,285,285,147965,102,685,562,146718
4800.000000,2561959,2211.000000,3.373718,285,285,148136,102,685,562,146889
4805.000000,2563921,2211.000000,3.373718,285,285,148251,102,686,562,147003
4811.000000,2566153,2211.000000,3.373718,285,285,148409,102,689,562,147158
4816.000000,2569038,2211.000000,3.373718,285,285,148534,102,689,562,147283
4821.000000,2571220,2211.000000,3.373718,285,285,148665,102,689,562,147414
4826.000000,2573050,2211.000000,3.373718,285,285,148827,102,689,562,147576
4831.000000,2575460,2211.000000,3.373718,285,285,148965,102,692,562,147711
4836.000000,2577039,2211.000000,3.373718,285,285,149043,102,693,564,147786
4841.000000,2578140,2211.000000,3.373718,285,285,149199,102,693,564,147942
4847.000000,2580595,2211.000000,3.373718,285,285,149404,102,693,564,148147
4852.000000,2583368,2211.000000,3.373718,285,285,149523,102,695,564,148264
4857.000000,2585593,2211.000000,3.373718,285,285,149659,102,697,564,148398
4862.000000,2588340,2211.000000,3.373718,285,285,149804,102,697,565,148542
4869.000000,2590412,2211.000000,3.373718,285,285,149969,102,697,565,148707
4874.000000,2592921,2211.000000,3.373718,285,285,150077,102,697,566,148814
4879.000000,2594915,2211.000000,3.373718,285,285,150175,102,700,566,148909
4884.000000,2596999,2211.000000,3.373718,285,285,150342,102,702,566,149074
4889.000000,2599180,2211.000000,3.373718,285,285,150496,102,703,567,149226
4894.000000,2601204,2211.000000,3.373718,285,285,150607,102,703,567,149337
4899.000000,2604471,2211.000000,3.373718,285,285,150705,102,703,567,149435
4904.000000,2605748,2211.000000,3.373718,285,285,150772,102,703,567,149502
4909.000000,2608714,2211.000000,3.373718,285,285,150895,102,703,567,149625
4914.000000,2610640,2211.000000,3.373718,285,285,151005,102,703,567,149735
4919.000000,2612935,2211.000000,3.373718,285,285,151135,102,704,569,149862
4924.000000,2615051,2211.000000,3.373718,285,285,151274,102,704,569,150001
4930.000000,2618120,2211.000000,3.373718,285,285,151425,102,706,570,150149
4935.000000,2620795,2211.000000,3.373718,285,285,151549,102,706,570,150273
4940.000000,2622525,2211.000000,3.373718,285,285,151623,102,708,572,150343
4945.000000,2624472,2211.000000,3.373718,285,285,151770,102,708,574,150488
4950.000000,2627331,2211.000000,3.373718,285,285,151880,102,708,574,150598
4955.000000,2628283,2211.000000,3.373718,285,285,151953,102,708,574,150671
4960.000000,2630153,2211.000000,3.373718,285,285,152071,102,708,574,150789
4965.000000,2632374,2211.000000,3.373718,285,285,152192,102,710,574,150908
4972.000000,2634527,2211.000000,3.373718,285,285,152340,102,712,574,151054
4977.000000,2637003,2211.000000,3.373718,285,285,152466,102,713,575,151178
4982.000000,2639883,2211.000000,3.373718,285,285,152591,102,713,575,151303
4987.000000,2642923,2211.000000,3.373718,285,285,152691,102,715,575,151401
4992.000000,2645591,2211.000000,3.373718,285,285,152827,102,717,575,151535
4997.000000,2647862,2211.000000,3.373718,285,285,152934,102,717,576,151641
5002.000000,2649955,2211.000000,3.373718,285,285,153041,102,717,576,151748
5007.000000,2652033,2211.000000,3.373718,285,285,153146,102,718,577,151851
5013.000000,2653668,2211.000000,3.373718,285,285,153343,102,719,577,152047
5018.000000,2656873,2211.000000,3.373718,285,285,153456,102,723,577,152156
5023.000000,2660148,2211.000000,3.373718,285,285,153571,102,726,578,152267
5028.000000,2662143,2211.000000,3.373718,285,285,153709,102,727,579,152403
5033.000000,2664169,2211.000000,3.373718,285,285,153833,102,729,579,152525
5038.000000,2665006,2211.000000,3.373718,285,285,154000,102,729,579,152692
5043.000000,2666642,2211.000000,3.373718,285,285,154093,102,729,579,152785
5049.000000,2669089,2211.000000,3.373718,285,285,154253,102,732,579,152942
5054.000000,2671810,2211.000000,3.373718,285,285,154370,102,732,580,153058
5059.000000,2673982,2211.000000,3.373718,285,285,154477,102,733,580,153164
5064.000000,2676624,2211.000000,3.373718,285,285,154566,102,733,580,153253
5069.000000,2678229,2211.000000,3.373718,285,285,154694,102,733,580,153381
5075.000000,2679693,2211.000000,3.373718,285,285,154817,102,734,580,153503
5080.000000,2681732,2211.000000,3.373718,285,285,154905,102,736,581,153588
5085.000000,2683076,2211.000000,3.373718,285,285,155119,102,736,581,153802
5090.000000,2685098,2211.000000,3.373718,285,285,155285,102,736,581,153968
5095.000000,2686922,2211.000000,3.373718,285,285,155440,102,736,581,154123
5100.000000,2688060,2211.000000,3.373718,285,285,155539,102,736,581,154222
5105.000000,2690346,2211.000000,3.373718,285,285,155647,102,736,581,154330
5110.000000,2691434,2211.000000,3.373718,285,285,155689,102,737,581,154371
5115.000000,2693530,2211.000000,3.373718,285,285,155806,102,739,581,154486
5120.000000,2696294,2211.000000,3.373718,285,285,155930,102,743,581,154606
5125.000000,2698175,2211.000000,3.373718,285,285,156072,102,743,584,154745
5130.000000,2700906,2211.000000,3.373718,285,285,156213,102,743,584,154886
5135.000000,2703096,2211.000000,3.373718,285,285,156329,102,743,584,155002
5141.000000,2705081,2211.000000,3.373718,285,285,156500,102,743,584,155173
5146.000000,2706530,2211.000000,3.373718,285,285,156569,102,745,584,155240
5151.000000,2708892,2211.000000,3.373718,285,285,156691,102,745,584,155362
5156.000000,2711163,2211.000000,3.373718,285,285,156843,102,745,585,155513
5161.000000,2712399,2211.000000,3.373718,285,285,157018,102,746,585,155687
5166.000000,2714612,2211.000000,3.373718,285,285,157159,102,746,585,155828
5171.000000,2716765,2211.000000,3.373718,285,285,157310,102,746,586,155978
5177.000000,2718601,2211.000000,3.373718,285,285,157450,102,746,587,156117
5182.000000,2721520,2211.000000,3.373718,285,285,157530,102,746,587,156197
5187.000000,2724439,2211.000000,3.373718,285,285,157647,102,748,588,156311
5193.000000,2726325,2211.000000,3.373718,285,285,157818,102,748,588,156482
5198.000000,2728238,2211.000000,3.373718,285,285,157948,102,748,589,156611
5203.000000,2730337,2211.000000,3.373718,285,285,158082,102,750,589,156743
5208.000000,2731814,2211.000000,3.373718,285,285,158300,102,750,589,156961
5213.000000,2732934,2211.000000,3.373718,285,285,158365,102,751,590,157024
5218.000000,2734878,2211.000000,3.373718,285,285,158486,102,751,590,157145
5223.000000,2737800,2211.000000,3.373718,285,285,158599,102,753,590,157256
5228.000000,2740868,2211.000000,3.373718,285,285,158710,102,754,591,157365
5233.000000,2743349,2211.000000,3.373718,285,285,158818,102,757,592,157469
5239.000000,2745799,2211.000000,3.373718,285,285,158962,102,757,592,157613
5244.000000,2747986,2211.000000,3.373718,285,285,159088,102,757,592,157739
5249.000000,2749339,2211.000000,3.373718,285,285,159163,102,757,593,157813
5254.000000,2751780,2211.000000,3.373718,285,285,159308,102,760,593,157955
5259.000000,2754158,2211.000000,3.373718,285,285,159401,102,762,593,158046
5265.000000,2756441,2211.000000,3.373718,285,285,159555,102,762,593,158200
5270.000000,2759238,2211.000000,3.373718,285,285,159690,102,765,593,158332
5275.000000,2761875,2211.000000,3.373718,285,285,159796,102,768,593,158435
5280.000000,2763014,2211.000000,3.373718,285,285,159924,102,770,596,158558
5285.000000,2765947,2211.000000,3.373718,285,285,160029,102,771,596,158662
5290.000000,2768415,2211.000000,3.373718,286,286,160160,102,772,596,158792
5295.000000,2770125,2211.000000,3.373718,286,286,160304,102,773,596,158935
5301.000000,2772417,2211.000000,3.373718,286,286,160486,102,775,596,159115
5306.000000,2774914,2211.000000,3.373718,286,286,160591,102,775,596,159220
5311.000000,2778033,2211.000000,3.373718,286,286,160678,102,778,596,159304
5316.000000,2779478,2211.000000,3.373718,286,286,160748,102,778,596,159374
5321.000000,2781802,2211.000000,3.373718,286,286,160873,102,778,596,159499
5326.000000,2784228,2211.000000,3.373718,286,286,160977,102,778,596,159603
5332.000000,2787505,2211.000000,3.373718,286,286,161119,102,778,598,159743
5337.000000,2790187,2211.000000,3.373718,286,286,161251,102,780,599,159872
5342.000000,2792639,2211.000000,3.373718,286,286,161380,102,781,599,160000
5348.000000,2794504,2211.000000,3.373718,286,286,161534,102,781,601,160152
5353.000000,2796551,2211.000000,3.373718,286,286,161624,102,782,601,160241
5358.000000,2798889,2211.000000,3.373718,286,286,161745,102,782,601,160362
5364.000000,2801515,2211.000000,3.373718,286,286,161876,102,782,601,160493
5369.000000,2803948,2211.000000,3.373718,286,286,161997,102,782,602,160613
5374.000000,2805818,2211.000000,3.373718,286,286,162148,102,782,602,160764
5379.000000,2807872,2211.000000,3.373718,286,286,162314,102,784,602,160928
5384.000000,2808816,2211.000000,3.373718,286,286,162397,102,784,603,161010
5389.000000,2811648,2211.000000,3.373718,286,286,162535,102,785,604,161146
5394.000000,2813747,2211.000000,3.373718,286,286,162641,102,787,604,161250
5400.000000,2814878,2211.000000,3.373718,286,286,162783,102,787,604,161392
5405.000000,2816388,2211.000000,3.373718,286,286,162871,102,787,604,161480
5410.000000,2818607,2211.000000,3.373718,286,286,162957,102,787,604,161566
5415.000000,2820509,2211.000000,3.373718,286,286,163085,102,787,604,161694
5420.000000,2821857,2211.000000,3.373718,286,286,163176,102,787,604,161785
5425.000000,2824168,2211.000000,3.373718,286,286,163324,102,788,604,161932
5430.000000,2825445,2211.000000,3.373718,286,286,163435,102,788,604,162043
5435.000000,2827607,2211.000000,3.373718,286,286,163550,102,789,604,162157
5440.000000,2830274,2211.000000,3.373718,286,286,163680,102,789,604,162287
5445.000000,2833215,2211.000000,3.373718,286,286,163788,102,791,605,162392
5451.000000,2835503,2211.000000,3.373718,286,286,163904,102,791,605,162508
5457.000000,2837285,2211.000000,3.373718,286,286,164052,102,791,606,162655
5462.000000,2838671,2211.000000,3.373718,286,286,164208,102,791,607,162810
5467.000000,2840596,2211.000000,3.373718,286,286,164370,102,791,607,162972
5472.000000,2843036,2211.000000,3.373718,286,286,164514,102,791,607,163116
5477.000000,2845347,2211.000000,3.373718,286,286,164669,102,792,607,163270
5482.000000,2846831,2211.000000,3.373718,286,286,164839,102,792,607,163440
5487.000000,2848854,2211.000000,3.373718,286,286,164940,102,792,607,163541
5493.000000,2851085,2211.000000,3.373718,286,286,165101,102,792,613,163696
5498.000000,2853339,2211.000000,3.373718,286,286,165214,102,792,613,163809
5503.000000,2855700,2211.000000,3.373718,286,286,165334,102,792,614,163928
5508.000000,2858456,2211.000000,3.373718,286,286,165463,102,793,614,164056
5513.000000,2861325,2211.000000,3.373718,286,286,165566,102,795,614,164157
5518.000000,2863233,2211.000000,3.373718,286,286,165656,102,796,614,164246
5523.000000,2864468,2211.000000,3.373718,286,286,165723,102,797,614,164312
5528.000000,2866739,2211.000000,3.373718,286,286,165843,102,797,614,164432
5533.000000,2869196,2211.000000,3.373718,286,286,165984,102,798,614,164572
5538.000000,2872055,2211.000000,3.373718,286,286,166115,102,799,617,164699
5544.000000,2875013,2211.000000,3.373718,286,286,166254,102,800,617,164837
5549.000000,2877068,2211.000000,3.373718,286,286,166386,102,800,617,164969
5554.000000,2878523,2211.000000,3.373718,286,286,166491,102,800,618,165073
5559.000000,2880933,2211.000000,3.373718,286,286,166582,102,801,618,165163
5565.000000,2884253,2211.000000,3.373718,286,286,166713,102,801,619,165293
5570.000000,2886379,2211.000000,3.373718,286,286,166845,102,801,619,165425
5575.000000,2888100,2211.000000,3.373718,286,286,166972,102,803,619,165550
5580.000000,2890128,2211.000000,3.373718,286,286,167087,102,803,619,165665
5585.000000,2891499,2211.000000,3.373718,286,286,167257,102,803,619,165835
5590.000000,2892773,2211.000000,3.373718,286,286,167379,102,803,619,165957
5595.000000,2894315,2211.000000,3.373718,286,286,167489,102,804,619,166066
5600.000000,2897166,2211.000000,3.373718,286,286,167620,102,806,619,166195
5605.000000,2899567,2211.000000,3.373718,286,286,167777,102,807,619,166351
5610.000000,2901075,2211.000000,3.373718,286,286,167981,102,808,619,166554
5615.000000,2902310,2211.000000,3.373718,286,286,168115,102,808,620,166687
5621.000000,2904767,2211.000000,3.373718,286,286,168270,102,808,620,166842
5626.000000,2905972,2211.000000,3.373718,286,286,168328,102,809,621,166898
5631.000000,2907687,2211.000000,3.373718,286,286,168461,102,809,621,167031
5636.000000,2909598,2211.000000,3.373718,286,286,168591,102,810,621,167160
5641.000000,2911606,2211.000000,3.373718,286,286,168764,102,811,621,167332
5646.000000,2913110,2211.000000,3.373718,286,286,168898,102,811,621,167466
5651.000000,2915032,2211.000000,3.373718,286,286,169002,102,815,621,167566
5657.000000,2916455,2211.000000,3.373718,286,286,169118,102,815,621,167682
5662.000000,2918278,2211.000000,3.373718,286,286,169238,102,815,621,167802
5667.000000,2919774,2211.000000,3.373718,286,286,169346,102,815,621,167910
5672.000000,2921420,2211.000000,3.373718,286,286,169445,102,815,621,168009
5678.000000,2923042,2211.000000,3.373718,286,286,169530,102,815,621,168094
5683.000000,2924940,2211.000000,3.373718,286,286,169637,102,815,621,168201
5688.000000,2927738,2211.000000,3.373718,286,286,169729,102,816,621,168292
5693.000000,2929123,2211.000000,3.373718,286,286,169803,102,816,621,168366
5698.000000,2930959,2211.000000,3.373718,286,286,169892,102,816,621,168455
5703.000000,2933111,2211.000000,3.373718,286,286,169997,102,818,622,168557
5708.000000,2935262,2211.000000,3.373718,286,286,170096,102,818,622,168656
5713.000000,2936916,2211.000000,3.373718,286,286,170218,102,819,622,168777
5719.000000,2937920,2211.000000,3.373718,286,286,170416,102,819,622,168975
5725.000000,2939671,2211.000000,3.373718,286,286,170532,102,819,622,169091
5730.000000,2942254,2211.000000,3.373718,286,286,170571,102,820,623,169128
5735.000000,2944237,2211.000000,3.373718,286,286,170652,102,821,624,169207
5740.000000,2946244,2211.000000,3.373718,286,286,170772,102,822,624,169326
5745.000000,2947291,2211.000000,3.373718,286,286,170856,102,822,625,169409
5750.000000,2949235,2211.000000,3.373718,286,286,170950,102,822,625,169503
5755.000000,2951454,2211.000000,3.373718,286,286,171024,102,822,625,169577
5760.000000,2952281,2211.000000,3.373718,286,286,171105,102,822,625,169658
5765.000000,2954278,2211.000000,3.373718,286,286,171173,102,823,626,169724
5771.000000,2956049,2211.000000,3.373718,286,286,171289,102,826,627,169836
5776.000000,2957379,2211.000000,3.373718,286,286,171365,102,827,627,169911
5781.000000,2959960,2211.000000,3.373718,286,286,171469,102,829,627,170013
5786.000000,2962476,2211.000000,3.373718,286,286,171568,102,830,628,170110
5791.000000,2965331,2211.000000,3.373718,286,286,171667,102,831,628,170208
5796.000000,2967141,2211.000000,3.373718,286,286,171739,102,831,628,170280
5801.000000,2970026,2211.000000,3.373718,286,286,171875,102,831,629,170415
5807.000000,2972092,2211.000000,3.373718,286,286,171988,102,833,629,170526
5812.000000,2975011,2211.000000,3.373718,286,286,172080,102,834,629,170617
5817.000000,2977244,2211.000000,3.373718,286,286,172210,102,834,630,170746
5822.000000,2979041,2211.000000,3.373718,286,286,172403,102,834,631,170938
5827.000000,2980682,2211.000000,3.373718,286,286,172496,102,834,632,171030
5832.000000,2981917,2211.000000,3.373718,286,286,172606,102,834,632,171140
5837.000000,2983502,2211.000000,3.373718,286,286,172755,102,834,632,171289
5842.000000,2985108,2211.000000,3.373718,286,286,172909,102,834,632,171443
5847.000000,2987520,2211.000000,3.373718,286,286,173068,102,834,633,171601
5853.000000,2990440,2211.000000,3.373718,286,286,173221,102,835,634,171752
5858.000000,2992143,2211.000000,3.373718,286,286,173376,102,835,634,171907
5863.000000,2993216,2211.000000,3.373718,286,286,173489,102,835,634,172020
5868.000000,2995669,2211.000000,3.373718,286,286,173609,102,835,635,172139
5873.000000,2998010,2211.000000,3.373718,286,286,173739,102,835,635,172269
5878.000000,3000854,2211.000000,3.373718,286,286,173874,102,836,636,172402
5883.000000,3003476,2211.000000,3.373718,286,286,174002,102,837,638,172527
5888.000000,3005855,2211.000000,3.373718,286,286,174138,102,838,639,172661
5893.000000,3007752,2211.000000,3.373718,286,286,174242,102,838,640,172764
5898.000000,3008744,2211.000000,3.373718,286,286,174347,102,838,640,172869
5903.000000,3011846,2211.000000,3.373718,286,286,174449,102,838,640,172971
5908.000000,3012782,2211.000000,3.373718,286,286,174625,102,839,640,173146
5913.000000,3015713,2211.000000,3.373718,286,286,174747,102,841,640,173266
5919.000000,3018497,2211.000000,3.373718,286,286,174898,102,841,641,173416
5924.000000,3019503,2211.000000,3.373718,287,287,174983,102,841,642,173500
5929.000000,3020908,2211.000000,3.373718,287,287,175105,102,842,642,173621
5934.000000,3023723,2211.000000,3.373718,287,287,175212,102,842,643,173727
5939.000000,3025989,2211.000000,3.373718,287,287,175346,102,842,643,173861
5944.000000,3028919,2211.000000,3.373718,287,287,175476,102,842,645,173989
5950.000000,3030946,2211.000000,3.373718,287,287,175642,102,842,645,174155
5955.000000,3033747,2211.000000,3.373718,287,287,175765,102,842,645,174278
5960.000000,3035591,2211.000000,3.373718,287,287,175907,102,843,645,174419
5965.000000,3037101,2211.000000,3.373718,287,287,175984,102,843,647,174494
5970.000000,3038753,2211.000000,3.373718,287,287,176111,102,844,647,174620
5975.000000,3041198,2211.000000,3.373718,287,287,176190,102,844,648,174698
5980.000000,3043185,2211.000000,3.373718,287,287,176296,102,844,648,174804
5985.000000,3044881,2211.000000,3.373718,287,287,176427,102,844,648,174935
5990.000000,3047110,2211.000000,3.373718,287,287,176570,102,844,649,175077
5997.000000,3049858,2211.000000,3.373718,287,287,176740,102,846,650,175244
6002.000000,3051930,2211.000000,3.373718,287,287,176890,102,846,651,175393
6007.000000,3054477,2211.000000,3.373718,287,287,177024,102,848,651,175525
6012.000000,3056509,2211.000000,3.373718,287,287,177163,102,850,652,175661
6017.000000,3058860,2211.000000,3.373718,287,287,177295,102,851,652,175792
6022.000000,3061424,2211.000000,3.373718,287,287,177437,102,852,652,175933
6027.000000,3064317,2211.000000,3.373718,287,287,177536,102,852,652,176032
6032.000000,3065429,2211.000000,3.373718,287,287,177652,102,852,653,176147
6037.000000,3067709,2211.000000,3.373718,287,287,177797,102,852,654,176291
6042.000000,3070853,2211.000000,3.373718,287,287,177894,102,853,655,176386
6048.000000,3073235,2211.000000,3.373718,287,287,178049,102,855,655,176539
6053.000000,3075348,2211.000000,3.373718,287,287,178202,102,856,656,176690
6058.000000,3076326,2211.000000,3.373718,287,287,178259,102,856,656,176747
6063.000000,3077525,2211.000000,3.373718,287,287,178337,102,856,656,176825
6068.000000,3078682,2211.000000,3.373718,287,287,178433,102,856,656,176921
6073.000000,3080553,2211.000000,3.373718,287,287,178554,102,856,656,177042
6078.000000,3082161,2211.000000,3.373718,287,287,178670,102,856,656,177158
6083.000000,3084367,2211.000000,3.373718,287,287,178825,102,856,656,177313
6088.000000,3086674,2211.000000,3.373718,287,287,178971,102,859,656,177456
6094.000000,3088849,2211.000000,3.373718,287,287,179120,102,861,656,177603
6099.000000,3090339,2211.000000,3.373718,287,287,179216,102,861,657,177698
6104.000000,3093073,2211.000000,3.373718,287,287,179321,102,864,657,177800
6109.000000,3094428,2211.000000,3.373718,287,287,179458,102,865,658,177935
6114.000000,3096359,2211.000000,3.373718,287,287,179570,102,865,659,178046
6119.000000,3098593,2211.000000,3.373718,287,287,179707,102,866,659,178182
6124.000000,3100709,2211.000000,3.373718,287,287,179861,102,866,659,178336
6129.000000,3101984,2211.000000,3.373718,287,287,180046,102,867,660,178519
6134.000000,3103322,2211.000000,3.373718,287,287,180151,102,867,660,178624
6139.000000,3105624,2211.000000,3.373718,287,287,180302,102,867,660,178775
6145.000000,3107491,2211.000000,3.373718,287,287,180466,102,867,660,178939
6150.000000,3110179,2211.000000,3.373718,287,287,180617,102,868,660,179089
6155.000000,3112319,2211.000000,3.373718,287,287,180764,102,868,660,179236
6160.000000,3113998,2211.000000,3.373718,287,287,180902,102,870,660,179372
6166.000000,3115335,2211.000000,3.373718,287,287,181059,102,870,660,179529
6172.000000,3118073,2211.000000,3.373718,287,287,181186,102,870,660,179656
6177.000000,3120494,2211.000000,3.373718,287,287,181311,102,871,660,179780
6182.000000,3123129,2211.000000,3.373718,287,287,181434,102,871,662,179901
6187.000000,3125321,2211.000000,3.373718,287,287,181576,102,871,663,180042
6192.000000,3127388,2211.000000,3.373718,287,287,181709,102,871,663,180175
6197.000000,3129264,2211.000000,3.373718,287,287,181842,102,871,663,180308
6203.000000,3131393,2211.000000,3.373718,287,287,181950,102,871,663,180416
6208.000000,3134393,2211.000000,3.373718,287,287,182068,102,871,663,180534
6213.000000,3136643,2211.000000,3.373718,287,287,182211,102,871,663,180677
6218.000000,3138143,2211.000000,3.373718,287,287,182364,102,872,664,180828
6223.000000,3140168,2211.000000,3.373718,287,287,182511,102,872,664,180975
6228.000000,3142146,2211.000000,3.373718,287,287,182592,102,873,664,181055
6234.000000,3143827,2211.000000,3.373718,287,287,182763,102,873,664,181226
6239.000000,3145834,2211.000000,3.373718,287,287,182871,102,873,664,181334
6244.000000,3148041,2211.000000,3.373718,287,287,183029,102,873,665,181491
6249.000000,3150471,2211.000000,3.373718,287,287,183140,102,873,665,181602
6254.000000,3152700,2211.000000,3.373718,287,287,183307,102,873,666,181768
6260.000000,3154743,2211.000000,3.373718,287,287,183472,102,874,667,181931
6265.000000,3156984,2211.000000,3.373718,287,287,183574,102,874,667,182033
6270.000000,3157489,2211.000000,3.373718,287,287,183614,102,874,669,182071
6275.000000,3160397,2211.000000,3.373718,287,287,183774,102,874,671,182229
6280.000000,3163415,2211.000000,3.373718,287,287,183944,102,874,671,182399
6285.000000,3166701,2211.000000,3.373718,287,287,184101,102,878,673,182550
6291.000000,3169496,2211.000000,3.373718,288,288,184309,102,878,673,182758
6296.000000,3172422,2211.000000,3.373718,288,288,184439,102,878,674,182887
6302.000000,3174952,2211.000000,3.373718,289,289,184587,102,879,676,183032
6307.000000,3177583,2211.000000,3.373718,289,289,184750,102,879,678,183193
6312.000000,3180489,2211.000000,3.373718,289,289,184920,102,881,679,183360
6317.000000,3182618,2211.000000,3.373718,289,289,185188,102,882,679,183627
6322.000000,3186342,2211.000000,3.373718,289,289,185333,102,883,679,183771
6328.000000,3189595,2211.000000,3.373718,289,289,185492,102,883,680,183929
6333.000000,3191985,2211.000000,3.373718,289,289,185706,102,883,680,184143
6338.000000,3193733,2211.000000,3.373718,289,289,185883,102,883,680,184320
6343.000000,3196750,2211.000000,3.373718,289,289,186038,102,884,680,184474
6348.000000,3198886,2211.000000,3.373718,289,289,186268,102,884,680,184704
6353.000000,3201763,2211.000000,3.373718,289,289,186462,102,886,682,184894
6358.000000,3203947,2211.000000,3.373718,289,289,186595,102,886,682,185027
6364.000000,3205667,2211.000000,3.373718,289,289,186773,102,887,682,185204
6370.000000,3207203,2211.000000,3.373718,289,289,186918,102,887,682,185349
6375.000000,3209214,2211.000000,3.373718,289,289,187026,102,888,682,185456
6380.000000,3212092,2211.000000,3.373718,289,289,187193,102,889,683,185621
6385.000000,3215323,2211.000000,3.373718,289,289,187362,102,889,684,185789
6390.000000,3218656,2211.000000,3.373718,289,289,187540,102,889,684,185967
6395.000000,3221597,2211.000000,3.373718,289,289,187714,102,890,684,186140
6400.000000,3224123,2211.000000,3.373718,289,289,187911,102,891,684,186336
6405.000000,3225983,2211.000000,3.373718,289,289,188033,102,891,684,186458
6410.000000,3228065,2211.000000,3.373718,290,290,188220,102,892,684,186644
6415.000000,3231095,2211.000000,3.373718,290,290,188422,102,892,685,186845
6420.000000,3234123,2211.000000,3.373718,290,290,188577,102,893,685,186999
6425.000000,3235845,2211.000000,3.373718,290,290,188678,102,893,685,187100
6430.000000,3238289,2211.000000,3.373718,290,290,188839,102,893,686,187260
6435.000000,3240933,2211.000000,3.373718,290,290,189052,102,894,686,187472
6440.000000,3243202,2211.000000,3.373718,290,290,189161,102,894,687,187580
6446.000000,3245675,2211.000000,3.373718,290,290,189351,102,894,687,187770
6451.000000,3248272,2211.000000,3.373718,290,290,189543,102,895,687,187961
6456.000000,3250697,2211.000000,3.373718,290,290,189732,102,895,688,188149
6461.000000,3253330,2211.000000,3.373718,290,290,189952,102,895,688,188369
6466.000000,3255815,2211.000000,3.373718,290,290,190145,102,895,689,188561
6471.000000,3258249,2211.000000,3.373718,290,290,190300,102,895,690,188715
6477.000000,3261464,2211.000000,3.373718,290,290,190436,102,895,690,188851
6482.000000,3265262,2211.000000,3.373718,290,290,190602,102,895,691,189016
6487.000000,3267714,2211.000000,3.373718,290,290,190773,102,896,691,189186
6492.000000,3270641,2211.000000,3.373718,290,290,190932,102,896,692,189344
6497.000000,3274096,2211.000000,3.373718,290,290,191076,102,896,693,189487
6502.000000,3277489,2211.000000,3.373718,290,290,191229,102,898,693,189638
6508.000000,3279602,2211.000000,3.373718,290,290,191369,102,898,693,189778
6513.000000,3282512,2211.000000,3.373718,290,290,191517,102,900,694,189923
6518.000000,3284419,2211.000000,3.373718,290,290,191660,102,906,694,190060
6523.000000,3287290,2211.000000,3.373718,290,290,191812,102,907,694,190211
6528.000000,3289728,2211.000000,3.373718,290,290,191985,102,908,694,190383
6533.000000,3292151,2211.000000,3.373718,290,290,192198,102,908,694,190596
6540.000000,3294217,2211.000000,3.373718,290,290,192430,102,908,699,190823
6545.000000,3297479,2211.000000,3.373718,290,290,192568,102,908,699,190961
6550.000000,3300148,2211.000000,3.373718,290,290,192726,102,910,701,191115
6555.000000,3304193,2211.000000,3.373718,290,290,192844,102,910,703,191231
6560.000000,3306427,2211.000000,3.373718,290,290,192955,102,910,703,191342
6565.000000,3309047,2211.000000,3.373718,290,290,193117,102,910,704,191503
6570.000000,3311701,2211.000000,3.373718,290,290,193273,102,911,704,191658
6575.000000,3314027,2211.000000,3.373718,290,290,193377,102,911,704,191762
6581.000000,3316068,2211.000000,3.373718,290,290,193586,102,911,704,191971
6586.000000,3319861,2211.000000,3.373718,290,290,193757,102,913,705,192139
6591.000000,3322428,2211.000000,3.373718,290,290,193937,102,914,706,192317
6596.000000,3324982,2211.000000,3.373718,290,290,194176,102,914,706,192556
6601.000000,3327719,2211.000000,3.373718,291,291,194327,102,917,707,192703
6608.000000,3330562,2211.000000,3.373718,291,291,194482,102,918,707,192857
6613.000000,3333109,2211.000000,3.373718,291,291,194621,102,919,708,192994
6619.000000,3335069,2211.000000,3.373718,291,291,194855,102,919,709,193227
6624.000000,3338169,2211.000000,3.373718,291,291,195030,102,920,710,193400
6629.000000,3340948,2211.000000,3.373718,291,291,195223,102,920,710,193593
6634.000000,3343433,2211.000000,3.373718,291,291,195427,102,920,712,193795
6639.000000,3347026,2211.000000,3.373718,291,291,195575,102,920,713,193942
6644.000000,3348311,2211.000000,3.373718,291,291,195675,102,920,713,194042
6649.000000,3350931,2211.000000,3.373718,291,291,195811,102,920,713,194178
6654.000000,3353455,2211.000000,3.373718,291,291,195957,102,920,718,194319
6659.000000,3356200,2211.000000,3.373718,291,291,196147,102,920,719,194508
6664.000000,3359221,2211.000000,3.373718,291,291,196348,102,920,719,194709
6670.000000,3362219,2211.000000,3.373718,291,291,196491,102,920,719,194852
6675.000000,3365494,2211.000000,3.373718,291,291,196661,102,921,719,195021
6680.000000,3367445,2211.000000,3.373718,291,291,196758,102,921,720,195117
6685.000000,3369461,2211.000000,3.373718,291,291,196981,102,923,720,195338
6690.000000,3371468,2211.000000,3.373718,291,291,197173,102,924,720,195529
6695.000000,3374609,2211.000000,3.373718,291,291,197333,102,925,721,195687
6700.000000,3378104,2211.000000,3.373718,291,291,197515,102,925,721,195869
6705.000000,3380774,2211.000000,3.373718,291,291,197699,102,926,721,196052
6711.000000,3383477,2211.000000,3.373718,291,291,197855,102,927,722,196206
6716.000000,3385592,2211.000000,3.373718,291,291,198034,102,927,723,196384
6721.000000,3388054,2211.000000,3.373718,291,291,198241,102,927,723,196591
6726.000000,3391745,2211.000000,3.373718,291,291,198395,102,927,725,196743
6731.000000,3394310,2211.000000,3.373718,291,291,198573,102,928,725,196920
6737.000000,3396625,2211.000000,3.373718,291,291,198763,102,929,725,197109
6742.000000,3399521,2211.000000,3.373718,291,291,198937,102,929,725,197283
6747.000000,3401873,2211.000000,3.373718,291,291,199031,102,929,727,197375
6752.000000,3404147,2211.000000,3.373718,291,291,199173,102,930,727,197516
6757.000000,3406290,2211.000000,3.373718,291,291,199325,102,931,727,197667
6762.000000,3409034,2211.000000,3.373718,291,291,199527,102,931,727,197869
6767.000000,3412129,2211.000000,3.373718,291,291,199716,102,931,727,198058
6772.000000,3414968,2211.000000,3.373718,291,291,199881,102,931,727,198223
6779.000000,3417585,2211.000000,3.373718,291,291,200126,102,932,728,198466
6784.000000,3420580,2211.000000,3.373718,291,291,200248,102,933,729,198586
6790.000000,3423696,2211.000000,3.373718,291,291,200433,102,934,730,198769
6795.000000,3427038,2211.000000,3.373718,291,291,200583,102,934,730,198919
6800.000000,3429604,2211.000000,3.373718,291,291,200743,102,936,731,199076
6805.000000,3432402,2211.000000,3.373718,291,291,200876,102,937,731,199208
6810.000000,3435711,2211.000000,3.373718,291,291,201062,102,938,735,199389
6815.000000,3437235,2211.000000,3.373718,291,291,201173,102,938,735,199500
6820.000000,3439345,2211.000000,3.373718,291,291,201316,102,942,735,199639
6825.000000,3441920,2211.000000,3.373718,291,291,201508,102,943,736,199829
6830.000000,3444401,2211.000000,3.373718,291,291,201655,102,943,738,199974
6836.000000,3447720,2211.000000,3.373718,292,292,201856,102,943,740,200173
6841.000000,3449134,2211.000000,3.373718,292,292,202124,102,943,741,200440
6848.000000,3451116,2211.000000,3.373718,292,292,202319,102,945,743,200631
6853.000000,3453315,2211.000000,3.373718,292,292,202501,102,947,746,200808
6858.000000,3455847,2211.000000,3.373718,292,292,202656,102,947,746,200963
6863.000000,3459066,2211.000000,3.373718,292,292,202813,102,947,746,201120
6868.000000,3461628,2211.000000,3.373718,292,292,203037,102,947,746,201344
6873.000000,3464844,2211.000000,3.373718,292,292,203210,102,947,746,201517
6878.000000,3467791,2211.000000,3.373718,292,292,203335,102,947,747,201641
6884.000000,3469697,2211.000000,3.373718,292,292,203442,102,949,747,201746
6889.000000,3471817,2211.000000,3.373718,292,292,203632,102,949,748,201935
6894.000000,3475637,2211.000000,3.373718,292,292,203785,102,950,750,202085
6899.000000,3477721,2211.000000,3.373718,292,292,203981,102,950,751,202280
6904.000000,3479940,2211.000000,3.373718,292,292,204230,102,950,751,202529
6909.000000,3481361,2211.000000,3.373718,292,292,204356,102,951,753,202652
6916.000000,3484000,2211.000000,3.373718,292,292,204563,102,951,754,202858
6921.000000,3486321,2211.000000,3.373718,292,292,204735,102,952,755,203028
6926.000000,3489338,2211.000000,3.373718,292,292,204942,102,953,755,203234
6931.000000,3492165,2211.000000,3.373718,292,292,205128,102,953,756,203419
6936.000000,3495336,2211.000000,3.373718,292,292,205312,102,953,756,203603
6941.000000,3498636,2211.000000,3.373718,292,292,205476,102,953,758,203765
6946.000000,3501948,2211.000000,3.373718,292,292,205633,102,953,758,203922
6951.000000,3502956,2211.000000,3.373718,292,292,205734,102,953,758,204023
6957.000000,3504915,2211.000000,3.373718,292,292,205869,102,954,760,204155
6962.000000,3507096,2211.000000,3.373718,292,292,206043,102,954,760,204329
