relative_time_sec,total_execs,coverage_seen,coverage_percent,interesting_test_cases,corpus_size,unique_bugs,unique_crashes,validity_bugs,functional_bugs,bonus_bugs
0.000000,0.000000,0.000000,0.000000,11,11,0,0,0,0,0
21.457317,453.000589,2.768030,0.004224,12,12,0,0,0,0,0
21.995984,464.372773,2.837519,0.004330,13,13,0,0,0,0,0
23.975327,506.160076,3.092858,0.004719,14,14,0,0,0,0,0
24.051899,507.776636,3.102736,0.004734,15,15,0,0,0,0,0
25.851332,545.765748,3.334866,0.005089,16,16,0,0,0,0,0
30.291682,639.509111,3.907679,0.005963,17,17,0,0,0,0,0
30.731331,648.790854,3.964394,0.006049,18,18,0,0,0,0,0
32.171982,679.205455,4.150241,0.006333,19,19,0,0,0,0,0
32.248554,680.822014,4.160118,0.006348,20,20,0,0,0,0,0
39.853642,841.378418,5.141188,0.007845,21,21,0,0,0,0,0
41.086456,867.405222,5.300223,0.008087,22,22,0,0,0,0,0
48.141539,1016.350067,6.210341,0.009476,23,23,0,0,0,0,0
49.234946,1039.433743,6.351392,0.009691,24,24,0,0,0,0,0
51.695208,1091.374070,6.668770,0.010176,25,25,0,0,0,0,0
52.759554,1113.844237,6.806072,0.010385,26,26,0,0,0,0,0
69.268439,1462.374981,8.935747,0.013635,27,27,0,0,0,0,0
76.499183,1615.028322,9.868525,0.015058,28,28,0,0,0,0,0
77.406557,1634.184534,9.985578,0.015237,29,29,0,0,0,0,0
160.994336,3398.865234,20.768544,0.031690,30,30,0,0,0,0,0
161.844601,3416.815769,20.878229,0.031858,31,31,0,0,0,0,0
167.351782,3533.081759,21.588665,0.032942,32,32,0,0,0,0,0
167.619782,3538.739714,21.623238,0.032994,33,33,0,0,0,0,0
171.602102,3622.813273,22.136964,0.033778,34,33,0,0,0,0,0
185.578469,3917.878246,23.939939,0.036529,35,34,0,0,0,0,0
205.838219,4345.596137,26.553481,0.040517,36,34,0,0,0,0,0
317.243421,6697.550110,40.924942,0.062447,37,35,0,0,0,0,0
317.309783,6698.951128,40.933503,0.062460,38,36,0,0,0,0,0
318.205671,6717.864860,41.049074,0.062636,39,37,0,0,0,0,0
318.471863,6723.484616,41.083413,0.062688,40,38,0,0,0,0,0
330.884449,6985.535488,42.684658,0.065132,41,39,0,0,0,0,0
330.983992,6987.637013,42.697499,0.065151,42,40,0,0,0,0,0
331.855010,7006.025703,42.809862,0.065323,43,41,0,0,0,0,0
341.789518,7215.760126,44.091430,0.067278,44,42,0,0,0,0,0
448.468500,9467.935524,57.853201,0.088277,45,43,0,0,0,0,0
448.789848,9474.719723,57.894655,0.088340,46,44,0,0,0,0,0
449.590795,9491.629070,57.997979,0.088498,47,44,0,0,0,0,0
449.666110,9493.219109,58.007695,0.088513,48,44,0,0,0,0,0
449.701786,9493.972285,58.012297,0.088520,49,45,0,0,0,0,0
450.961679,9520.570780,58.174825,0.088768,50,45,0,0,0,0,0
469.379506,9909.402553,60.550756,0.092393,51,45,0,0,0,0,0
586.523635,12382.515068,75.662549,0.115452,52,46,0,0,0,0,0
824.358908,17403.623627,106.343704,0.162268,53,46,0,0,0,0,0
931.938305,19674.808317,120.221630,0.183444,54,47,0,0,0,0,0
943.888211,19927.091237,121.763188,0.185796,55,48,0,0,0,0,0
1014.043046,21408.179560,130.813281,0.199605,56,48,0,0,0,0,0
1014.891374,21426.089194,130.922717,0.199772,57,48,0,0,0,0,0
1014.990942,21428.191262,130.935561,0.199792,58,49,0,0,0,0,0
1015.174140,21432.058884,130.959194,0.199828,59,49,0,0,0,0,0
1015.934787,21448.117432,131.057319,0.199978,60,49,0,0,0,0,0
1018.009454,21491.917188,131.324955,0.200386,61,49,0,0,0,0,0
1019.519675,21523.800526,131.519776,0.200683,62,49,0,0,0,0,0
1025.828493,21656.990450,132.333624,0.201925,63,49,0,0,0,0,0
1030.455385,21754.672039,132.930501,0.202836,64,49,0,0,0,0,0
1880.666089,39704.071214,242.609131,0.370192,65,50,0,0,0,0,0
2001.284053,42250.522310,258.169054,0.393935,66,51,0,0,0,0,0
2350.456947,49622.158104,303.212952,0.462666,67,52,0,0,0,0,0
3576.251784,75500.779386,461.342575,0.703953,68,52,0,0,0,0,0
3576.343828,75502.722594,461.354449,0.703971,69,53,0,0,0,0,0
3576.651976,75509.228123,461.394201,0.704032,70,54,0,0,0,0,0
3577.904172,75535.664124,461.555736,0.704278,71,54,0,0,0,0,0
3620.122516,76426.965422,467.001974,0.712588,72,54,0,0,0,0,0
3711.148416,78348.677544,478.744471,0.730506,73,55,0,0,0,0,0
3810.259960,80441.091402,491.530029,0.750015,74,56,0,0,0,0,0
4820.449947,101767.926298,621.846259,0.948862,75,57,0,0,0,0,0
6136.498690,129551.961604,791.618790,1.207914,76,57,0,0,0,0,0
9103.406723,192188.454346,1174.354983,1.791923,77,57,0,0,0,0,0
10813.810617,228298.000000,1395.000000,2.128601,77,57,0,0,0,0,0
