relative_time_sec,total_execs,coverage_seen,coverage_percent,interesting_test_cases,corpus_size,unique_bugs,unique_crashes,validity_bugs,functional_bugs,bonus_bugs
0.000000,0.000000,0.000000,0.000000,5,5,0,0,0,0,0
0.003600,0.003365,0.007198,0.000011,8,8,0,0,0,0,0
9.133104,8.535671,18.261749,0.027865,8,8,1,0,1,0,0
57.665358,53.893237,115.302560,0.175938,8,8,2,0,2,0,0
57.742361,53.965203,115.456529,0.176173,9,9,2,0,2,0,0
58.858904,55.008708,117.689070,0.179579,9,9,3,0,3,0,0
59.856093,55.940667,119.682960,0.182622,9,9,4,0,4,0,0
60.791679,56.815053,121.553676,0.185476,9,9,5,0,5,0,0
61.815819,57.772199,123.601455,0.188601,10,10,5,0,5,0,0
63.017066,58.894868,126.003362,0.192266,11,11,5,0,5,0,0
91.358296,85.382185,182.671985,0.278735,11,11,6,0,6,0,0
92.474938,86.425783,184.904723,0.282142,11,11,7,0,7,0,0
93.583878,87.462183,187.122062,0.285526,11,11,8,0,8,0,0
94.635062,88.444604,189.223915,0.288733,11,11,9,0,9,0,0
95.601534,89.347856,191.156388,0.291682,11,11,10,0,10,0,0
103.756720,96.969578,207.462778,0.316563,12,12,10,0,10,0,0
104.761669,97.908789,209.472185,0.319629,12,12,11,0,11,0,0
105.951436,99.020729,211.851139,0.323259,12,12,12,0,12,0,0
107.075670,100.071423,214.099058,0.326689,12,12,13,0,13,0,0
108.180390,101.103879,216.307959,0.330060,12,12,14,0,14,0,0
109.296739,102.147203,218.540111,0.333466,12,12,15,0,15,0,0
110.354944,103.136186,220.656005,0.336694,12,12,16,0,16,0,0
111.366635,104.081699,222.678893,0.339781,12,12,17,0,17,0,0
113.727678,106.288297,227.399827,0.346985,12,12,18,0,18,0,0
114.688978,107.186714,229.321957,0.349918,12,12,19,0,19,0,0
115.801339,108.226311,231.546135,0.353311,13,13,19,0,19,0,0
125.925153,117.687885,251.788819,0.384199,14,14,19,0,19,0,0
127.026891,118.717555,253.991758,0.387561,15,15,19,0,19,0,0
323.316492,302.167069,646.475118,0.986443,15,15,20,0,20,0,0
324.238458,303.028725,648.318599,0.989256,15,15,21,0,21,0,0
325.109658,303.842936,650.060573,0.991914,15,15,22,0,22,0,0
325.944858,304.623503,651.730566,0.994462,15,15,23,0,23,0,0
326.776458,305.400704,653.393360,0.996999,15,15,24,0,24,0,0
327.748458,306.309122,655.336885,0.999965,15,15,25,0,25,0,0
328.594458,307.099782,657.028472,1.002546,15,15,26,0,26,0,0
329.559258,308.001470,658.957601,1.005490,15,15,27,0,27,0,0
330.563658,308.940168,660.965910,1.008554,15,15,28,0,28,0,0
331.388058,309.710641,662.614308,1.011069,15,15,29,0,29,0,0
332.243267,310.509908,664.324309,1.013678,15,15,30,0,30,0,0
333.181687,311.386942,666.200691,1.016542,15,15,31,0,31,0,0
334.047627,312.196238,667.932149,1.019184,15,15,32,0,32,0,0
334.944086,313.034055,669.724627,1.021919,15,15,33,0,33,0,0
335.829099,313.861176,671.494223,1.024619,15,15,34,0,34,0,0
336.881961,314.845166,673.599431,1.027831,15,15,35,0,35,0,0
337.763160,315.668722,675.361399,1.030520,15,15,36,0,36,0,0
338.812207,316.649147,677.458980,1.033720,15,15,37,0,37,0,0
339.933733,317.697309,679.701485,1.037142,15,15,38,0,38,0,0
340.818478,318.524180,681.470543,1.039842,15,15,39,0,39,0,0
341.749617,319.394409,683.332367,1.042682,15,15,40,0,40,0,0
342.700075,320.282694,685.232818,1.045582,15,15,41,0,41,0,0
343.743260,321.257640,687.318679,1.048765,15,15,42,0,42,0,0
344.655081,322.109815,689.141876,1.051547,15,15,43,0,43,0,0
345.632584,323.023376,691.096405,1.054529,15,15,44,0,44,0,0
346.528951,323.861108,692.888701,1.057264,15,15,45,0,45,0,0
347.436908,324.709672,694.704173,1.060034,15,15,46,0,46,0,0
349.904505,327.015854,699.638162,1.067563,15,15,47,0,47,0,0
350.871284,327.919392,701.571248,1.070513,15,15,48,0,48,0,0
351.738189,328.729589,703.304634,1.073158,15,15,49,0,49,0,0
352.824817,329.745136,705.477359,1.076473,15,15,50,0,50,0,0
353.791596,330.648674,707.410445,1.079423,15,15,51,0,51,0,0
354.682471,331.481273,709.191759,1.082141,15,15,52,0,52,0,0
355.577340,332.317606,710.981062,1.084871,15,15,53,0,53,0,0
356.540124,333.217411,712.906160,1.087808,15,15,54,0,54,0,0
357.466954,334.083612,714.759366,1.090636,15,15,55,0,55,0,0
358.426795,334.980666,716.678579,1.093565,15,15,56,0,56,0,0
358.498795,335.047956,716.822544,1.093784,16,16,56,0,56,0,0
359.355595,335.848710,718.535726,1.096399,16,16,57,0,57,0,0
360.212395,336.649463,720.248908,1.099013,16,16,58,0,58,0,0
361.047595,337.430029,721.918900,1.101561,16,16,59,0,59,0,0
361.857595,338.187044,723.538504,1.104032,16,16,60,0,60,0,0
362.732395,339.004620,725.287677,1.106701,16,16,61,0,61,0,0
363.592795,339.808737,727.008057,1.109326,16,16,62,0,62,0,0
364.795195,340.932484,729.412270,1.112995,16,16,63,0,63,0,0
366.047091,342.102488,731.915451,1.116814,16,16,64,0,64,0,0
367.278191,343.253058,734.377051,1.120570,16,16,65,0,65,0,0
367.346586,343.316978,734.513807,1.120779,17,17,65,0,65,0,0
368.497893,344.392974,736.815858,1.124292,17,17,66,0,66,0,0
369.580805,345.405048,738.981154,1.127596,17,17,67,0,67,0,0
370.694115,346.445532,741.207231,1.130992,17,17,68,0,68,0,0
371.815025,347.493119,743.448503,1.134412,17,17,69,0,69,0,0
372.875139,348.483887,745.568214,1.137647,17,17,70,0,70,0,0
374.033661,349.566625,747.884692,1.141181,17,17,71,0,71,0,0
375.204996,350.661338,750.226789,1.144755,17,17,72,0,72,0,0
376.264222,351.651276,752.344724,1.147987,17,17,73,0,73,0,0
377.520603,352.825473,754.856874,1.151820,17,17,74,0,74,0,0
378.962543,354.173089,757.740049,1.156220,17,17,75,0,75,0,0
380.164804,355.296705,760.143983,1.159888,17,17,76,0,76,0,0
381.421185,356.470902,762.656133,1.163721,17,17,77,0,77,0,0
383.959459,358.843137,767.731441,1.171465,17,17,78,0,78,0,0
384.791590,359.620835,769.395297,1.174004,17,17,79,0,79,0,0
385.699733,360.469573,771.211140,1.176775,17,17,80,0,80,0,0
386.651884,361.359439,773.114976,1.179680,17,17,81,0,81,0,0
387.716051,362.353996,775.242792,1.182927,17,17,82,0,82,0,0
388.768217,363.337335,777.346610,1.186137,17,17,83,0,83,0,0
389.884393,364.380498,779.578417,1.189542,17,17,84,0,84,0,0
390.920557,365.348881,781.650238,1.192704,17,17,85,0,85,0,0
391.864371,366.230957,783.537406,1.195583,17,17,86,0,86,0,0
392.757171,367.065356,785.322570,1.198307,17,17,87,0,87,0,0
393.732771,367.977138,787.273294,1.201284,17,17,88,0,88,0,0
394.463571,368.660133,788.734537,1.203513,17,17,89,0,89,0,0
395.201571,369.349858,790.210176,1.205765,17,17,90,0,90,0,0
396.007971,370.103508,791.822583,1.208225,17,17,91,0,91,0,0
396.871971,370.910990,793.550161,1.210861,17,17,92,0,92,0,0
397.847571,371.822772,795.500885,1.213838,17,17,93,0,93,0,0
398.830371,372.741284,797.466005,1.216837,17,17,94,0,94,0,0
399.607592,373.467663,799.020067,1.219208,17,17,95,0,95,0,0
400.556370,374.354377,800.917158,1.222103,17,17,96,0,96,0,0
401.562074,375.294294,802.928076,1.225171,17,17,97,0,97,0,0
402.533622,376.202290,804.870698,1.228135,17,17,98,0,98,0,0
403.459629,377.067723,806.722259,1.230960,17,17,99,0,99,0,0
404.446357,377.989905,808.695234,1.233971,17,17,100,0,100,0,0
405.345798,378.830510,810.493677,1.236715,17,17,101,0,101,0,0
406.317346,379.738505,812.436299,1.239679,17,17,102,0,102,0,0
407.353411,380.706797,814.507923,1.242840,17,17,103,0,103,0,0
408.316659,381.607035,816.433948,1.245779,17,17,104,0,104,0,0
409.413487,382.632115,818.627069,1.249126,17,17,105,0,105,0,0
410.448523,383.599445,820.696634,1.252284,17,17,106,0,106,0,0
411.406316,384.494586,822.611754,1.255206,17,17,107,0,107,0,0
412.414317,385.436649,824.627264,1.258281,17,17,108,0,108,0,0
413.333490,386.295695,826.465161,1.261086,17,17,109,0,109,0,0
414.260387,387.161961,828.318503,1.263914,17,17,110,0,110,0,0
415.237492,388.075148,830.272234,1.266895,17,17,111,0,111,0,0
417.823859,390.492331,835.443707,1.274786,17,17,112,0,112,0,0
419.147991,391.729846,838.091323,1.278826,17,17,113,0,113,0,0
420.327233,392.831949,840.449231,1.282424,17,17,114,0,114,0,0
421.329387,393.768549,842.453050,1.285481,17,17,115,0,115,0,0
422.375813,394.746524,844.545392,1.288674,17,17,116,0,116,0,0
423.363008,395.669143,846.519301,1.291686,17,17,117,0,117,0,0
424.311341,396.555441,848.415502,1.294579,17,17,118,0,118,0,0
425.337208,397.514202,850.466736,1.297709,17,17,119,0,119,0,0
426.256072,398.372960,852.304015,1.300513,17,17,120,0,120,0,0
427.231891,399.284946,854.255176,1.303490,17,17,121,0,121,0,0
428.325415,400.306938,856.441690,1.306826,17,17,122,0,122,0,0
429.263264,401.183439,858.316930,1.309688,17,17,123,0,123,0,0
430.254270,402.109619,860.298458,1.312711,17,17,124,0,124,0,0
431.150352,402.947085,862.090186,1.315445,17,17,125,0,125,0,0
432.046434,403.784551,863.881912,1.318179,17,17,126,0,126,0,0
433.010862,404.685892,865.810296,1.321122,17,17,127,0,127,0,0
433.959801,405.572757,867.707712,1.324017,17,17,128,0,128,0,0
434.978601,406.524913,869.744815,1.327125,17,17,129,0,129,0,0
435.965001,407.446789,871.717133,1.330135,17,17,130,0,130,0,0
437.037802,408.449413,873.862210,1.333408,17,17,131,0,131,0,0
438.182601,409.519327,876.151250,1.336901,17,17,132,0,132,0,0
439.262117,410.528227,878.309754,1.340194,17,17,133,0,133,0,0
440.171899,411.378496,880.128873,1.342970,17,17,134,0,134,0,0
441.247440,412.383682,882.279430,1.346252,17,17,135,0,135,0,0
442.261254,413.331178,884.306563,1.349345,17,17,136,0,136,0,0
443.228810,414.235443,886.241203,1.352297,17,17,137,0,137,0,0
444.219495,415.161323,888.222090,1.355319,17,17,138,0,138,0,0
445.148503,416.029561,890.079653,1.358154,17,17,139,0,139,0,0
446.108350,416.926621,891.998878,1.361082,17,17,140,0,140,0,0
447.137583,417.888528,894.056842,1.364222,17,17,141,0,141,0,0
448.413524,419.081004,896.608100,1.368115,17,17,142,0,142,0,0
451.138255,421.627499,902.056231,1.376429,17,17,143,0,143,0,0
452.186901,422.607549,904.153012,1.379628,17,17,144,0,144,0,0
453.271297,423.621011,906.321274,1.382937,17,17,145,0,145,0,0
454.383498,424.660458,908.545133,1.386330,17,17,146,0,146,0,0
455.408312,425.618235,910.594260,1.389457,17,17,147,0,147,0,0
456.746925,426.869284,913.270833,1.393541,17,17,148,0,148,0,0
457.763691,427.819540,915.303869,1.396643,17,17,149,0,149,0,0
458.768499,428.758618,917.312993,1.399709,17,17,150,0,150,0,0
459.708063,429.636722,919.191663,1.402575,17,17,151,0,151,0,0
460.674255,430.539712,921.123575,1.405523,17,17,152,0,152,0,0
461.606211,431.410705,922.987033,1.408366,17,17,153,0,153,0,0
462.541972,432.285254,924.858097,1.411221,17,17,154,0,154,0,0
463.572830,433.248679,926.919310,1.414367,17,17,155,0,155,0,0
464.649335,434.254765,929.071794,1.417651,17,17,156,0,156,0,0
465.775290,435.307068,931.323156,1.421086,17,17,157,0,157,0,0
466.745172,436.213506,933.262445,1.424045,17,17,158,0,158,0,0
467.645172,437.054633,935.062006,1.426791,17,17,159,0,159,0,0
468.613572,437.959686,936.998333,1.429746,17,17,160,0,160,0,0
469.506372,438.794085,938.783497,1.432470,17,17,161,0,161,0,0
470.427972,439.655399,940.626247,1.435282,17,17,162,0,162,0,0
471.421572,440.584004,942.612962,1.438313,17,17,163,0,163,0,0
472.554515,441.642836,944.878294,1.441770,17,17,164,0,164,0,0
473.599222,442.619205,946.967198,1.444957,17,17,165,0,165,0,0
474.801985,443.743290,949.372137,1.448627,17,17,166,0,166,0,0
475.758029,444.636796,951.283759,1.451544,17,17,167,0,167,0,0
476.822015,445.631182,953.411211,1.454790,17,17,168,0,168,0,0
477.835885,446.578731,955.438456,1.457883,17,17,169,0,169,0,0
478.911435,447.583925,957.589031,1.461165,17,17,170,0,170,0,0
479.960001,448.563900,959.685650,1.464364,17,17,171,0,171,0,0
480.962306,449.500640,961.689771,1.467422,17,17,172,0,172,0,0
481.968466,450.440983,963.701600,1.470492,17,17,173,0,173,0,0
482.939035,451.348064,965.642265,1.473453,17,17,174,0,174,0,0
485.590400,453.825992,970.943699,1.481543,17,17,175,0,175,0,0
486.581480,454.752241,972.925375,1.484566,17,17,176,0,176,0,0
487.560667,455.667376,974.883272,1.487554,17,17,177,0,177,0,0
488.559676,456.601036,976.880801,1.490602,17,17,178,0,178,0,0
489.590399,457.564335,978.941745,1.493747,17,17,179,0,179,0,0
490.541232,458.452971,980.842947,1.496648,17,17,180,0,180,0,0
491.474144,459.324857,982.708315,1.499494,17,17,181,0,181,0,0
492.500501,460.284075,984.760527,1.502625,17,17,182,0,182,0,0
493.575331,461.288597,986.909662,1.505905,17,17,183,0,183,0,0
494.495536,462.148608,988.749624,1.508712,17,17,184,0,184,0,0
495.457226,463.047390,990.672534,1.511646,17,17,185,0,185,0,0
496.369889,463.900351,992.497413,1.514431,17,17,186,0,186,0,0
497.301408,464.770936,994.359998,1.517273,17,17,187,0,187,0,0
498.281955,465.687341,996.320612,1.520265,17,17,188,0,188,0,0
499.247416,466.589648,998.251063,1.523210,17,17,189,0,189,0,0
500.336559,467.607546,1000.428818,1.526533,17,17,190,0,190,0,0
501.368938,468.572393,1002.493072,1.529683,17,17,191,0,191,0,0
502.339302,469.479282,1004.433326,1.532644,17,17,192,0,192,0,0
503.338850,470.413445,1006.431934,1.535693,17,17,193,0,193,0,0
504.553629,471.548760,1008.860898,1.539400,17,17,194,0,194,0,0
505.458194,472.394154,1010.669587,1.542159,17,17,195,0,195,0,0
506.448931,473.320083,1012.650577,1.545182,17,17,196,0,196,0,0
507.385698,474.195573,1014.523654,1.548040,17,17,197,0,197,0,0
508.630884,475.359306,1017.013417,1.551839,17,17,198,0,198,0,0
509.667926,476.328511,1019.086995,1.555003,17,17,199,0,199,0,0
510.689548,477.283304,1021.129739,1.558120,17,17,200,0,200,0,0
511.626355,478.158831,1023.002897,1.560979,17,17,201,0,201,0,0
512.640266,479.106418,1025.030224,1.564072,17,17,202,0,202,0,0
513.565508,479.971137,1026.880256,1.566895,17,17,203,0,203,0,0
514.483040,480.828649,1028.714871,1.569694,17,17,204,0,204,0,0
515.585620,481.859105,1030.919493,1.573058,17,17,205,0,205,0,0
516.579223,482.787712,1032.906214,1.576090,17,17,206,0,206,0,0
519.156521,485.196419,1038.059551,1.583953,17,17,207,0,207,0,0
520.185030,486.157649,1040.116068,1.587091,17,17,208,0,208,0,0
521.201626,487.107746,1042.148764,1.590193,17,17,209,0,209,0,0
522.194396,488.035574,1044.133819,1.593222,17,17,210,0,210,0,0
523.240107,489.012881,1046.224730,1.596412,17,17,211,0,211,0,0
524.169164,489.881165,1048.082391,1.599247,17,17,212,0,212,0,0
525.105931,490.756654,1049.955467,1.602105,17,17,213,0,213,0,0
526.101861,491.687436,1051.946840,1.605143,17,17,214,0,214,0,0
527.034777,492.559327,1053.812217,1.607990,17,17,215,0,215,0,0
528.038879,493.497747,1055.819931,1.611053,17,17,216,0,216,0,0
529.189101,494.572728,1058.119814,1.614563,17,17,217,0,217,0,0
530.624068,495.913828,1060.989047,1.618941,17,17,218,0,218,0,0
531.684371,496.904772,1063.109134,1.622176,17,17,219,0,219,0,0
532.665993,497.822182,1065.071900,1.625171,17,17,220,0,220,0,0
533.651652,498.743366,1067.042737,1.628178,17,17,221,0,221,0,0
534.520580,499.555453,1068.780168,1.630829,17,17,222,0,222,0,0
535.429514,500.404931,1070.597593,1.633602,17,17,223,0,223,0,0
536.526886,501.430519,1072.791802,1.636950,17,17,224,0,224,0,0
537.446906,502.290357,1074.631391,1.639757,17,17,225,0,225,0,0
538.389094,503.170912,1076.515307,1.642632,17,17,226,0,226,0,0
539.548200,504.254197,1078.832954,1.646168,17,17,227,0,227,0,0
540.550503,505.190935,1080.837069,1.649226,17,17,228,0,228,0,0
541.518110,506.095247,1082.771811,1.652179,17,17,229,0,229,0,0
542.512697,507.024774,1084.760500,1.655213,17,17,230,0,230,0,0
543.403199,507.857025,1086.541069,1.657930,17,17,231,0,231,0,0
544.351526,508.743318,1088.437259,1.660823,17,17,232,0,232,0,0
545.361532,509.687255,1090.456778,1.663905,17,17,233,0,233,0,0
546.340698,510.602371,1092.414633,1.666892,17,17,234,0,234,0,0
547.292880,511.492266,1094.318532,1.669798,17,17,235,0,235,0,0
548.329871,512.461424,1096.392008,1.672961,17,17,236,0,236,0,0
549.266633,513.336908,1098.265073,1.675820,17,17,237,0,237,0,0
550.298954,514.301701,1100.329212,1.678969,17,17,238,0,238,0,0
552.857739,516.693106,1105.445533,1.686776,17,17,239,0,239,0,0
553.761755,517.537987,1107.253124,1.689534,17,17,240,0,240,0,0
554.796616,518.505153,1109.322340,1.692692,17,17,241,0,241,0,0
555.728387,519.375973,1111.185426,1.695534,17,17,242,0,242,0,0
556.685560,520.270534,1113.099306,1.698455,17,17,243,0,243,0,0
557.606907,521.131612,1114.941550,1.701266,17,17,244,0,244,0,0
558.609209,522.068349,1116.945665,1.704324,17,17,245,0,245,0,0
559.575903,522.971807,1118.878580,1.707273,17,17,246,0,246,0,0
560.687987,524.011146,1121.102206,1.710666,17,17,247,0,247,0,0
561.627829,524.889509,1122.981431,1.713534,17,17,248,0,248,0,0
562.563927,525.764374,1124.853170,1.716390,17,17,249,0,249,0,0
563.552447,526.688230,1126.829727,1.719406,17,17,250,0,250,0,0
564.469823,527.545597,1128.664031,1.722205,17,17,251,0,251,0,0
565.480809,528.490450,1130.685509,1.725289,17,17,252,0,252,0,0
566.762619,529.688412,1133.248503,1.729200,17,17,253,0,253,0,0
567.904271,530.755384,1135.531249,1.732683,17,17,254,0,254,0,0
569.086885,531.860638,1137.895901,1.736291,17,17,255,0,255,0,0
570.284282,532.979709,1140.290110,1.739945,17,17,256,0,256,0,0
571.211895,533.846643,1142.144884,1.742775,17,17,257,0,257,0,0
572.098856,534.675585,1143.918372,1.745481,17,17,258,0,258,0,0
573.055538,535.569686,1145.831268,1.748400,17,17,259,0,259,0,0
574.107955,536.553260,1147.935589,1.751611,17,17,260,0,260,0,0
575.060142,537.443161,1149.839498,1.754516,17,17,261,0,261,0,0
576.178118,538.488006,1152.074904,1.757927,17,17,262,0,262,0,0
577.126476,539.374327,1153.971156,1.760820,17,17,263,0,263,0,0
578.155791,540.336311,1156.029284,1.763961,17,17,264,0,264,0,0
579.111858,541.229838,1157.940952,1.766878,17,17,265,0,265,0,0
580.118043,542.170204,1159.952830,1.769948,17,17,266,0,266,0,0
581.355534,543.326746,1162.427207,1.773723,17,17,267,0,267,0,0
582.388704,544.292332,1164.493043,1.776875,17,17,268,0,268,0,0
583.397722,545.235346,1166.510586,1.779954,17,17,269,0,269,0,0
584.432507,546.202442,1168.579651,1.783111,17,17,270,0,270,0,0
586.903670,548.511957,1173.520772,1.790651,17,17,271,0,271,0,0
587.898656,549.441856,1175.510258,1.793686,17,17,272,0,272,0,0
588.933441,550.408952,1177.579323,1.796843,17,17,273,0,273,0,0
589.909462,551.321127,1179.530887,1.799821,17,17,274,0,274,0,0
590.873214,552.221836,1181.457920,1.802762,17,17,275,0,275,0,0
591.852386,553.136957,1183.415786,1.805749,17,17,276,0,276,0,0
592.964292,554.176129,1185.639056,1.809142,17,17,277,0,277,0,0
593.894243,555.045248,1187.498504,1.811979,17,17,278,0,278,0,0
594.898590,555.983897,1189.506707,1.815043,17,17,279,0,279,0,0
595.798783,556.825204,1191.306653,1.817790,17,17,280,0,280,0,0
596.680376,557.649129,1193.069410,1.820479,17,17,281,0,281,0,0
597.621486,558.528678,1194.951171,1.823351,17,17,282,0,282,0,0
598.543998,559.390844,1196.795743,1.826165,17,17,283,0,283,0,0
599.466066,560.252596,1198.639429,1.828979,17,17,284,0,284,0,0
600.491498,561.210950,1200.689792,1.832107,17,17,285,0,285,0,0
601.647277,562.291125,1203.000786,1.835634,17,17,286,0,286,0,0
602.996899,563.552463,1205.699372,1.839751,17,17,287,0,287,0,0
604.131809,564.613134,1207.968636,1.843214,17,17,288,0,288,0,0
605.339567,565.741888,1210.383564,1.846899,17,17,289,0,289,0,0
606.340281,566.677141,1212.384503,1.849952,17,17,290,0,290,0,0
607.314156,567.587311,1214.331778,1.852923,17,17,291,0,291,0,0
608.307202,568.515398,1216.317385,1.855953,17,17,292,0,292,0,0
609.255793,569.401938,1218.214103,1.858847,17,17,293,0,293,0,0
610.233110,570.315325,1220.168260,1.861829,17,17,294,0,294,0,0
611.402812,571.408512,1222.507094,1.865398,17,17,295,0,295,0,0
612.322414,572.267959,1224.345848,1.868204,17,17,296,0,296,0,0
613.349751,573.228094,1226.400021,1.871338,17,17,297,0,297,0,0
614.277048,574.094732,1228.254162,1.874167,17,17,298,0,298,0,0
615.200497,574.957775,1230.100609,1.876985,17,17,299,0,299,0,0
616.193205,575.885546,1232.085541,1.880013,17,17,300,0,300,0,0
617.132895,576.763767,1233.964461,1.882880,17,17,301,0,301,0,0
618.067281,577.637031,1235.832777,1.885731,17,17,302,0,302,0,0
620.507086,579.917239,1240.711196,1.893175,17,17,303,0,303,0,0
621.461020,580.808772,1242.618599,1.896086,17,17,304,0,304,0,0
622.477508,581.758767,1244.651077,1.899187,17,17,305,0,305,0,0
623.478357,582.694147,1246.652287,1.902240,17,17,306,0,306,0,0
624.459658,583.611258,1248.614410,1.905234,17,17,307,0,307,0,0
625.663805,584.736636,1251.022116,1.908908,17,17,308,0,308,0,0
626.580683,585.593538,1252.855425,1.911706,17,17,309,0,309,0,0
627.423083,586.380833,1254.539813,1.914276,17,17,310,0,310,0,0
628.312284,587.211867,1256.317779,1.916989,17,17,311,0,311,0,0
629.374283,588.204397,1258.441261,1.920229,17,17,312,0,312,0,0
630.537083,589.291134,1260.766293,1.923777,17,17,313,0,313,0,0
631.545084,590.233197,1262.781801,1.926852,17,17,314,0,314,0,0
632.621854,591.239532,1264.934817,1.930137,17,17,315,0,315,0,0
633.720531,592.266340,1267.131635,1.933489,17,17,316,0,316,0,0
634.890666,593.359931,1269.471333,1.937060,17,17,317,0,317,0,0
635.974761,594.373111,1271.638994,1.940367,17,17,318,0,318,0,0
636.882018,595.221021,1273.453064,1.943135,17,17,319,0,319,0,0
637.812341,596.090488,1275.313255,1.945974,17,17,320,0,320,0,0
637.850784,596.126416,1275.390123,1.946091,18,18,320,0,320,0,0
638.823394,597.035404,1277.334868,1.949058,18,18,321,0,321,0,0
639.761405,597.912056,1279.210432,1.951920,18,18,322,0,322,0,0
639.815225,597.962356,1279.318047,1.952084,19,19,322,0,322,0,0
640.745548,598.831822,1281.178238,1.954923,19,19,323,0,323,0,0
641.702781,599.726438,1283.092236,1.957843,19,19,324,0,324,0,0
642.622805,600.586280,1284.931836,1.960650,19,19,325,0,325,0,0
643.645002,601.541611,1286.975730,1.963769,19,19,326,0,326,0,0
644.620910,602.453681,1288.927070,1.966747,19,19,327,0,327,0,0
645.550531,603.322492,1290.785857,1.969583,19,19,328,0,328,0,0
646.580442,604.285032,1292.845177,1.972725,19,19,329,0,329,0,0
647.641212,605.276413,1294.966199,1.975962,19,19,330,0,330,0,0
648.686553,606.253374,1297.056370,1.979151,19,19,331,0,331,0,0
649.643175,607.147420,1298.969147,1.982070,19,19,332,0,332,0,0
649.693320,607.194285,1299.069413,1.982223,20,20,332,0,332,0,0
650.690273,608.126023,1301.062832,1.985264,20,20,333,0,333,0,0
651.638105,609.011854,1302.958034,1.988156,20,20,334,0,334,0,0
654.105013,611.317391,1307.890644,1.995683,20,20,335,0,335,0,0
655.124530,612.270217,1309.929181,1.998793,20,20,336,0,336,0,0
656.108205,613.189546,1311.896050,2.001795,20,20,337,0,337,0,0
657.091880,614.108875,1313.862919,2.004796,20,20,338,0,338,0,0
658.191065,615.136158,1316.060754,2.008149,20,20,339,0,339,0,0
659.262758,616.137747,1318.203615,2.011419,20,20,340,0,340,0,0
660.360185,617.163387,1320.397935,2.014767,20,20,341,0,341,0,0
661.380711,618.117156,1322.438487,2.017881,20,20,342,0,342,0,0
662.439174,619.106381,1324.554897,2.021110,20,20,343,0,343,0,0
663.398999,620.003420,1326.474079,2.024039,20,20,344,0,344,0,0
664.317092,620.861458,1328.309817,2.026840,20,20,345,0,345,0,0
665.238980,621.723041,1330.153142,2.029653,20,20,346,0,346,0,0
666.160867,622.584624,1331.996466,2.032465,20,20,347,0,347,0,0
667.173805,623.531301,1334.021847,2.035556,20,20,348,0,348,0,0
668.124449,624.419759,1335.922670,2.038456,20,20,349,0,349,0,0
669.362849,625.577151,1338.398866,2.042235,20,20,350,0,350,0,0
670.453649,626.596597,1340.579933,2.045563,20,20,351,0,351,0,0
671.371649,627.454547,1342.415485,2.048363,20,20,352,0,352,0,0
672.415649,628.430255,1344.502975,2.051549,20,20,353,0,353,0,0
673.325063,629.280181,1346.321359,2.054323,20,20,354,0,354,0,0
674.304235,630.195301,1348.279226,2.057311,20,20,355,0,355,0,0
675.264132,631.092408,1350.198551,2.060239,20,20,356,0,356,0,0
676.228005,631.993229,1352.125826,2.063180,20,20,357,0,357,0,0
677.215179,632.915829,1354.099693,2.066192,20,20,358,0,358,0,0
678.291046,633.921319,1356.250901,2.069475,20,20,359,0,359,0,0
679.251227,634.818691,1358.170795,2.072404,20,20,360,0,360,0,0
680.311669,635.809765,1360.291160,2.075640,20,20,361,0,361,0,0
681.306556,636.739572,1362.280448,2.078675,20,20,362,0,362,0,0
682.259025,637.629737,1364.184922,2.081581,20,20,363,0,363,0,0
683.269337,638.573960,1366.205052,2.084663,20,20,364,0,364,0,0
684.235735,639.477142,1368.137377,2.087612,20,20,365,0,365,0,0
685.321835,640.492196,1370.309047,2.090926,20,20,366,0,366,0,0
688.078988,643.068992,1375.822006,2.099338,20,20,367,0,367,0,0
689.756054,644.636355,1379.175319,2.104455,20,20,368,0,368,0,0
690.943385,645.746018,1381.549402,2.108077,20,20,369,0,369,0,0
692.103743,646.830472,1383.869551,2.111617,20,20,370,0,370,0,0
693.264100,647.914926,1386.189699,2.115158,20,20,371,0,371,0,0
694.352927,648.932528,1388.366820,2.118480,20,20,372,0,372,0,0
695.476851,649.982931,1390.614119,2.121909,20,20,373,0,373,0,0
696.623104,651.054204,1392.906066,2.125406,20,20,374,0,374,0,0
697.806574,652.160258,1395.272428,2.129017,20,20,375,0,375,0,0
699.202174,653.464567,1398.062948,2.133275,20,20,376,0,376,0,0
700.568002,654.741051,1400.793937,2.137442,20,20,377,0,377,0,0
701.873116,655.960792,1403.403527,2.141424,20,20,378,0,378,0,0
703.159281,657.162823,1405.975228,2.145348,20,20,379,0,379,0,0
704.434261,658.354402,1408.524565,2.149238,20,20,380,0,380,0,0
705.444552,659.298606,1410.544655,2.152320,20,20,381,0,381,0,0
706.659884,660.434438,1412.974725,2.156028,20,20,382,0,382,0,0
707.946048,661.636469,1415.546426,2.159952,20,20,383,0,383,0,0
709.254380,662.859217,1418.162450,2.163944,20,20,384,0,384,0,0
710.292008,663.828970,1420.237200,2.167110,20,20,385,0,385,0,0
711.225610,664.701502,1422.103948,2.169958,20,20,386,0,386,0,0
712.382047,665.782292,1424.416258,2.173487,20,20,387,0,387,0,0
713.323334,666.662005,1426.298371,2.176359,20,20,388,0,388,0,0
714.306882,667.581215,1428.264987,2.179359,20,20,389,0,389,0,0
715.601630,668.791269,1430.853852,2.183310,20,20,390,0,390,0,0
716.777278,669.890013,1433.204573,2.186897,20,20,391,0,391,0,0
717.881053,670.921585,1435.411584,2.190264,20,20,392,0,392,0,0
719.100407,672.061177,1437.849698,2.193985,20,20,393,0,393,0,0
721.778901,674.564460,1443.205377,2.202157,20,20,394,0,394,0,0
722.868293,675.582590,1445.383629,2.205480,20,20,395,0,395,0,0
723.858302,676.507838,1447.363163,2.208501,20,20,396,0,396,0,0
724.940048,677.518824,1449.526129,2.211801,20,20,397,0,397,0,0
726.017973,678.526237,1451.681451,2.215090,20,20,398,0,398,0,0
727.011804,679.455058,1453.668628,2.218122,20,20,399,0,399,0,0
728.086770,680.459706,1455.818035,2.221402,20,20,400,0,400,0,0
729.119684,681.425053,1457.883360,2.224553,20,20,401,0,401,0,0
730.110517,682.351072,1459.864542,2.227577,20,20,402,0,402,0,0
731.250549,683.416529,1462.144049,2.231055,20,20,403,0,403,0,0
732.379104,684.471261,1464.400607,2.234498,20,20,404,0,404,0,0
733.404367,685.429457,1466.450633,2.237626,20,20,405,0,405,0,0
734.471712,686.426983,1468.584802,2.240883,20,20,406,0,406,0,0
735.499318,687.387369,1470.639512,2.244018,20,20,407,0,407,0,0
736.528785,688.349494,1472.697942,2.247159,20,20,408,0,408,0,0
737.573503,689.325873,1474.786868,2.250346,20,20,409,0,409,0,0
738.576279,690.263054,1476.791932,2.253406,20,20,410,0,410,0,0
739.533302,691.157474,1478.705510,2.256326,20,20,411,0,411,0,0
740.578020,692.133853,1480.794436,2.259513,20,20,412,0,412,0,0
741.626551,693.113796,1482.890986,2.262712,20,20,413,0,413,0,0
742.560696,693.986835,1484.758821,2.265562,20,20,414,0,414,0,0
743.656008,695.010498,1486.948909,2.268904,20,20,415,0,415,0,0
744.725457,696.009990,1489.087286,2.272167,20,20,416,0,416,0,0
745.760532,696.977357,1491.156930,2.275325,20,20,417,0,417,0,0
746.795607,697.944723,1493.226574,2.278483,20,20,418,0,418,0,0
747.895612,698.972772,1495.426047,2.281839,20,20,419,0,419,0,0
749.205688,700.197151,1498.045560,2.285836,20,20,420,0,420,0,0
750.294235,701.214492,1500.222122,2.289157,20,20,421,0,421,0,0
751.432429,702.278232,1502.497953,2.292630,20,20,422,0,422,0,0
752.589705,703.359805,1504.811940,2.296161,20,20,423,0,423,0,0
755.318799,705.910379,1510.268797,2.304487,20,20,424,0,424,0,0
756.426423,706.945549,1512.483504,2.307867,20,20,425,0,425,0,0
757.629532,708.069958,1514.889134,2.311537,20,20,426,0,426,0,0
758.786808,709.151531,1517.203121,2.315068,20,20,427,0,427,0,0
760.035749,710.318775,1519.700394,2.318879,20,20,428,0,428,0,0
761.553506,711.737249,1522.735167,2.323509,20,20,429,0,429,0,0
762.934392,713.027806,1525.496265,2.327723,20,20,430,0,430,0,0
764.590691,714.575759,1528.808053,2.332776,20,20,431,0,431,0,0
766.426772,716.291735,1532.479319,2.338378,20,20,432,0,432,0,0
767.998917,717.761039,1535.622841,2.343175,20,20,433,0,433,0,0
769.327966,719.003151,1538.280291,2.347229,20,20,434,0,434,0,0
770.727747,720.311367,1541.079170,2.351500,20,20,435,0,435,0,0
771.913938,721.419964,1543.450972,2.355119,20,20,436,0,436,0,0
773.134455,722.560642,1545.891411,2.358843,20,20,437,0,437,0,0
774.316832,723.665675,1548.255586,2.362451,20,20,438,0,438,0,0
775.621260,724.884775,1550.863805,2.366430,20,20,439,0,439,0,0
776.983323,726.157740,1553.587267,2.370586,20,20,440,0,440,0,0
778.361778,727.446025,1556.343503,2.374792,20,20,441,0,441,0,0
779.556948,728.563014,1558.733260,2.378438,20,20,442,0,442,0,0
780.801758,729.726396,1561.222272,2.382236,20,20,443,0,443,0,0
781.981654,730.829110,1563.581489,2.385836,20,20,444,0,444,0,0
783.192098,731.960374,1566.001786,2.389529,20,20,445,0,445,0,0
784.436908,733.123756,1568.490798,2.393327,20,20,446,0,446,0,0
785.594030,734.205186,1570.804476,2.396857,20,20,447,0,447,0,0
786.965040,735.486513,1573.545826,2.401040,20,20,448,0,448,0,0
789.743177,738.082921,1579.100745,2.409517,20,20,449,0,449,0,0
790.900325,739.164375,1581.414474,2.413047,20,20,450,0,450,0,0
792.049834,740.238690,1583.712932,2.416554,20,20,451,0,451,0,0
793.298636,741.405804,1586.209927,2.420364,20,20,452,0,452,0,0
794.414207,742.448401,1588.440524,2.423768,20,20,453,0,453,0,0
795.611377,743.567258,1590.834279,2.427420,20,20,454,0,454,0,0
796.881218,744.754034,1593.373341,2.431295,20,20,455,0,455,0,0
798.013366,745.812124,1595.637084,2.434749,20,20,456,0,456,0,0
799.306156,747.020347,1598.222032,2.438693,20,20,457,0,457,0,0
800.434479,748.074862,1600.478127,2.442136,20,20,458,0,458,0,0
801.696670,749.254488,1603.001894,2.445987,20,20,459,0,459,0,0
802.830764,750.314396,1605.269527,2.449447,20,20,460,0,460,0,0
804.036122,751.440907,1607.679655,2.453124,20,20,461,0,461,0,0
805.310139,752.631586,1610.227068,2.457012,20,20,462,0,462,0,0
806.465910,753.711753,1612.538044,2.460538,20,20,463,0,463,0,0
807.881061,755.034333,1615.367656,2.464855,20,20,464,0,464,0,0
809.368686,756.424647,1618.342180,2.469394,20,20,465,0,465,0,0
810.814969,757.776322,1621.234039,2.473807,20,20,466,0,466,0,0
811.987082,758.871764,1623.577694,2.477383,20,20,467,0,467,0,0
813.296643,760.095660,1626.196175,2.481378,20,20,468,0,468,0,0
814.583295,761.298148,1628.768852,2.485304,20,20,469,0,469,0,0
815.747773,762.386452,1631.097239,2.488857,20,20,470,0,470,0,0
816.992428,763.549690,1633.585941,2.492654,20,20,471,0,471,0,0
818.153088,764.634426,1635.906694,2.496196,20,20,472,0,472,0,0
819.340707,765.744358,1638.281352,2.499819,20,20,473,0,473,0,0
820.543602,766.868567,1640.686555,2.503489,20,20,474,0,474,0,0
823.486831,769.619268,1646.571576,2.512469,20,20,475,0,475,0,0
824.708820,770.761321,1649.014957,2.516197,20,20,476,0,476,0,0
825.949903,771.921220,1651.496517,2.519984,20,20,477,0,477,0,0
827.118429,773.013309,1653.833000,2.523549,20,20,478,0,478,0,0
828.333737,774.149118,1656.263021,2.527257,20,20,479,0,479,0,0
829.944003,775.654051,1659.482768,2.532170,20,20,480,0,480,0,0
831.408925,777.023146,1662.411896,2.536639,20,20,481,0,481,0,0
832.870022,778.388667,1665.333377,2.541097,20,20,482,0,482,0,0
834.078678,779.518260,1667.750099,2.544785,20,20,483,0,483,0,0
835.432679,780.783690,1670.457439,2.548916,20,20,484,0,484,0,0
836.795309,782.057185,1673.182034,2.553073,20,20,485,0,485,0,0
838.065535,783.244321,1675.721866,2.556949,20,20,486,0,486,0,0
839.309060,784.406502,1678.208309,2.560743,20,20,487,0,487,0,0
840.560214,785.575813,1680.710006,2.564560,20,20,488,0,488,0,0
841.876215,786.805728,1683.341365,2.568575,20,20,489,0,489,0,0
843.138812,787.985734,1685.865943,2.572427,20,20,490,0,490,0,0
844.550837,789.305392,1688.689302,2.576735,20,20,491,0,491,0,0
845.753404,790.429296,1691.093851,2.580404,20,20,492,0,492,0,0
846.936884,791.535359,1693.460232,2.584015,20,20,493,0,493,0,0
848.196717,792.712782,1695.979283,2.587859,20,20,494,0,494,0,0
849.403103,793.840253,1698.391466,2.591540,20,20,495,0,495,0,0
850.578947,794.939180,1700.742580,2.595127,20,20,496,0,496,0,0
852.010631,796.277212,1703.605249,2.599495,20,20,497,0,497,0,0
853.163831,797.354976,1705.911085,2.603014,20,20,498,0,498,0,0
854.408675,798.518391,1708.400167,2.606812,20,20,499,0,499,0,0
857.198279,801.125515,1713.978011,2.615323,20,20,500,0,500,0,0
858.351478,802.203279,1716.283847,2.618841,20,20,501,0,501,0,0
859.615416,803.384537,1718.811105,2.622698,20,20,502,0,502,0,0
861.215384,804.879846,1722.010261,2.627579,20,20,503,0,503,0,0
862.768044,806.330940,1725.114823,2.632316,20,20,504,0,504,0,0
864.408806,807.864372,1728.395544,2.637322,20,20,505,0,505,0,0
865.697702,809.068957,1730.972708,2.641255,20,20,506,0,506,0,0
866.806842,810.105543,1733.190445,2.644639,20,20,507,0,507,0,0
867.862436,811.092087,1735.301119,2.647859,20,20,508,0,508,0,0
869.055717,812.207311,1737.687099,2.651500,20,20,509,0,509,0,0
870.208445,813.284634,1739.991991,2.655017,20,20,510,0,510,0,0
871.253708,814.261522,1742.082007,2.658206,20,20,511,0,511,0,0
872.287526,815.227715,1744.149139,2.661360,20,20,512,0,512,0,0
873.199270,816.079818,1745.972181,2.664142,20,20,513,0,513,0,0
874.263607,817.074532,1748.100336,2.667389,20,20,514,0,514,0,0
875.175351,817.926635,1749.923378,2.670171,20,20,515,0,515,0,0
876.125243,818.814391,1751.822699,2.673069,20,20,516,0,516,0,0
877.120914,819.744931,1753.813553,2.676107,20,20,517,0,517,0,0
878.040810,820.604653,1755.652897,2.678914,20,20,518,0,518,0,0
879.067741,821.564408,1757.706257,2.682047,20,20,519,0,519,0,0
879.968692,822.406424,1759.507719,2.684796,20,20,520,0,520,0,0
881.022346,823.391155,1761.614513,2.688010,20,20,521,0,521,0,0
881.908026,824.218899,1763.385441,2.690713,20,20,522,0,522,0,0
882.915869,825.160815,1765.400635,2.693788,20,20,523,0,523,0,0
883.900807,826.081324,1767.370029,2.696793,20,20,524,0,524,0,0
884.916285,827.030376,1769.400489,2.699891,20,20,525,0,525,0,0
885.863171,827.915322,1771.293800,2.702780,20,20,526,0,526,0,0
886.848338,828.836046,1773.263653,2.705786,20,20,527,0,527,0,0
887.776227,829.703238,1775.118978,2.708617,20,20,528,0,528,0,0
890.273655,832.037298,1780.112613,2.716236,20,20,529,0,529,0,0
891.285551,832.983002,1782.135911,2.719324,20,20,530,0,530,0,0
892.228714,833.864470,1784.021778,2.722201,20,20,531,0,531,0,0
893.297887,834.863704,1786.159602,2.725463,20,20,532,0,532,0,0
894.294509,835.795133,1788.152359,2.728504,20,20,533,0,533,0,0
895.437145,836.863025,1790.437074,2.731990,20,20,534,0,534,0,0
896.515675,837.871003,1792.593606,2.735281,20,20,535,0,535,0,0
897.716590,838.993362,1794.994851,2.738945,20,20,536,0,536,0,0
898.775997,839.983468,1797.113146,2.742177,20,20,537,0,537,0,0
899.862175,840.998596,1799.284973,2.745491,20,20,538,0,538,0,0
900.822143,841.895768,1801.204440,2.748420,20,20,539,0,539,0,0
901.797409,842.807238,1803.154495,2.751395,20,20,540,0,540,0,0
902.799447,843.743728,1805.158082,2.754453,20,20,541,0,541,0,0
903.719057,844.603183,1806.996853,2.757258,20,20,542,0,542,0,0
904.722412,845.540905,1809.003073,2.760320,20,20,543,0,543,0,0
905.733397,846.485757,1811.024549,2.763404,20,20,544,0,544,0,0
906.687156,847.377127,1812.931603,2.766314,20,20,545,0,545,0,0
907.698142,848.321980,1814.953079,2.769399,20,20,546,0,546,0,0
908.617566,849.181261,1816.791478,2.772204,20,20,547,0,547,0,0
909.556065,850.058369,1818.668019,2.775067,20,20,548,0,548,0,0
910.597570,851.031745,1820.750521,2.778245,20,20,549,0,549,0,0
911.574675,851.944934,1822.704252,2.781226,20,20,550,0,550,0,0
912.490885,852.801211,1824.536225,2.784021,20,20,551,0,551,0,0
913.460540,853.707437,1826.475063,2.786980,20,20,552,0,552,0,0
914.414926,854.599392,1828.383368,2.789892,20,20,553,0,553,0,0
915.361676,855.484212,1830.276406,2.792780,20,20,554,0,554,0,0
916.361872,856.418981,1832.276309,2.795832,20,20,555,0,555,0,0
917.323892,857.318072,1834.199880,2.798767,20,20,556,0,556,0,0
918.358446,858.284951,1836.268483,2.801923,20,20,557,0,557,0,0
919.381664,859.241236,1838.314418,2.805045,20,20,558,0,558,0,0
920.332456,860.129834,1840.215540,2.807946,20,20,559,0,559,0,0
921.275612,861.011294,1842.101391,2.810824,20,20,560,0,560,0,0
922.256953,861.928441,1844.063593,2.813818,20,20,561,0,561,0,0
924.721497,864.231770,1848.991479,2.821337,20,20,562,0,562,0,0
925.668472,865.116799,1850.884965,2.824226,20,20,563,0,563,0,0
926.665086,866.048221,1852.877707,2.827267,20,20,564,0,564,0,0
927.650245,866.968936,1854.847543,2.830273,20,20,565,0,565,0,0
928.586025,867.843504,1856.718647,2.833128,20,20,566,0,566,0,0
929.821349,868.998020,1859.188691,2.836897,20,20,567,0,567,0,0
930.968708,870.070326,1861.482850,2.840397,20,20,568,0,568,0,0
931.959262,870.996084,1863.463474,2.843420,20,20,569,0,569,0,0
933.007184,871.975456,1865.558805,2.846617,20,20,570,0,570,0,0
933.936545,872.844024,1867.417074,2.849452,20,20,571,0,571,0,0
935.179518,874.005689,1869.902413,2.853245,20,20,572,0,572,0,0
936.330702,875.081570,1872.204219,2.856757,20,20,573,0,573,0,0
937.418291,876.098016,1874.378866,2.860075,20,20,574,0,574,0,0
938.486561,877.096406,1876.514885,2.863334,20,20,575,0,575,0,0
939.638767,878.173242,1878.818735,2.866850,20,20,576,0,576,0,0
940.699407,879.164501,1880.939497,2.870086,20,20,577,0,577,0,0
941.660851,880.063053,1882.861914,2.873019,20,20,578,0,578,0,0
942.664262,881.000827,1884.868247,2.876081,20,20,579,0,579,0,0
943.610444,881.885115,1886.760149,2.878968,20,20,580,0,580,0,0
944.533792,882.748063,1888.606394,2.881785,20,20,581,0,581,0,0
945.541627,883.689972,1890.621573,2.884860,20,20,582,0,582,0,0
946.568551,884.649720,1892.674918,2.887993,20,20,583,0,583,0,0
947.587838,885.602332,1894.712996,2.891103,20,20,584,0,584,0,0
948.534593,886.487156,1896.606042,2.893991,20,20,585,0,585,0,0
949.553881,887.439768,1898.644120,2.897101,20,20,586,0,586,0,0
950.576986,888.395948,1900.689832,2.900223,20,20,587,0,587,0,0
950.626615,888.442330,1900.789064,2.900374,21,21,587,0,587,0,0
951.550464,889.305747,1902.636312,2.903193,21,21,588,0,588,0,0
952.565962,890.254817,1904.666812,2.906291,21,21,589,0,589,0,0
953.482391,891.111299,1906.499223,2.909087,21,21,590,0,590,0,0
954.383546,891.953506,1908.301094,2.911836,21,21,591,0,591,0,0
955.403074,892.906342,1910.339651,2.914947,21,21,592,0,592,0,0
957.880317,895.221539,1915.292928,2.922505,21,21,593,0,593,0,0
958.880753,896.156532,1917.293310,2.925557,21,21,594,0,594,0,0
960.041563,897.241409,1919.614364,2.929099,21,21,595,0,595,0,0
961.148915,898.276325,1921.828527,2.932478,21,21,596,0,596,0,0
962.214637,899.272334,1923.959451,2.935729,21,21,597,0,597,0,0
963.304627,900.291023,1926.138899,2.939055,21,21,598,0,598,0,0
964.367846,901.284692,1928.264817,2.942299,21,21,599,0,599,0,0
965.438713,902.285510,1930.406029,2.945566,21,21,600,0,600,0,0
966.456037,903.236287,1932.440181,2.948670,21,21,601,0,601,0,0
967.393046,904.112003,1934.313741,2.951529,21,21,602,0,602,0,0
968.421844,905.073503,1936.370835,2.954667,21,21,603,0,603,0,0
969.358853,905.949218,1938.244395,2.957526,21,21,604,0,604,0,0
970.291314,906.820683,1940.108862,2.960371,21,21,605,0,605,0,0
971.332928,907.794161,1942.191582,2.963549,21,21,606,0,606,0,0
972.260079,908.660664,1944.045431,2.966378,21,21,607,0,607,0,0
973.301694,909.634142,1946.128151,2.969556,21,21,608,0,608,0,0
974.270814,910.539868,1948.065919,2.972513,21,21,609,0,609,0,0
975.201781,911.409937,1949.927397,2.975353,21,21,610,0,610,0,0
976.163271,912.308532,1951.849908,2.978287,21,21,611,0,611,0,0
977.140023,913.221390,1953.802935,2.981267,21,21,612,0,612,0,0
978.097754,914.116473,1955.717931,2.984189,21,21,613,0,613,0,0
979.109416,915.061957,1957.740759,2.987275,21,21,614,0,614,0,0
980.052361,915.943220,1959.626189,2.990152,21,21,615,0,615,0,0
981.106015,916.927952,1961.732984,2.993367,21,21,616,0,616,0,0
982.098589,917.855597,1963.717646,2.996395,21,21,617,0,617,0,0
983.014810,918.711885,1965.549642,2.999191,21,21,618,0,618,0,0
983.969208,919.603851,1967.457971,3.002103,21,21,619,0,619,0,0
985.026680,920.592150,1969.572399,3.005329,21,21,620,0,620,0,0
985.977260,921.480549,1971.473095,3.008229,21,21,621,0,621,0,0
986.989151,922.426248,1973.496383,3.011317,21,21,622,0,622,0,0
987.951409,923.325561,1975.420428,3.014252,21,21,623,0,623,0,0
988.890755,924.203460,1977.298662,3.017118,21,21,624,0,624,0,0
989.891197,925.138460,1979.299058,3.020171,21,21,625,0,625,0,0
992.480284,927.558184,1984.475967,3.028070,21,21,626,0,626,0,0
993.408175,928.425378,1986.331296,3.030901,21,21,627,0,627,0,0
994.404799,929.356808,1988.324057,3.033942,21,21,628,0,628,0,0
995.374693,930.263258,1990.263371,3.036901,21,21,629,0,629,0,0
996.342044,931.167331,1992.197602,3.039852,21,21,630,0,630,0,0
997.355553,932.114542,1994.224126,3.042945,21,21,631,0,631,0,0
998.265799,932.965245,1996.044173,3.045722,21,21,632,0,632,0,0
999.191343,933.830246,1997.894809,3.048546,21,21,633,0,633,0,0
1000.208677,934.781032,1999.928979,3.051649,21,21,634,0,634,0,0
1001.130396,935.642458,2001.771968,3.054462,21,21,635,0,635,0,0
1002.128607,936.575372,2003.767903,3.057507,21,21,636,0,636,0,0
1003.073274,937.458244,2005.656775,3.060389,21,21,637,0,637,0,0
1004.005394,938.329390,2007.520559,3.063233,21,21,638,0,638,0,0
1005.005083,939.263686,2009.519449,3.066283,21,21,639,0,639,0,0
1005.932276,940.130227,2011.373383,3.069112,21,21,640,0,640,0,0
1006.935781,941.068089,2013.379903,3.072174,21,21,641,0,641,0,0
1007.985073,942.048742,2015.477974,3.075375,21,21,642,0,642,0,0
1008.900819,942.904586,2017.309019,3.078169,21,21,643,0,643,0,0
1009.824196,943.767561,2019.155323,3.080987,21,21,644,0,644,0,0
1010.831517,944.708989,2021.169472,3.084060,21,21,645,0,645,0,0
1011.812264,945.625582,2023.130488,3.087052,21,21,646,0,646,0,0
1012.888837,946.631732,2025.283109,3.090337,21,21,647,0,647,0,0
1013.858516,947.537981,2027.221994,3.093295,21,21,648,0,648,0,0
1014.877825,948.490612,2029.260113,3.096405,21,21,649,0,649,0,0
1015.946763,949.489626,2031.397467,3.099667,21,21,650,0,650,0,0
1016.901171,950.381603,2033.305818,3.102578,21,21,651,0,651,0,0
1017.905209,951.319963,2035.313404,3.105642,21,21,652,0,652,0,0
1018.871071,952.222644,2037.244656,3.108589,21,21,653,0,653,0,0
1019.844634,953.132522,2039.191305,3.111559,21,21,654,0,654,0,0
1020.887093,954.106790,2041.275714,3.114740,21,21,655,0,655,0,0
1021.807359,954.966857,2043.115797,3.117547,21,21,656,0,656,0,0
1022.750535,955.848337,2045.001690,3.120425,21,21,657,0,657,0,0
1023.735717,956.769074,2046.971571,3.123431,21,21,658,0,658,0,0
1026.318748,959.183138,2052.136372,3.131312,21,21,659,0,659,0,0
1027.513948,960.300156,2054.526189,3.134958,21,21,660,0,660,0,0
1028.613685,961.327954,2056.725126,3.138313,21,21,661,0,661,0,0
1029.653210,962.299480,2058.803669,3.141485,21,21,662,0,662,0,0
1030.639946,963.221670,2060.776659,3.144496,21,21,663,0,663,0,0
1031.760541,964.268962,2063.017302,3.147915,21,21,664,0,664,0,0
1032.674610,965.123238,2064.844993,3.150703,21,21,665,0,665,0,0
1033.646047,966.031130,2066.787394,3.153667,21,21,666,0,666,0,0
1034.644257,966.964043,2068.783325,3.156713,21,21,667,0,667,0,0
1035.577448,967.836191,2070.649253,3.159560,21,21,668,0,668,0,0
1036.587132,968.779826,2072.668126,3.162641,21,21,669,0,669,0,0
1037.496464,969.629676,2074.486348,3.165415,21,21,670,0,670,0,0
1038.400807,970.474862,2076.294591,3.168174,21,21,671,0,671,0,0
1039.354755,971.366408,2078.202022,3.171085,21,21,672,0,672,0,0
1040.312519,972.261521,2080.117081,3.174007,21,21,673,0,673,0,0
1041.243572,973.131670,2081.978733,3.176847,21,21,674,0,674,0,0
1042.296730,974.115937,2084.084536,3.180061,21,21,675,0,675,0,0
1043.311731,975.064543,2086.114041,3.183157,21,21,676,0,676,0,0
1044.368705,976.052376,2088.227474,3.186382,21,21,677,0,677,0,0
1045.383844,977.001111,2090.257256,3.189479,21,21,678,0,678,0,0
1046.284822,977.843152,2092.058772,3.192228,21,21,679,0,679,0,0
1047.250701,978.745849,2093.990059,3.195175,21,21,680,0,680,0,0
1048.499091,979.912577,2096.486228,3.198984,21,21,681,0,681,0,0
1049.888735,981.211319,2099.264838,3.203224,21,21,682,0,682,0,0
1050.938604,982.192511,2101.364063,3.206427,21,21,683,0,683,0,0
1052.026649,983.209384,2103.539623,3.209747,21,21,684,0,684,0,0
1052.996346,984.115649,2105.478543,3.212705,21,21,685,0,685,0,0
1053.970058,985.025666,2107.425491,3.215676,21,21,686,0,686,0,0
1054.936160,985.928572,2109.357224,3.218624,21,21,687,0,687,0,0
1055.871714,986.802927,2111.227874,3.221478,21,21,688,0,688,0,0
1056.822541,987.691557,2113.129066,3.224379,21,21,689,0,689,0,0
1059.285189,989.993113,2118.053158,3.231893,21,21,690,0,690,0,0
1060.224561,990.871037,2119.931443,3.234759,21,21,691,0,691,0,0
1061.358681,991.930969,2122.199129,3.238219,21,21,692,0,692,0,0
1062.275141,992.787481,2124.031603,3.241015,21,21,693,0,693,0,0
1063.200121,993.651954,2125.881111,3.243837,21,21,694,0,694,0,0
1064.251885,994.634917,2127.984125,3.247046,21,21,695,0,695,0,0
1065.188910,995.510648,2129.857718,3.249905,21,21,696,0,696,0,0
1066.194779,996.450719,2131.868964,3.252974,21,21,697,0,697,0,0
1067.238893,997.426533,2133.956682,3.256159,21,21,698,0,698,0,0
1068.244761,998.366604,2135.967928,3.259228,21,21,699,0,699,0,0
1069.227682,999.285228,2137.933289,3.262227,21,21,700,0,700,0,0
1070.275621,1000.264617,2140.028655,3.265425,21,21,701,0,701,0,0
1071.264791,1001.189082,2142.006514,3.268443,21,21,702,0,702,0,0
1072.375233,1002.226885,2144.226855,3.271831,21,21,703,0,703,0,0
1073.355933,1003.143433,2146.187775,3.274823,21,21,704,0,704,0,0
1074.390055,1004.109910,2148.255515,3.277978,21,21,705,0,705,0,0
1075.397466,1005.051422,2150.269845,3.281051,21,21,706,0,706,0,0
1076.519356,1006.099924,2152.513077,3.284474,21,21,707,0,707,0,0
1077.511503,1007.027171,2154.496887,3.287501,21,21,708,0,708,0,0
1078.587601,1008.032877,2156.648558,3.290785,21,21,709,0,709,0,0
1079.664180,1009.039033,2158.801190,3.294069,21,21,710,0,710,0,0
1080.675890,1009.984563,2160.824116,3.297156,21,21,711,0,711,0,0
1081.706688,1010.947933,2162.885209,3.300301,21,21,712,0,712,0,0
1082.638225,1011.818533,2164.747827,3.303143,21,21,713,0,713,0,0
1083.642299,1012.756927,2166.755485,3.306206,21,21,714,0,714,0,0
1084.699821,1013.745273,2168.870014,3.309433,21,21,715,0,715,0,0
1085.787887,1014.762163,2171.045613,3.312753,21,21,716,0,716,0,0
1086.772897,1015.682740,2173.015152,3.315758,21,21,717,0,717,0,0
1087.719920,1016.567815,2174.908736,3.318647,21,21,718,0,718,0,0
1088.747135,1017.527835,2176.962665,3.321781,21,21,719,0,719,0,0
1089.812536,1018.523545,2179.092947,3.325032,21,21,720,0,720,0,0
1090.927580,1019.565649,2181.322489,3.328434,21,21,721,0,721,0,0
1093.747584,1022.201185,2186.961120,3.337038,21,21,722,0,722,0,0
1094.847353,1023.229014,2189.160122,3.340393,21,21,723,0,723,0,0
1095.962396,1024.271118,2191.389665,3.343795,21,21,724,0,724,0,0
1096.975519,1025.217968,2193.415415,3.346886,21,21,725,0,725,0,0
1097.996746,1026.172392,2195.457370,3.350002,21,21,726,0,726,0,0
1098.903228,1027.019578,2197.269892,3.352768,21,21,727,0,727,0,0
1099.924455,1027.974003,2199.311848,3.355884,21,21,728,0,728,0,0
1100.892135,1028.878382,2201.246735,3.358836,21,21,729,0,729,0,0
1101.894238,1029.814934,2203.250451,3.361893,21,21,730,0,730,0,0
1102.988137,1030.837276,2205.437714,3.365231,21,21,731,0,731,0,0
1103.886970,1031.677313,2207.234942,3.367973,21,21,732,0,732,0,0
1104.860892,1032.587528,2209.182311,3.370945,21,21,733,0,733,0,0
1106.059117,1033.707372,2211.578176,3.374600,21,21,734,0,734,0,0
1106.990222,1034.577570,2213.439932,3.377441,21,21,735,0,735,0,0
1108.012911,1035.533360,2215.484810,3.380562,21,21,736,0,736,0,0
1109.050864,1036.503416,2217.560209,3.383728,21,21,737,0,737,0,0
1110.023945,1037.412844,2219.505896,3.386697,21,21,738,0,738,0,0
1111.031370,1038.354369,2221.520253,3.389771,21,21,739,0,739,0,0
1111.973922,1039.235266,2223.404899,3.392647,21,21,740,0,740,0,0
1112.935873,1040.134292,2225.328330,3.395582,21,21,741,0,741,0,0
1114.016310,1041.144053,2227.488677,3.398878,21,21,742,0,742,0,0
1115.150196,1042.203767,2229.755895,3.402337,21,21,743,0,743,0,0
1116.150459,1043.138599,2231.755933,3.405389,21,21,744,0,744,0,0
1117.158358,1044.080567,2233.771238,3.408464,21,21,745,0,745,0,0
1118.116625,1044.976150,2235.687305,3.411388,21,21,746,0,746,0,0
1119.059622,1045.857461,2237.572837,3.414265,21,21,747,0,747,0,0
1120.101881,1046.831542,2239.656846,3.417445,21,21,748,0,748,0,0
1121.071787,1047.738003,2241.596186,3.420404,21,21,749,0,749,0,0
1122.030277,1048.633794,2243.512698,3.423329,21,21,750,0,750,0,0
1123.076596,1049.611670,2245.604826,3.426521,21,21,751,0,751,0,0
1124.035086,1050.507461,2247.521337,3.429445,21,21,752,0,752,0,0
1126.690211,1052.988903,2252.830289,3.437546,21,21,753,0,753,0,0
1127.690706,1053.923952,2254.830791,3.440599,21,21,754,0,754,0,0
1128.630102,1054.801898,2256.709125,3.443465,21,21,755,0,755,0,0
1129.573317,1055.683414,2258.595094,3.446343,21,21,756,0,756,0,0
1130.604280,1056.646937,2260.656517,3.449488,21,21,757,0,757,0,0
1131.549976,1057.530771,2262.547447,3.452373,21,21,758,0,758,0,0
1132.507020,1058.425211,2264.461068,3.455293,21,21,759,0,759,0,0
1133.513240,1059.365611,2266.473017,3.458363,21,21,760,0,760,0,0
1134.504329,1060.291869,2268.454712,3.461387,21,21,761,0,761,0,0
1135.574857,1061.292369,2270.595245,3.464653,21,21,762,0,762,0,0
1136.554598,1062.208021,2272.554248,3.467643,21,21,763,0,763,0,0
1137.587298,1063.173169,2274.619144,3.470793,21,21,764,0,764,0,0
1138.645237,1064.161904,2276.734506,3.474021,21,21,765,0,765,0,0
1139.593779,1065.048398,2278.631126,3.476915,21,21,766,0,766,0,0
1140.618205,1066.005811,2280.679477,3.480041,21,21,767,0,767,0,0
1141.600894,1066.924219,2282.644376,3.483039,21,21,768,0,768,0,0
1142.849175,1068.090845,2285.140328,3.486847,21,21,769,0,769,0,0
1144.142986,1069.300023,2287.727319,3.490795,21,21,770,0,770,0,0
1145.129470,1070.221977,2289.699805,3.493805,21,21,771,0,771,0,0
1146.204725,1071.226895,2291.849790,3.497085,21,21,772,0,772,0,0
1147.213994,1072.170143,2293.867834,3.500165,21,21,773,0,773,0,0
1148.169942,1073.063559,2295.779265,3.503081,21,21,774,0,774,0,0
1149.209679,1074.035283,2297.858231,3.506253,21,21,775,0,775,0,0
1150.203713,1074.964293,2299.845814,3.509286,21,21,776,0,776,0,0
1151.262493,1075.953814,2301.962856,3.512517,21,21,777,0,777,0,0
1152.298421,1076.921978,2304.034207,3.515677,21,21,778,0,778,0,0
1153.261987,1077.822513,2305.960867,3.518617,21,21,779,0,779,0,0
1154.264265,1078.759228,2307.964934,3.521675,21,21,780,0,780,0,0
1155.278754,1079.707356,2309.993418,3.524770,21,21,781,0,781,0,0
1156.365708,1080.723208,2312.166795,3.528087,21,21,782,0,782,0,0
1157.437406,1081.724802,2314.309668,3.531356,21,21,783,0,783,0,0
1158.783703,1082.983032,2317.001604,3.535464,21,21,784,0,784,0,0
1161.608325,1085.622884,2322.649468,3.544082,21,21,785,0,785,0,0
1162.790625,1086.727845,2325.013491,3.547689,21,21,786,0,786,0,0
1163.784910,1087.657090,2327.001577,3.550723,21,21,787,0,787,0,0
1164.774086,1088.581560,2328.979444,3.553741,21,21,788,0,788,0,0
1166.079953,1089.802005,2331.590541,3.557725,21,21,789,0,789,0,0
1167.272437,1090.916484,2333.974927,3.561363,21,21,790,0,790,0,0
1168.410184,1091.979806,2336.249865,3.564834,21,21,791,0,791,0,0
1169.633946,1093.123517,2338.696791,3.568568,21,21,792,0,792,0,0
1170.728685,1094.146645,2340.885735,3.571908,21,21,793,0,793,0,0
1171.760719,1095.111170,2342.949300,3.575057,21,21,794,0,794,0,0
1172.844095,1096.123677,2345.115523,3.578362,21,21,795,0,795,0,0
1173.823743,1097.039243,2347.074340,3.581351,21,21,796,0,796,0,0
1175.176042,1098.303082,2349.778278,3.585477,21,21,797,0,797,0,0
1176.708903,1099.735673,2352.843252,3.590154,21,21,798,0,798,0,0
1177.942107,1100.888208,2355.309058,3.593916,21,21,799,0,799,0,0
1179.052375,1101.925849,2357.529051,3.597304,21,21,800,0,800,0,0
1179.968857,1102.782380,2359.361568,3.600100,21,21,801,0,801,0,0
1180.996681,1103.742970,2361.416713,3.603236,21,21,802,0,802,0,0
1181.971406,1104.653935,2363.365689,3.606210,21,21,803,0,803,0,0
1182.965096,1105.582623,2365.352582,3.609242,21,21,804,0,804,0,0
1183.951200,1106.504222,2367.324308,3.612250,21,21,805,0,805,0,0
1184.906962,1107.397464,2369.235366,3.615166,21,21,806,0,806,0,0
1185.919615,1108.343875,2371.260177,3.618256,21,21,807,0,807,0,0
1186.917097,1109.276108,2373.254654,3.621299,21,21,808,0,808,0,0
1188.036912,1110.322671,2375.493738,3.624716,21,21,809,0,809,0,0
1189.011397,1111.233412,2377.442233,3.627689,21,21,810,0,810,0,0
1190.081797,1112.233792,2379.582509,3.630955,21,21,811,0,811,0,0
1191.071628,1113.158875,2381.561689,3.633975,21,21,812,0,812,0,0
1192.111336,1114.130571,2383.640596,3.637147,21,21,813,0,813,0,0
1194.424864,1116.292762,2388.266524,3.644206,21,21,814,0,814,0,0
1195.422369,1117.225017,2390.261047,3.647249,21,21,815,0,815,0,0
1196.442894,1118.178784,2392.301597,3.650363,21,21,816,0,816,0,0
1197.489798,1119.157206,2394.394894,3.653557,21,21,817,0,817,0,0
1198.534193,1120.133284,2396.483175,3.656743,21,21,818,0,818,0,0
1199.506167,1121.041677,2398.426649,3.659709,21,21,819,0,819,0,0
1200.577244,1122.042691,2400.568280,3.662977,21,21,820,0,820,0,0
1201.594958,1122.993832,2402.603211,3.666082,21,21,821,0,821,0,0
1202.715587,1124.041156,2404.843921,3.669501,21,21,822,0,822,0,0
1203.752359,1125.010109,2406.916959,3.672664,21,21,823,0,823,0,0
1204.777696,1125.968374,2408.967133,3.675792,21,21,824,0,824,0,0
1205.856129,1126.976262,2411.123472,3.679082,21,21,825,0,825,0,0
1206.911542,1127.962637,2413.233783,3.682303,21,21,826,0,826,0,0
1207.966956,1128.949012,2415.344095,3.685523,21,21,827,0,827,0,0
1209.018573,1129.931838,2417.446815,3.688731,21,21,828,0,828,0,0
1209.982871,1130.833058,2419.374941,3.691673,21,21,829,0,829,0,0
1211.072453,1131.851366,2421.553572,3.694998,21,21,830,0,830,0,0
1211.121807,1131.897491,2421.652256,3.695148,22,22,830,0,830,0,0
1212.105088,1132.816452,2423.618338,3.698148,22,22,831,0,831,0,0
1213.055066,1133.704288,2425.517830,3.701046,22,22,832,0,832,0,0
1214.154602,1134.731899,2427.716365,3.704401,22,22,833,0,833,0,0
1215.204333,1135.712963,2429.815315,3.707604,22,22,834,0,834,0,0
1216.200428,1136.643899,2431.807019,3.710643,22,22,835,0,835,0,0
1217.196523,1137.574836,2433.798723,3.713682,22,22,836,0,836,0,0
1218.173463,1138.487870,2435.752126,3.716663,22,22,837,0,837,0,0
1219.188714,1139.436710,2437.782132,3.719760,22,22,838,0,838,0,0
1220.223121,1140.403452,2439.850440,3.722916,22,22,839,0,839,0,0
1221.212435,1141.328051,2441.828586,3.725935,22,22,840,0,840,0,0
1222.456788,1142.491006,2444.316685,3.729731,22,22,841,0,841,0,0
1223.505271,1143.470904,2446.413139,3.732930,22,22,842,0,842,0,0
1224.726581,1144.612322,2448.855161,3.736656,22,22,843,0,843,0,0
1225.844194,1145.656828,2451.089842,3.740066,22,22,844,0,844,0,0
1228.546417,1148.182288,2456.492968,3.748311,22,22,845,0,845,0,0
1229.594900,1149.162185,2458.589422,3.751510,22,22,846,0,846,0,0
1230.588449,1150.090742,2460.576035,3.754541,22,22,847,0,847,0,0
1231.907181,1151.323211,2463.212856,3.758565,22,22,848,0,848,0,0
1232.871457,1152.224410,2465.140936,3.761507,22,22,849,0,849,0,0
1233.950073,1153.232469,2467.297642,3.764797,22,22,850,0,850,0,0
1234.918160,1154.137230,2469.233343,3.767751,22,22,851,0,851,0,0
1235.901492,1155.056238,2471.199528,3.770751,22,22,852,0,852,0,0
1236.896259,1155.985933,2473.188575,3.773786,22,22,853,0,853,0,0
1238.134953,1157.143599,2475.665358,3.777566,22,22,854,0,854,0,0
1239.196569,1158.135771,2477.788072,3.780805,22,22,855,0,855,0,0
1240.215636,1159.088176,2479.825708,3.783914,22,22,856,0,856,0,0
1241.356382,1160.154302,2482.106643,3.787394,22,22,857,0,857,0,0
1242.307003,1161.042740,2484.007423,3.790295,22,22,858,0,858,0,0
1243.322268,1161.991591,2486.037455,3.793392,22,22,859,0,859,0,0
1244.329926,1162.933335,2488.052281,3.796466,22,22,860,0,860,0,0
1245.329981,1163.867972,2490.051901,3.799518,22,22,861,0,861,0,0
1246.421294,1164.887898,2492.233996,3.802847,22,22,862,0,862,0,0
1247.466419,1165.864657,2494.323735,3.806036,22,22,863,0,863,0,0
1248.424117,1166.759708,2496.238663,3.808958,22,22,864,0,864,0,0
1249.522429,1167.786175,2498.434751,3.812309,22,22,865,0,865,0,0
1250.559935,1168.755814,2500.509256,3.815474,22,22,866,0,866,0,0
1251.624044,1169.750315,2502.636954,3.818721,22,22,867,0,867,0,0
1252.638747,1170.698643,2504.665866,3.821817,22,22,868,0,868,0,0
1253.718058,1171.707351,2506.823960,3.825110,22,22,869,0,869,0,0
1254.730088,1172.653181,2508.847526,3.828198,22,22,870,0,870,0,0
1255.718539,1173.576973,2510.823945,3.831213,22,22,871,0,871,0,0
1256.722255,1174.515032,2512.830888,3.834276,22,22,872,0,872,0,0
1257.802300,1175.524427,2514.990450,3.837571,22,22,873,0,873,0,0
1258.779302,1176.437519,2516.943976,3.840552,22,22,874,0,874,0,0
1259.844080,1177.432646,2519.073014,3.843800,22,22,875,0,875,0,0
1262.400074,1179.821442,2524.183753,3.851599,22,22,876,0,876,0,0
1263.407607,1180.763068,2526.198327,3.854673,22,22,877,0,877,0,0
1264.506862,1181.790417,2528.396301,3.858027,22,22,878,0,878,0,0
1265.434531,1182.657403,2530.251185,3.860857,22,22,879,0,879,0,0
1266.530172,1183.681374,2532.441933,3.864200,22,22,880,0,880,0,0
1267.415848,1184.509114,2534.212851,3.866902,22,22,881,0,881,0,0
1268.404597,1185.433185,2536.189867,3.869919,22,22,882,0,882,0,0
1269.652941,1186.599870,2538.685946,3.873727,22,22,883,0,883,0,0
1270.679866,1187.559620,2540.739295,3.876860,22,22,884,0,884,0,0
1271.760237,1188.569320,2542.899509,3.880157,22,22,885,0,885,0,0
1272.736423,1189.481649,2544.851403,3.883135,22,22,886,0,886,0,0
1273.727289,1190.407698,2546.832652,3.886158,22,22,887,0,887,0,0
1274.805809,1191.415668,2548.989165,3.889449,22,22,888,0,888,0,0
1275.827163,1192.370212,2551.031375,3.892565,22,22,889,0,889,0,0
1276.939982,1193.410237,2553.256470,3.895960,22,22,890,0,890,0,0
1277.995636,1194.396836,2555.367261,3.899181,22,22,891,0,891,0,0
1278.986502,1195.322886,2557.348511,3.902204,22,22,892,0,892,0,0
1279.984991,1196.256059,2559.345000,3.905251,22,22,893,0,893,0,0
1280.922824,1197.132545,2561.220209,3.908112,22,22,894,0,894,0,0
1281.959827,1198.101713,2563.293708,3.911276,22,22,895,0,895,0,0
1283.000642,1199.074445,2565.374830,3.914451,22,22,896,0,896,0,0
1284.056707,1200.061428,2567.486445,3.917673,22,22,897,0,897,0,0
1285.028897,1200.970024,2569.430350,3.920640,22,22,898,0,898,0,0
1286.081150,1201.953444,2571.534342,3.923850,22,22,899,0,899,0,0
1287.083840,1202.890544,2573.539233,3.926909,22,22,900,0,900,0,0
1288.384319,1204.105954,2576.139555,3.930877,22,22,901,0,901,0,0
1289.629041,1205.269254,2578.628393,3.934675,22,22,902,0,902,0,0
1290.808855,1206.371891,2580.987444,3.938274,22,22,903,0,903,0,0
1291.946669,1207.435276,2583.262516,3.941746,22,22,904,0,904,0,0
1292.977574,1208.398746,2585.323822,3.944891,22,22,905,0,905,0,0
1294.019933,1209.372920,2587.408033,3.948071,22,22,906,0,906,0,0
1296.521796,1211.711126,2592.410537,3.955705,22,22,907,0,907,0,0
1297.522156,1212.646049,2594.410768,3.958757,22,22,908,0,908,0,0
1298.591247,1213.645206,2596.548428,3.962018,22,22,909,0,909,0,0
1299.637429,1214.622953,2598.640281,3.965210,22,22,910,0,910,0,0
1300.698884,1215.614974,2600.762674,3.968449,22,22,911,0,911,0,0
1301.767976,1216.614132,2602.900334,3.971711,22,22,912,0,912,0,0
1302.718704,1217.502669,2604.801325,3.974611,22,22,913,0,913,0,0
1303.661795,1218.384069,2606.687048,3.977489,22,22,914,0,914,0,0
1304.761432,1219.411774,2608.885785,3.980844,22,22,915,0,915,0,0
1305.719788,1220.307441,2610.802030,3.983768,22,22,916,0,916,0,0
1306.788203,1221.305966,2612.938338,3.987027,22,22,917,0,917,0,0
1307.772671,1222.226036,2614.906793,3.990031,22,22,918,0,918,0,0
1308.760955,1223.149673,2616.882878,3.993046,22,22,919,0,919,0,0
1309.795028,1224.116103,2618.950519,3.996201,22,22,920,0,920,0,0
1310.756601,1225.014776,2620.873196,3.999135,22,22,921,0,921,0,0
1311.893700,1226.077492,2623.146839,4.002604,22,22,922,0,922,0,0
1313.118561,1227.222230,2625.595963,4.006341,22,22,923,0,923,0,0
1314.320289,1228.345348,2627.998831,4.010008,22,22,924,0,924,0,0
1315.338696,1229.297137,2630.035147,4.013115,22,22,925,0,925,0,0
1316.387616,1230.277443,2632.132477,4.016315,22,22,926,0,926,0,0
1317.428908,1231.250620,2634.214552,4.019492,22,22,927,0,927,0,0
1318.630399,1232.373517,2636.616947,4.023158,22,22,928,0,928,0,0
1319.789933,1233.457201,2638.935449,4.026696,22,22,929,0,929,0,0
1320.808339,1234.408989,2640.971764,4.029803,22,22,930,0,930,0,0
1321.857396,1235.389423,2643.069366,4.033004,22,22,931,0,931,0,0
1322.819582,1236.288669,2644.993268,4.035939,22,22,932,0,932,0,0
1323.789404,1237.195051,2646.932439,4.038898,22,22,933,0,933,0,0
1324.953955,1238.283424,2649.260971,4.042451,22,22,934,0,934,0,0
1326.259778,1239.503828,2651.871980,4.046436,22,22,935,0,935,0,0
1327.386147,1240.556516,2654.124167,4.049872,22,22,936,0,936,0,0
1330.120293,1243.111811,2659.591126,4.058214,22,22,937,0,937,0,0
1331.177934,1244.100268,2661.705891,4.061441,22,22,938,0,938,0,0
1332.247041,1245.099440,2663.843583,4.064703,22,22,939,0,939,0,0
1333.381059,1246.159278,2666.111066,4.068163,22,22,940,0,940,0,0
1334.518896,1247.222684,2668.386183,4.071634,22,22,941,0,941,0,0
1335.630005,1248.261111,2670.607858,4.075024,22,22,942,0,942,0,0
1336.836570,1249.388749,2673.020399,4.078705,22,22,943,0,943,0,0
1338.211137,1250.673401,2675.768863,4.082899,22,22,944,0,944,0,0
1339.314575,1251.704658,2677.975199,4.086266,22,22,945,0,945,0,0
1340.348450,1252.670904,2680.042446,4.089420,22,22,946,0,946,0,0
1341.313655,1253.572971,2681.972384,4.092365,22,22,947,0,947,0,0
1342.339901,1254.532086,2684.024374,4.095496,22,22,948,0,948,0,0
1343.266956,1255.398498,2685.878031,4.098325,22,22,949,0,949,0,0
1344.285571,1256.350482,2687.914765,4.101432,22,22,950,0,950,0,0
1345.273666,1257.273942,2689.890473,4.104447,22,22,951,0,951,0,0
1346.185461,1258.126092,2691.713616,4.107229,22,22,952,0,952,0,0
1347.104885,1258.985373,2693.552016,4.110034,22,22,953,0,953,0,0
1348.135432,1259.948508,2695.612608,4.113178,22,22,954,0,954,0,0
1349.101188,1260.851090,2697.543647,4.116125,22,22,955,0,955,0,0
1350.055491,1261.742968,2699.451788,4.119037,22,22,956,0,956,0,0
1351.139580,1262.756143,2701.619436,4.122344,22,22,957,0,957,0,0
1352.025174,1263.583806,2703.390191,4.125046,22,22,958,0,958,0,0
1352.975660,1264.472117,2705.290700,4.127946,22,22,959,0,959,0,0
1354.055932,1265.481724,2707.450716,4.131242,22,22,960,0,960,0,0
1355.098032,1266.455656,2709.534406,4.134421,22,22,961,0,961,0,0
1356.224335,1267.508284,2711.786463,4.137858,22,22,962,0,962,0,0
1357.239959,1268.457472,2713.817216,4.140956,22,22,963,0,963,0,0
1358.351037,1269.495869,2716.038828,4.144346,22,22,964,0,964,0,0
1359.362843,1270.441489,2718.061946,4.147433,22,22,965,0,965,0,0
1360.305922,1271.322877,2719.947644,4.150311,22,22,966,0,966,0,0
1361.298637,1272.250655,2721.932590,4.153340,22,22,967,0,967,0,0
1363.793849,1274.582645,2726.921795,4.160952,22,22,968,0,968,0,0
1364.714020,1275.442624,2728.761687,4.163760,22,22,969,0,969,0,0
1365.835544,1276.490784,2731.004187,4.167182,22,22,970,0,970,0,0
1366.762156,1277.356784,2732.856961,4.170009,22,22,971,0,971,0,0
1367.684941,1278.219205,2734.702078,4.172824,22,22,972,0,972,0,0
1368.711107,1279.178246,2736.753911,4.175955,22,22,973,0,973,0,0
1369.683668,1280.087188,2738.698557,4.178922,22,22,974,0,974,0,0
1370.667716,1281.006865,2740.666172,4.181925,22,22,975,0,975,0,0
1371.686224,1281.958749,2742.702692,4.185032,22,22,976,0,976,0,0
1372.616666,1282.828327,2744.563122,4.187871,22,22,977,0,977,0,0
1373.518049,1283.670747,2746.365448,4.190621,22,22,978,0,978,0,0
1374.580468,1284.663668,2748.489766,4.193863,22,22,979,0,979,0,0
1375.665652,1285.677866,2750.659604,4.197173,22,22,980,0,980,0,0
1376.610445,1286.560857,2752.548730,4.200056,22,22,981,0,981,0,0
1377.631125,1287.514770,2754.589592,4.203170,22,22,982,0,982,0,0
1378.560741,1288.383576,2756.448370,4.206006,22,22,983,0,983,0,0
1379.524506,1289.284297,2758.375429,4.208947,22,22,984,0,984,0,0
1380.503449,1290.199203,2760.332836,4.211934,22,22,985,0,985,0,0
1381.434042,1291.068922,2762.193567,4.214773,22,22,986,0,986,0,0
1382.426055,1291.996044,2764.177110,4.217800,22,22,987,0,987,0,0
1383.364857,1292.873436,2766.054256,4.220664,22,22,988,0,988,0,0
1384.493700,1293.928436,2768.311390,4.224108,22,22,989,0,989,0,0
1385.409698,1294.784515,2770.142938,4.226903,22,22,990,0,990,0,0
1386.344699,1295.658354,2772.012484,4.229755,22,22,991,0,991,0,0
1387.332911,1296.581924,2773.988427,4.232770,22,22,992,0,992,0,0
1388.393340,1297.572985,2776.108766,4.236006,22,22,993,0,993,0,0
1389.636662,1298.734977,2778.594804,4.239799,22,22,994,0,994,0,0
1390.580689,1299.617251,2780.482396,4.242679,22,22,995,0,995,0,0
1391.543825,1300.517385,2782.408198,4.245618,22,22,996,0,996,0,0
1392.549003,1301.456810,2784.418063,4.248685,22,22,997,0,997,0,0
1393.512140,1302.356944,2786.343866,4.251623,22,22,998,0,998,0,0
1394.444700,1303.228502,2788.208532,4.254469,22,22,999,0,999,0,0
1395.476632,1304.192931,2790.271892,4.257617,22,22,1000,0,1000,0,0
1398.101514,1306.646109,2795.520374,4.265626,22,22,1001,0,1001,0,0
1399.054670,1307.536915,2797.426220,4.268534,22,22,1002,0,1002,0,0
1400.156676,1308.566835,2799.629695,4.271896,22,22,1003,0,1003,0,0
1401.118992,1309.466201,2801.553855,4.274832,22,22,1004,0,1004,0,0
1402.120110,1310.401832,2803.555603,4.277886,22,22,1005,0,1005,0,0
1403.059143,1311.279440,2805.433212,4.280751,22,22,1006,0,1006,0,0
1403.994296,1312.153421,2807.303061,4.283605,22,22,1007,0,1007,0,0
1404.952731,1313.049161,2809.219463,4.286529,22,22,1008,0,1008,0,0
1405.922807,1313.955780,2811.159141,4.289488,22,22,1009,0,1009,0,0
1406.886565,1314.856494,2813.086186,4.292429,22,22,1010,0,1010,0,0
1407.887209,1315.791682,2815.086985,4.295482,22,22,1011,0,1011,0,0
1408.858314,1316.699264,2817.028721,4.298445,22,22,1012,0,1012,0,0
1410.006655,1317.772487,2819.324842,4.301948,22,22,1013,0,1013,0,0
1410.885449,1318.593796,2821.082002,4.304630,22,22,1014,0,1014,0,0
1411.819124,1319.466395,2822.948896,4.307478,22,22,1015,0,1015,0,0
1412.914812,1320.490410,2825.139737,4.310821,22,22,1016,0,1016,0,0
1413.850156,1321.364569,2827.009967,4.313675,22,22,1017,0,1017,0,0
1414.789266,1322.242248,2828.887729,4.316540,22,22,1018,0,1018,0,0
1415.808439,1323.194753,2830.925578,4.319650,22,22,1019,0,1019,0,0
1416.705465,1324.033101,2832.719191,4.322386,22,22,1020,0,1020,0,0
1417.659747,1324.924960,2834.627290,4.325298,22,22,1021,0,1021,0,0
1418.644567,1325.845358,2836.596449,4.328303,22,22,1022,0,1022,0,0
1419.728631,1326.858510,2838.764049,4.331610,22,22,1023,0,1023,0,0
1420.904307,1327.957280,2841.114826,4.335197,22,22,1024,0,1024,0,0
1421.992189,1328.974000,2843.290059,4.338516,22,22,1025,0,1025,0,0
1423.032966,1329.946695,2845.371105,4.341692,22,22,1026,0,1026,0,0
1424.141095,1330.982336,2847.586821,4.345073,22,22,1027,0,1027,0,0
1425.130358,1331.906888,2849.564864,4.348091,22,22,1028,0,1028,0,0
1426.092781,1332.806355,2851.489240,4.351027,22,22,1029,0,1029,0,0
1427.066707,1333.716573,2853.436617,4.353999,22,22,1030,0,1030,0,0
1427.952443,1334.544369,2855.207656,4.356701,22,22,1031,0,1031,0,0
1428.861185,1335.393667,2857.024696,4.359474,22,22,1032,0,1032,0,0
1431.474256,1337.835807,2862.249563,4.367446,22,22,1033,0,1033,0,0
1432.440824,1338.739147,2864.182226,4.370395,22,22,1034,0,1034,0,0
1433.349629,1339.588503,2865.999392,4.373168,22,22,1035,0,1035,0,0
1434.497387,1340.661182,2868.294348,4.376670,22,22,1036,0,1036,0,0
1435.484537,1341.583759,2870.268167,4.379682,22,22,1037,0,1037,0,0
1436.444267,1342.480709,2872.187158,4.382610,22,22,1038,0,1038,0,0
1437.478425,1343.447219,2874.254969,4.385765,22,22,1039,0,1039,0,0
1438.395084,1344.303915,2876.087839,4.388562,22,22,1040,0,1040,0,0
1439.330775,1345.178399,2877.958764,4.391417,22,22,1041,0,1041,0,0
1440.573519,1346.339850,2880.443645,4.395208,22,22,1042,0,1042,0,0
1441.535350,1347.238764,2882.366837,4.398143,22,22,1043,0,1043,0,0
1442.493379,1348.134124,2884.282428,4.401066,22,22,1044,0,1044,0,0
1443.512235,1349.086333,2886.319643,4.404174,22,22,1045,0,1045,0,0
1444.458859,1349.971035,2888.212429,4.407062,22,22,1046,0,1046,0,0
1445.599370,1351.036940,2890.492894,4.410542,22,22,1047,0,1047,0,0
1702.622408,1591.247074,3404.413472,5.194723,22,22,1048,0,1048,0,0
1703.688493,1592.243423,3406.545122,5.197975,22,22,1049,0,1049,0,0
1703.737509,1592.289232,3406.643129,5.198125,23,23,1049,0,1049,0,0
1710.592841,1598.696130,3420.350447,5.219041,23,23,1050,0,1050,0,0
1711.550226,1599.590889,3422.264750,5.221962,23,23,1051,0,1051,0,0
1712.570695,1600.544604,3424.305189,5.225075,23,23,1052,0,1052,0,0
1713.472418,1601.387342,3426.108195,5.227826,23,23,1053,0,1053,0,0
1714.363009,1602.219676,3427.888942,5.230543,23,23,1054,0,1054,0,0
1715.450272,1603.235817,3430.062937,5.233861,23,23,1055,0,1055,0,0
1743.373199,1629.332193,3485.895156,5.319054,23,23,1056,0,1056,0,0
1744.341434,1630.237093,3487.831155,5.322008,23,23,1057,0,1057,0,0
1745.305988,1631.138551,3489.759792,5.324951,23,23,1058,0,1058,0,0
1746.207957,1631.981519,3491.563288,5.327703,23,23,1059,0,1059,0,0
1747.194600,1632.903621,3493.536093,5.330713,23,23,1060,0,1060,0,0
1748.229103,1633.870453,3495.604593,5.333869,23,23,1061,0,1061,0,0
1760.394685,1645.240236,3519.929818,5.370987,24,24,1061,0,1061,0,0
1979.698988,1850.198969,3958.431344,6.040087,25,25,1061,0,1061,0,0
2243.297539,2096.554485,4485.499737,6.844329,26,26,1061,0,1061,0,0
2450.065852,2289.797257,4898.935405,7.475182,26,26,1062,0,1062,0,0
2451.020494,2290.689452,4900.844222,7.478095,27,27,1062,0,1062,0,0
4462.534483,4170.622275,8922.890033,13.615250,27,27,1063,0,1063,0,0
4462.587702,4170.672013,8922.996445,13.615412,28,28,1063,0,1063,0,0
4467.477620,4175.242062,8932.773894,13.630331,28,28,1064,0,1064,0,0
4468.587614,4176.279447,8934.993340,13.633718,28,28,1065,0,1065,0,0
4469.811867,4177.423617,8937.441248,13.637453,28,28,1066,0,1066,0,0
4471.062748,4178.592673,8939.942400,13.641270,28,28,1067,0,1067,0,0
4472.017068,4179.484567,8941.850574,13.644181,28,28,1068,0,1068,0,0
4473.062638,4180.461741,8943.941203,13.647371,28,28,1069,0,1069,0,0
4474.115812,4181.446023,8946.047036,13.650584,28,28,1070,0,1070,0,0
4475.073933,4182.341470,8947.962812,13.653508,28,28,1071,0,1071,0,0
4476.073878,4183.276004,8949.962213,13.656559,28,28,1072,0,1072,0,0
4477.180173,4184.309933,8952.174263,13.659934,28,28,1073,0,1073,0,0
4478.160903,4185.226508,8954.135243,13.662926,28,28,1074,0,1074,0,0
4479.251868,4186.246110,8956.316641,13.666255,28,28,1075,0,1075,0,0
4480.365642,4187.287027,8958.543645,13.669653,28,28,1076,0,1076,0,0
4481.331166,4188.189392,8960.474221,13.672599,28,28,1077,0,1077,0,0
4482.387920,4189.177020,8962.587214,13.675823,28,28,1078,0,1078,0,0
4483.361047,4190.086490,8964.532992,13.678792,28,28,1079,0,1079,0,0
4484.379788,4191.038592,8966.569977,13.681900,28,28,1080,0,1080,0,0
4485.447953,4192.036884,8968.705786,13.685159,28,28,1081,0,1081,0,0
4486.443896,4192.967678,8970.697186,13.688198,28,28,1082,0,1082,0,0
4488.557424,4194.942952,8974.923209,13.694646,28,28,1083,0,1083,0,0
4490.975056,4197.202437,8979.757293,13.702022,28,28,1084,0,1084,0,0
4492.423355,4198.555996,8982.653183,13.706441,28,28,1085,0,1085,0,0
4493.841250,4199.881142,8985.488282,13.710767,28,28,1086,0,1086,0,0
4494.894220,4200.865232,8987.593706,13.713980,28,28,1087,0,1087,0,0
4499.842204,4205.489549,8997.487259,13.729076,28,28,1088,0,1088,0,0
4501.028220,4206.597983,8999.858712,13.732695,28,28,1089,0,1089,0,0
4502.214236,4207.706417,9002.230165,13.736313,28,28,1090,0,1090,0,0
4503.278780,4208.701325,9004.358733,13.739561,28,28,1091,0,1091,0,0
4504.427000,4209.774435,9006.654612,13.743064,28,28,1092,0,1092,0,0
4506.521931,4211.732329,9010.843452,13.749456,28,28,1093,0,1093,0,0
4508.533217,4213.612049,9014.865042,13.755592,28,28,1094,0,1094,0,0
4510.814361,4215.743973,9019.426215,13.762552,28,28,1095,0,1095,0,0
4513.258573,4218.028300,9024.313445,13.770010,28,28,1096,0,1096,0,0
4514.414157,4219.108292,9026.624049,13.773535,28,28,1097,0,1097,0,0
4517.744063,4222.220376,9033.282236,13.783695,28,28,1098,0,1098,0,0
4518.800576,4223.207779,9035.394747,13.786918,28,28,1099,0,1099,0,0
4519.818717,4224.159319,9037.430531,13.790025,28,28,1100,0,1100,0,0
4520.878647,4225.149914,9039.549873,13.793258,28,28,1101,0,1101,0,0
4522.109533,4226.300284,9042.011045,13.797014,28,28,1102,0,1102,0,0
4524.176207,4228.231768,9046.143383,13.803319,28,28,1103,0,1103,0,0
4527.285506,4231.137676,9052.360464,13.812806,28,28,1104,0,1104,0,0
4528.465471,4232.240454,9054.719817,13.816406,28,28,1105,0,1105,0,0
4530.882495,4234.499371,9059.552684,13.823780,28,28,1106,0,1106,0,0
4536.056117,4239.334566,9069.897404,13.839565,28,28,1107,0,1107,0,0
4536.116909,4239.391381,9070.018957,13.839751,29,29,1107,0,1107,0,0
4537.185557,4240.390124,9072.155731,13.843011,29,29,1108,0,1108,0,0
4539.319063,4242.384070,9076.421703,13.849520,29,29,1109,0,1109,0,0
4541.482886,4244.406348,9080.748292,13.856122,29,29,1110,0,1110,0,0
4542.570482,4245.422800,9082.922952,13.859441,30,30,1110,0,1110,0,0
4545.729083,4248.374784,9089.238612,13.869077,30,30,1111,0,1111,0,0
4549.261949,4251.676551,9096.302619,13.879856,30,30,1112,0,1112,0,0
4552.463969,4254.669114,9102.705094,13.889626,30,30,1113,0,1113,0,0
4554.624021,4256.687868,9107.024144,13.896216,30,30,1114,0,1114,0,0
4562.191724,4263.760538,9122.155855,13.919305,30,30,1115,0,1115,0,0
4568.447266,4269.606880,9134.663886,13.938391,31,30,1115,0,1115,0,0
4577.931691,4278.470891,9153.628105,13.967328,31,30,1116,0,1116,0,0
4580.779130,4281.132067,9159.321591,13.976016,31,30,1117,0,1117,0,0
4585.687463,4285.719327,9169.135861,13.990991,31,30,1118,0,1118,0,0
4591.620005,4291.263797,9180.998048,14.009091,31,30,1119,0,1119,0,0
4595.263307,4294.668777,9188.282873,14.020207,31,30,1120,0,1120,0,0
4597.684525,4296.931614,9193.124128,14.027594,31,30,1121,0,1121,0,0
4627.288334,4324.598919,9252.317291,14.117916,31,30,1122,0,1122,0,0
4635.591567,4332.359004,9268.919702,14.143249,31,30,1123,0,1123,0,0
4643.666400,4339.905630,9285.065425,14.167885,31,30,1124,0,1124,0,0
4682.789238,4376.469287,9363.291999,14.287250,31,30,1125,0,1125,0,0
4685.266547,4378.784545,9368.245407,14.294808,31,30,1126,0,1126,0,0
4688.051833,4381.387635,9373.814620,14.303306,31,30,1127,0,1127,0,0
4693.685390,4386.652678,9385.078983,14.320494,31,30,1128,0,1128,0,0
4713.158193,4404.851687,9424.015081,14.379906,32,30,1128,0,1128,0,0
4729.589797,4420.208435,9456.870267,14.430039,32,30,1129,0,1129,0,0
4751.674828,4440.848795,9501.029544,14.497421,32,30,1130,0,1130,0,0
4753.675676,4442.718760,9505.030264,14.503525,32,30,1131,0,1131,0,0
4755.657343,4444.570798,9508.992630,14.509571,32,30,1132,0,1132,0,0
4757.764153,4446.539793,9513.205221,14.515999,32,30,1133,0,1133,0,0
4762.440892,4450.910608,9522.556414,14.530268,32,30,1134,0,1134,0,0
4764.377712,4452.720733,9526.429109,14.536177,32,30,1135,0,1135,0,0
4766.291742,4454.509558,9530.256234,14.542017,32,30,1136,0,1136,0,0
4780.051769,4467.369487,9557.769570,14.583999,32,30,1137,0,1137,0,0
4783.713866,4470.792032,9565.091976,14.595172,32,30,1138,0,1138,0,0
4792.897762,4479.375173,9583.455284,14.623192,32,30,1139,0,1139,0,0
4792.950897,4479.424832,9583.561529,14.623354,33,30,1139,0,1139,0,0
4800.221827,4486.220141,9598.099838,14.645538,33,30,1140,0,1140,0,0
4812.888547,4498.058280,9623.427093,14.684184,33,30,1141,0,1141,0,0
4816.479611,4501.414439,9630.607469,14.695141,33,30,1142,0,1142,0,0
4818.228064,4503.048518,9634.103520,14.700475,33,30,1143,0,1143,0,0
4820.075128,4504.774758,9637.796746,14.706111,33,30,1144,0,1144,0,0
4838.707370,4522.188191,9675.052132,14.762958,33,30,1145,0,1145,0,0
4844.680495,4527.770590,9686.995466,14.781182,33,30,1146,0,1146,0,0
4853.809381,4536.302319,9705.248781,14.809034,33,30,1147,0,1147,0,0
4855.657227,4538.029290,9708.943570,14.814672,33,30,1148,0,1148,0,0
4857.330485,4539.593093,9712.289269,14.819777,33,30,1149,0,1149,0,0
4875.736747,4556.795328,9749.092805,14.875935,33,30,1150,0,1150,0,0
4901.552085,4580.921983,9800.710878,14.954698,33,30,1151,0,1151,0,0
4903.304164,4582.559451,9804.214181,14.960044,33,30,1152,0,1152,0,0
4911.166033,4589.907043,9819.934079,14.984030,33,30,1153,0,1153,0,0
4913.021224,4591.640879,9823.643555,14.989690,33,30,1154,0,1154,0,0
4926.169425,4603.929004,9849.933538,15.029806,33,30,1155,0,1155,0,0
4931.542679,4608.950772,9860.677422,15.046200,33,30,1156,0,1156,0,0
4935.224592,4612.391836,9868.039450,15.057433,33,30,1157,0,1157,0,0
4944.251073,4620.827859,9886.088005,15.084973,33,30,1158,0,1158,0,0
4958.551488,4634.192826,9914.681852,15.128604,33,30,1159,0,1159,0,0
4962.053208,4637.465485,9921.683583,15.139288,33,30,1160,0,1160,0,0
4970.383866,4645.251201,9938.340831,15.164705,33,30,1161,0,1161,0,0
4980.469030,4654.676654,9958.506234,15.195475,33,30,1162,0,1162,0,0
4982.407735,4656.488541,9962.382697,15.201390,33,30,1163,0,1163,0,0
4997.876232,4670.945182,9993.312138,15.248584,33,30,1164,0,1164,0,0
5016.900127,4688.724648,10031.350640,15.306626,33,30,1165,0,1165,0,0
5020.772920,4692.344106,10039.094336,15.318442,33,30,1166,0,1166,0,0
5026.532022,4697.726483,10050.609728,15.336013,33,30,1167,0,1167,0,0
5039.694274,4710.027739,10076.927805,15.376172,33,30,1168,0,1168,0,0
5068.756155,4737.188566,10135.037376,15.464840,33,30,1169,0,1169,0,0
5072.399128,4740.593237,10142.321543,15.475955,33,30,1170,0,1170,0,0
5075.927806,4743.891091,10149.377177,15.486721,33,30,1171,0,1171,0,0
5077.846313,4745.684101,10153.213255,15.492574,33,30,1172,0,1172,0,0
5079.653310,4747.372894,10156.826365,15.498087,33,30,1173,0,1173,0,0
5085.082956,4752.447366,10167.683007,15.514653,33,30,1174,0,1174,0,0
5120.489657,4785.537973,10238.479120,15.622679,33,30,1175,0,1175,0,0
5133.486628,4797.684760,10264.466717,15.662333,33,30,1176,0,1176,0,0
5144.382168,4807.867579,10286.252476,15.695576,33,30,1177,0,1177,0,0
5199.218631,4859.116971,10395.898628,15.862882,33,30,1178,0,1178,0,0
5214.255012,4873.169761,10425.964046,15.908759,33,30,1179,0,1179,0,0
5219.663876,4878.224810,10436.779134,15.925261,33,30,1180,0,1180,0,0
5275.101324,4930.035874,10547.626962,16.094401,33,30,1181,0,1181,0,0
5277.067154,4931.873110,10551.557661,16.100399,33,30,1182,0,1182,0,0
5307.996977,4960.779690,10613.402206,16.194767,33,30,1183,0,1183,0,0
5334.414280,4985.468932,10666.223912,16.275366,33,30,1184,0,1184,0,0
5340.091308,4990.774602,10677.575196,16.292687,33,30,1185,0,1185,0,0
5370.233230,5018.944821,10737.844323,16.384650,33,30,1186,0,1186,0,0
5372.157971,5020.743657,10741.692865,16.390523,33,30,1187,0,1187,0,0
5378.206055,5026.396112,10753.786081,16.408975,33,30,1188,0,1188,0,0
5394.579680,5041.698673,10786.525335,16.458931,33,30,1189,0,1189,0,0
5398.455397,5045.320864,10794.274877,16.470756,33,30,1190,0,1190,0,0
5420.365107,5065.797372,10838.083599,16.537603,33,30,1191,0,1191,0,0
5422.186854,5067.499951,10841.726204,16.543161,33,30,1192,0,1192,0,0
5429.732138,5074.551668,10856.813088,16.566182,33,30,1193,0,1193,0,0
5435.794814,5080.217760,10868.935479,16.584679,33,30,1194,0,1194,0,0
5457.808683,5100.791614,10912.952468,16.651844,33,30,1195,0,1195,0,0
5476.387836,5118.155431,10950.101704,16.708529,33,30,1196,0,1196,0,0
5510.884117,5150.395172,11019.077421,16.813778,33,30,1197,0,1197,0,0
5518.237244,5157.267302,11033.780085,16.836212,33,30,1198,0,1198,0,0
5529.532722,5167.823897,11056.365525,16.870675,33,30,1199,0,1199,0,0
5538.653336,5176.347895,11074.602300,16.898502,33,30,1200,0,1200,0,0
5542.319862,5179.774579,11081.933562,16.909689,33,30,1201,0,1201,0,0
5565.933631,5201.843677,11129.149570,16.981735,33,30,1202,0,1202,0,0
5594.229012,5228.288144,11185.726516,17.068064,33,30,1203,0,1203,0,0
5599.964334,5233.648296,11197.194360,17.085563,33,30,1204,0,1204,0,0
5632.436456,5263.996287,11262.122749,17.184636,33,30,1205,0,1205,0,0
5656.391814,5286.384629,11310.021767,17.257724,33,30,1206,0,1206,0,0
5671.097574,5300.128427,11339.426108,17.302591,33,30,1207,0,1207,0,0
5673.040137,5301.943919,11343.310285,17.308518,33,30,1208,0,1208,0,0
5697.068730,5324.400705,11391.355738,17.381829,33,30,1209,0,1209,0,0
5727.500746,5352.842041,11452.204910,17.474678,33,30,1210,0,1210,0,0
5759.472429,5382.722329,11516.132667,17.572224,33,30,1211,0,1211,0,0
5765.862758,5388.694641,11528.910204,17.591721,33,30,1212,0,1212,0,0
5794.349627,5415.318070,11585.870033,17.678635,33,30,1213,0,1213,0,0
5812.892999,5432.648446,11622.947723,17.735211,33,30,1214,0,1214,0,0
5836.093482,5454.331293,11669.337361,17.805996,33,30,1215,0,1215,0,0
5916.783386,5529.742949,11830.677771,18.052182,33,30,1216,0,1216,0,0
5926.050309,5538.403684,11849.207091,18.080455,33,30,1217,0,1217,0,0
5927.845069,5540.081043,11852.795736,18.085931,33,30,1218,0,1218,0,0
5933.346832,5545.222913,11863.796575,18.102717,33,30,1219,0,1219,0,0
5935.240140,5546.992373,11867.582267,18.108493,33,30,1220,0,1220,0,0
5951.920234,5562.581355,11900.934310,18.159385,33,30,1221,0,1221,0,0
5972.565412,5581.876049,11942.214586,18.222373,33,30,1222,0,1222,0,0
5978.173239,5587.117046,11953.427501,18.239483,33,30,1223,0,1223,0,0
6012.139198,5618.861156,12021.342834,18.343113,33,30,1224,0,1224,0,0
6035.075042,5640.296674,12067.203323,18.413091,33,30,1225,0,1225,0,0
6046.132569,5650.630885,12089.312979,18.446828,33,30,1226,0,1226,0,0
6049.950528,5654.199096,12096.947033,18.458476,33,30,1227,0,1227,0,0
6074.666342,5677.298149,12146.366592,18.533885,33,30,1228,0,1228,0,0
6078.232638,5680.631159,12153.497442,18.544765,33,30,1229,0,1229,0,0
6105.029672,5705.675293,12207.078427,18.626523,33,30,1230,0,1230,0,0
6136.660017,5735.236571,12270.323673,18.723028,33,30,1231,0,1231,0,0
6165.480320,5762.171622,12327.950206,18.810959,33,30,1232,0,1232,0,0
6174.714844,5770.802079,12346.414745,18.839134,33,30,1233,0,1233,0,0
6205.864553,5799.914162,12408.698954,18.934172,33,30,1234,0,1234,0,0
6227.001961,5819.668887,12450.963450,18.998662,33,30,1235,0,1235,0,0
6235.989095,5828.068136,12468.933328,19.026082,33,30,1236,0,1236,0,0
6267.051686,5857.098799,12531.043344,19.120855,33,30,1237,0,1237,0,0
6286.256059,5875.046938,12569.442713,19.179447,33,30,1238,0,1238,0,0
6342.269201,5927.396036,12681.441647,19.350344,33,30,1239,0,1239,0,0
6521.272234,6094.689766,13039.360311,19.896485,33,30,1240,0,1240,0,0
6550.109209,6121.640399,13097.020180,19.984467,33,30,1241,0,1241,0,0
6845.821806,6398.009253,13688.300985,20.886690,34,31,1241,0,1241,0,0
7564.846853,7070.000000,15126.000000,23.080444,34,31,1241,0,1241,0,0
