relative_time_sec,total_execs,coverage_seen,coverage_percent,interesting_test_cases,corpus_size,unique_bugs,unique_crashes,validity_bugs,functional_bugs,bonus_bugs
61.000000,22468,909.000000,1.387024,60,60,187,15,3,53,131
66.000000,24086,909.000000,1.387024,61,61,209,16,4,63,142
71.000000,25390,909.000000,1.387024,62,62,236,16,4,77,155
76.000000,27139,909.000000,1.387024,63,63,269,16,4,93,172
81.000000,27932,909.000000,1.387024,64,64,341,16,4,139,198
86.000000,29782,909.000000,1.387024,64,64,381,16,4,171,206
91.000000,31792,909.000000,1.387024,64,64,392,17,5,176,211
96.000000,33934,909.000000,1.387024,64,64,404,17,5,183,216
101.000000,35458,909.000000,1.387024,65,65,411,17,5,183,223
106.000000,37509,909.000000,1.387024,65,65,427,17,6,186,235
112.000000,38804,909.000000,1.387024,65,65,448,17,6,196,246
117.000000,39874,909.000000,1.387024,65,65,481,17,6,221,254
122.000000,40831,909.000000,1.387024,65,65,557,17,7,250,300
127.000000,42318,909.000000,1.387024,65,65,574,17,7,263,304
132.000000,43867,909.000000,1.387024,65,65,620,17,9,293,318
137.000000,44958,909.000000,1.387024,65,65,656,17,9,307,340
142.000000,45913,909.000000,1.387024,65,65,725,18,11,324,390
147.000000,48222,909.000000,1.387024,65,65,744,18,11,335,398
152.000000,49938,909.000000,1.387024,65,65,764,18,12,348,404
157.000000,51734,909.000000,1.387024,65,65,800,18,12,361,427
162.000000,53645,909.000000,1.387024,65,65,811,18,12,364,435
167.000000,55609,909.000000,1.387024,65,65,833,18,16,369,448
172.000000,57558,909.000000,1.387024,65,65,838,18,16,370,452
178.000000,58992,909.000000,1.387024,65,65,857,18,20,378,459
183.000000,60618,909.000000,1.387024,65,65,887,18,29,390,468
188.000000,62832,909.000000,1.387024,65,65,899,18,29,397,473
193.000000,64446,909.000000,1.387024,65,65,912,18,29,402,481
198.000000,66393,909.000000,1.387024,65,65,925,18,29,408,488
203.000000,68204,909.000000,1.387024,65,65,935,18,29,413,493
208.000000,70090,909.000000,1.387024,65,65,941,18,29,415,497
213.000000,71797,909.000000,1.387024,66,66,954,18,29,423,502
218.000000,73446,909.000000,1.387024,66,66,966,18,29,426,511
223.000000,74354,909.000000,1.387024,66,66,998,18,30,443,525
229.000000,76346,909.000000,1.387024,66,66,1007,18,30,444,533
234.000000,77974,909.000000,1.387024,67,67,1031,18,30,453,548
239.000000,79863,909.000000,1.387024,67,67,1053,18,30,461,562
244.000000,80609,909.000000,1.387024,80,80,1065,19,30,462,573
249.000000,81037,909.000000,1.387024,86,86,1090,20,30,462,598
254.000000,81629,909.000000,1.387024,91,91,1111,20,30,462,619
259.000000,82237,909.000000,1.387024,91,91,1159,20,31,466,662
264.000000,83858,909.000000,1.387024,91,91,1210,20,31,472,707
269.000000,84856,909.000000,1.387024,91,91,1234,22,31,484,719
274.000000,86915,909.000000,1.387024,91,91,1258,22,32,487,739
279.000000,88430,909.000000,1.387024,91,91,1274,22,33,497,744
285.000000,89562,909.000000,1.387024,91,91,1287,23,33,499,755
290.000000,90802,909.000000,1.387024,93,93,1299,24,33,499,767
295.000000,92553,909.000000,1.387024,93,93,1325,24,33,510,782
300.000000,94697,909.000000,1.387024,93,93,1332,24,33,512,787
305.000000,96517,909.000000,1.387024,93,93,1352,24,33,517,802
311.000000,98114,909.000000,1.387024,93,93,1373,24,33,517,823
316.000000,99838,909.000000,1.387024,93,93,1386,24,33,523,830
321.000000,101486,909.000000,1.387024,93,93,1409,25,33,529,847
326.000000,102627,909.000000,1.387024,93,93,1429,27,33,535,861
331.000000,104823,909.000000,1.387024,93,93,1439,27,34,542,863
336.000000,106626,909.000000,1.387024,93,93,1453,27,34,546,873
341.000000,108390,909.000000,1.387024,93,93,1477,27,34,550,893
346.000000,110127,909.000000,1.387024,94,94,1484,27,34,552,898
351.000000,111783,909.000000,1.387024,94,94,1499,27,34,553,912
356.000000,113205,909.000000,1.387024,94,94,1512,27,34,560,918
362.000000,114653,909.000000,1.387024,94,94,1546,27,34,584,928
367.000000,116414,909.000000,1.387024,94,94,1561,27,34,587,940
372.000000,117904,909.000000,1.387024,95,95,1576,27,34,589,953
377.000000,118956,909.000000,1.387024,98,98,1592,27,34,590,968
382.000000,120837,909.000000,1.387024,99,99,1601,27,34,593,974
387.000000,121856,909.000000,1.387024,102,102,1605,27,34,595,976
392.000000,122332,909.000000,1.387024,104,104,1606,27,34,595,977
397.000000,123956,909.000000,1.387024,104,104,1609,27,35,596,978
403.000000,126050,909.000000,1.387024,104,104,1623,27,35,602,986
408.000000,127802,909.000000,1.387024,104,104,1628,27,35,602,991
413.000000,129403,909.000000,1.387024,104,104,1647,27,35,603,1009
418.000000,131039,909.000000,1.387024,104,104,1659,27,35,604,1020
423.000000,132714,909.000000,1.387024,104,104,1677,27,35,604,1038
428.000000,134082,909.000000,1.387024,105,105,1690,27,35,609,1046
433.000000,135941,909.000000,1.387024,105,105,1715,27,35,627,1053
439.000000,137297,909.000000,1.387024,105,105,1729,27,35,628,1066
444.000000,139348,909.000000,1.387024,105,105,1736,27,35,631,1070
449.000000,141406,909.000000,1.387024,105,105,1758,27,35,643,1080
454.000000,143183,909.000000,1.387024,105,105,1763,27,35,644,1084
459.000000,144444,909.000000,1.387024,105,105,1774,28,35,650,1089
464.000000,145834,909.000000,1.387024,105,105,1783,28,35,650,1098
469.000000,147770,909.000000,1.387024,105,105,1790,28,35,652,1103
474.000000,149313,909.000000,1.387024,105,105,1802,28,35,656,1111
479.000000,150935,909.000000,1.387024,105,105,1810,28,35,661,1114
484.000000,152579,909.000000,1.387024,105,105,1814,28,35,662,1117
489.000000,154338,909.000000,1.387024,105,105,1830,28,35,667,1128
494.000000,155934,909.000000,1.387024,105,105,1833,28,35,667,1131
500.000000,157281,909.000000,1.387024,106,106,1839,28,35,667,1137
505.000000,158451,909.000000,1.387024,106,106,1869,29,35,675,1159
510.000000,160407,909.000000,1.387024,106,106,1872,29,36,676,1160
515.000000,162295,909.000000,1.387024,106,106,1880,29,36,676,1168
520.000000,163980,909.000000,1.387024,106,106,1884,29,37,677,1170
525.000000,165845,909.000000,1.387024,106,106,1892,29,37,681,1174
530.000000,167831,909.000000,1.387024,106,106,1895,29,37,683,1175
535.000000,169927,909.000000,1.387024,106,106,1903,29,37,688,1178
541.000000,171973,909.000000,1.387024,106,106,1913,29,38,692,1183
546.000000,173459,909.000000,1.387024,106,106,1934,29,38,692,1204
551.000000,174701,909.000000,1.387024,106,106,1943,29,38,695,1210
556.000000,175910,909.000000,1.387024,106,106,1955,29,38,702,1215
561.000000,176706,909.000000,1.387024,106,106,1957,29,38,702,1217
566.000000,177458,909.000000,1.387024,106,106,1961,29,38,704,1219
571.000000,178806,909.000000,1.387024,106,106,1964,29,38,706,1220
577.000000,180664,909.000000,1.387024,106,106,1982,29,38,708,1236
582.000000,181631,909.000000,1.387024,107,107,1994,29,38,709,1247
587.000000,183015,909.000000,1.387024,107,107,2004,29,39,710,1255
592.000000,184117,909.000000,1.387024,107,107,2011,29,39,715,1257
597.000000,185045,909.000000,1.387024,107,107,2014,29,39,717,1258
602.000000,185794,909.000000,1.387024,107,107,2015,29,39,717,1259
607.000000,186745,909.000000,1.387024,107,107,2022,29,39,721,1262
612.000000,187714,909.000000,1.387024,107,107,2039,29,40,733,1266
617.000000,188769,909.000000,1.387024,107,107,2056,29,40,737,1279
622.000000,189646,909.000000,1.387024,107,107,2065,29,40,737,1288
628.000000,191022,909.000000,1.387024,107,107,2084,29,40,746,1298
633.000000,192470,909.000000,1.387024,107,107,2097,29,40,751,1306
638.000000,194053,909.000000,1.387024,107,107,2103,29,40,755,1308
643.000000,195625,909.000000,1.387024,107,107,2117,29,40,766,1311
648.000000,197172,909.000000,1.387024,107,107,2119,29,40,767,1312
653.000000,198804,909.000000,1.387024,107,107,2123,29,40,769,1314
658.000000,199813,909.000000,1.387024,107,107,2128,29,40,774,1314
663.000000,200486,909.000000,1.387024,107,107,2194,29,40,774,1380
668.000000,201682,909.000000,1.387024,107,107,2202,29,40,775,1387
673.000000,202582,909.000000,1.387024,108,108,2246,32,40,793,1413
678.000000,203924,909.000000,1.387024,108,108,2305,32,40,795,1470
684.000000,205240,909.000000,1.387024,108,108,2313,32,40,797,1476
689.000000,206248,909.000000,1.387024,109,109,2332,32,40,804,1488
694.000000,207713,909.000000,1.387024,109,109,2342,32,40,805,1497
699.000000,209115,909.000000,1.387024,109,109,2358,32,40,806,1512
704.000000,210097,909.000000,1.387024,109,109,2372,32,40,806,1526
709.000000,211825,909.000000,1.387024,109,109,2375,32,40,808,1527
714.000000,212796,909.000000,1.387024,109,109,2380,32,40,809,1531
719.000000,214224,909.000000,1.387024,109,109,2387,32,42,812,1533
724.000000,215170,909.000000,1.387024,109,109,2398,32,42,812,1544
729.000000,216934,909.000000,1.387024,109,109,2407,32,42,816,1549
734.000000,218363,909.000000,1.387024,110,110,2413,32,42,818,1553
739.000000,219520,909.000000,1.387024,110,110,2423,32,42,819,1562
745.000000,220966,909.000000,1.387024,110,110,2436,32,42,825,1569
750.000000,221844,909.000000,1.387024,110,110,2449,32,42,834,1573
755.000000,223420,909.000000,1.387024,110,110,2452,32,42,834,1576
760.000000,224753,909.000000,1.387024,110,110,2474,32,42,838,1594
765.000000,226063,909.000000,1.387024,110,110,2485,32,42,838,1605
770.000000,227385,909.000000,1.387024,110,110,2495,32,42,838,1615
775.000000,228352,909.000000,1.387024,110,110,2522,32,45,839,1638
780.000000,229196,909.000000,1.387024,111,111,2538,32,45,847,1646
786.000000,230179,909.000000,1.387024,111,111,2578,32,45,873,1660
791.000000,231555,909.000000,1.387024,111,111,2584,32,45,874,1665
796.000000,232793,909.000000,1.387024,111,111,2592,32,45,874,1673
801.000000,233761,909.000000,1.387024,111,111,2592,32,45,874,1673
806.000000,234603,909.000000,1.387024,111,111,2607,32,45,878,1684
811.000000,235507,909.000000,1.387024,111,111,2635,32,45,887,1703
816.000000,236927,909.000000,1.387024,111,111,2646,32,45,887,1714
821.000000,238344,909.000000,1.387024,111,111,2652,32,45,888,1719
826.000000,239997,909.000000,1.387024,111,111,2656,32,45,891,1720
831.000000,241333,909.000000,1.387024,111,111,2659,32,45,891,1723
837.000000,242509,909.000000,1.387024,111,111,2669,32,45,895,1729
842.000000,243545,909.000000,1.387024,111,111,2676,32,45,896,1735
847.000000,245232,909.000000,1.387024,111,111,2681,32,45,897,1739
852.000000,246197,909.000000,1.387024,111,111,2695,32,45,902,1748
857.000000,247638,909.000000,1.387024,111,111,2699,32,45,904,1750
862.000000,248758,909.000000,1.387024,111,111,2708,32,45,905,1758
867.000000,250282,909.000000,1.387024,111,111,2718,32,45,910,1763
872.000000,251425,909.000000,1.387024,111,111,2724,32,45,911,1768
878.000000,252397,909.000000,1.387024,111,111,2738,32,45,912,1781
883.000000,253859,909.000000,1.387024,111,111,2752,32,45,913,1794
888.000000,255145,909.000000,1.387024,111,111,2756,32,45,914,1797
893.000000,256265,909.000000,1.387024,111,111,2765,32,45,914,1806
898.000000,257907,909.000000,1.387024,111,111,2778,32,45,918,1815
903.000000,258935,909.000000,1.387024,111,111,2798,32,45,924,1829
908.000000,260352,909.000000,1.387024,111,111,2808,32,45,929,1834
913.000000,262187,909.000000,1.387024,111,111,2812,32,45,931,1836
918.000000,263307,909.000000,1.387024,111,111,2820,32,46,931,1843
924.000000,264607,909.000000,1.387024,111,111,2827,32,46,932,1849
929.000000,265689,909.000000,1.387024,111,111,2839,32,46,932,1861
934.000000,266477,909.000000,1.387024,111,111,2846,32,46,934,1866
939.000000,267994,909.000000,1.387024,111,111,2860,32,46,937,1877
944.000000,268524,909.000000,1.387024,111,111,2864,32,46,938,1880
949.000000,269314,909.000000,1.387024,111,111,2879,32,46,943,1890
954.000000,270498,909.000000,1.387024,111,111,2893,32,46,943,1904
959.000000,271752,909.000000,1.387024,111,111,2901,32,46,943,1912
964.000000,272779,909.000000,1.387024,111,111,2915,32,46,944,1925
969.000000,273911,909.000000,1.387024,111,111,2920,32,46,945,1929
974.000000,274992,909.000000,1.387024,111,111,2928,32,46,946,1936
979.000000,275888,909.000000,1.387024,111,111,2934,32,46,946,1942
985.000000,277017,909.000000,1.387024,111,111,2937,32,46,947,1944
990.000000,277648,909.000000,1.387024,111,111,2942,32,46,947,1949
995.000000,278845,909.000000,1.387024,111,111,2945,32,46,947,1952
1000.000000,279787,909.000000,1.387024,111,111,2953,32,46,948,1959
1005.000000,281212,909.000000,1.387024,111,111,2965,32,47,949,1969
1010.000000,282390,909.000000,1.387024,111,111,2969,32,47,950,1972
1015.000000,283571,909.000000,1.387024,111,111,2974,32,47,952,1975
1020.000000,284545,909.000000,1.387024,111,111,2986,32,47,960,1979
1025.000000,285193,909.000000,1.387024,111,111,3002,32,47,960,1995
1030.000000,286343,909.000000,1.387024,111,111,3002,32,47,960,1995
1036.000000,287021,909.000000,1.387024,111,111,3010,32,47,960,2003
1041.000000,287733,909.000000,1.387024,111,111,3019,32,47,960,2012
1046.000000,288631,909.000000,1.387024,111,111,3025,32,47,961,2017
1051.000000,289306,909.000000,1.387024,111,111,3031,32,47,961,2023
1056.000000,290324,909.000000,1.387024,111,111,3037,32,47,961,2029
1061.000000,291129,909.000000,1.387024,111,111,3040,32,47,962,2031
1067.000000,291665,909.000000,1.387024,111,111,3057,32,47,963,2047
1072.000000,292625,909.000000,1.387024,111,111,3068,32,47,972,2049
1077.000000,293760,909.000000,1.387024,111,111,3070,32,47,972,2051
1082.000000,294928,909.000000,1.387024,111,111,3083,32,47,975,2061
1087.000000,295915,909.000000,1.387024,111,111,3093,32,48,977,2068
1092.000000,296814,909.000000,1.387024,111,111,3104,32,48,983,2073
1097.000000,297533,909.000000,1.387024,111,111,3110,32,48,984,2078
1102.000000,298175,909.000000,1.387024,111,111,3130,32,48,998,2084
1107.000000,298730,909.000000,1.387024,111,111,3187,32,48,1000,2139
1112.000000,299900,909.000000,1.387024,111,111,3188,32,48,1000,2140
1118.000000,300613,909.000000,1.387024,111,111,3203,32,48,1007,2148
1123.000000,301453,909.000000,1.387024,111,111,3207,32,48,1007,2152
1128.000000,301909,909.000000,1.387024,111,111,3209,32,48,1007,2154
1133.000000,303077,909.000000,1.387024,111,111,3228,32,48,1011,2169
1138.000000,304589,909.000000,1.387024,111,111,3240,32,48,1014,2178
1143.000000,306106,909.000000,1.387024,111,111,3244,32,48,1014,2182
1148.000000,307428,909.000000,1.387024,111,111,3256,32,48,1015,2193
1153.000000,308749,909.000000,1.387024,111,111,3265,32,48,1022,2195
1159.000000,309811,909.000000,1.387024,111,111,3291,32,48,1032,2211
1164.000000,310909,909.000000,1.387024,111,111,3303,32,48,1032,2223
1169.000000,312265,909.000000,1.387024,111,111,3310,32,48,1033,2229
1174.000000,313810,909.000000,1.387024,111,111,3321,32,48,1035,2238
1179.000000,315360,909.000000,1.387024,111,111,3332,32,48,1036,2248
1184.000000,316994,909.000000,1.387024,111,111,3342,32,48,1041,2253
1189.000000,318454,909.000000,1.387024,111,111,3354,32,48,1041,2265
1194.000000,320224,909.000000,1.387024,111,111,3365,32,48,1044,2273
1199.000000,322161,909.000000,1.387024,111,111,3368,32,48,1044,2276
1205.000000,324066,909.000000,1.387024,111,111,3376,32,48,1045,2283
1210.000000,325611,909.000000,1.387024,111,111,3381,32,48,1045,2288
1215.000000,327102,909.000000,1.387024,111,111,3394,32,48,1047,2299
1220.000000,329122,909.000000,1.387024,111,111,3404,32,49,1050,2305
1225.000000,330557,909.000000,1.387024,111,111,3413,32,49,1051,2313
1230.000000,331792,909.000000,1.387024,111,111,3444,32,49,1053,2342
1235.000000,333341,909.000000,1.387024,111,111,3458,32,49,1057,2352
1240.000000,335104,909.000000,1.387024,111,111,3471,32,49,1057,2365
1245.000000,336669,909.000000,1.387024,111,111,3486,32,49,1059,2378
1250.000000,337850,909.000000,1.387024,111,111,3522,32,49,1064,2409
1255.000000,338594,909.000000,1.387024,111,111,3546,32,51,1069,2426
1260.000000,340052,909.000000,1.387024,111,111,3569,33,51,1076,2442
1265.000000,340816,909.000000,1.387024,111,111,3578,33,51,1078,2449
1271.000000,342163,909.000000,1.387024,111,111,3591,33,51,1084,2456
1276.000000,343950,909.000000,1.387024,111,111,3604,33,51,1089,2464
1281.000000,345904,909.000000,1.387024,111,111,3620,33,51,1094,2475
1286.000000,347795,909.000000,1.387024,111,111,3631,33,51,1096,2484
1291.000000,349679,909.000000,1.387024,111,111,3637,33,51,1098,2488
1296.000000,350922,909.000000,1.387024,111,111,3654,33,51,1100,2503
1301.000000,351666,909.000000,1.387024,111,111,3685,33,51,1110,2524
1306.000000,353684,909.000000,1.387024,111,111,3694,33,51,1113,2530
1311.000000,355188,909.000000,1.387024,111,111,3711,33,51,1113,2547
1316.000000,356258,909.000000,1.387024,111,111,3727,33,51,1113,2563
1322.000000,357876,909.000000,1.387024,111,111,3744,33,51,1115,2578
1327.000000,359763,909.000000,1.387024,111,111,3751,33,52,1115,2584
1332.000000,361231,909.000000,1.387024,111,111,3770,33,52,1116,2602
1337.000000,362598,909.000000,1.387024,111,111,3779,33,52,1116,2611
1342.000000,364534,909.000000,1.387024,111,111,3802,33,52,1128,2622
1347.000000,366330,909.000000,1.387024,111,111,3814,33,52,1130,2632
1352.000000,368023,909.000000,1.387024,111,111,3829,33,52,1137,2640
1357.000000,369482,909.000000,1.387024,111,111,3850,34,52,1138,2660
1362.000000,371211,909.000000,1.387024,111,111,3857,34,52,1142,2663
1367.000000,372853,909.000000,1.387024,111,111,3866,34,52,1147,2667
1372.000000,374493,909.000000,1.387024,111,111,3876,34,52,1150,2674
1377.000000,376048,909.000000,1.387024,111,111,3884,34,52,1150,2682
1382.000000,377398,909.000000,1.387024,111,111,3890,34,52,1152,2686
1388.000000,379048,909.000000,1.387024,111,111,3895,34,52,1152,2691
1393.000000,380971,909.000000,1.387024,111,111,3907,34,52,1156,2699
1398.000000,381932,909.000000,1.387024,112,112,3922,34,52,1158,2712
1403.000000,383496,909.000000,1.387024,112,112,3933,34,52,1159,2722
1408.000000,385520,909.000000,1.387024,112,112,3946,34,52,1163,2731
1413.000000,387170,909.000000,1.387024,112,112,3965,34,52,1164,2749
1418.000000,389038,909.000000,1.387024,112,112,3979,34,52,1169,2758
1423.000000,390690,909.000000,1.387024,112,112,3983,34,52,1169,2762
1429.000000,392280,909.000000,1.387024,112,112,3991,34,52,1174,2765
1434.000000,394038,909.000000,1.387024,112,112,3998,34,52,1176,2770
1439.000000,395829,909.000000,1.387024,112,112,4016,34,52,1177,2787
1444.000000,397659,909.000000,1.387024,112,112,4033,34,52,1182,2799
1449.000000,399445,909.000000,1.387024,112,112,4043,34,52,1184,2807
1454.000000,401050,909.000000,1.387024,112,112,4048,34,52,1185,2811
1460.000000,402943,909.000000,1.387024,112,112,4068,34,52,1187,2829
1465.000000,404321,909.000000,1.387024,112,112,4087,34,53,1190,2844
1470.000000,406047,909.000000,1.387024,112,112,4107,34,53,1199,2855
1475.000000,407932,909.000000,1.387024,112,112,4141,34,53,1227,2861
1480.000000,409458,909.000000,1.387024,112,112,4152,34,53,1229,2870
1485.000000,411476,909.000000,1.387024,112,112,4161,34,53,1232,2876
1490.000000,413687,909.000000,1.387024,112,112,4171,34,53,1233,2885
1495.000000,415623,909.000000,1.387024,112,112,4179,34,54,1235,2890
1500.000000,417206,909.000000,1.387024,112,112,4199,34,54,1238,2907
1506.000000,418564,909.000000,1.387024,112,112,4213,34,54,1244,2915
1511.000000,420195,909.000000,1.387024,112,112,4221,34,54,1245,2922
1516.000000,422088,909.000000,1.387024,112,112,4229,34,54,1245,2930
1521.000000,424175,909.000000,1.387024,112,112,4239,34,54,1248,2937
1526.000000,426310,909.000000,1.387024,112,112,4252,34,54,1249,2949
1531.000000,427873,909.000000,1.387024,112,112,4261,34,54,1249,2958
1536.000000,429324,909.000000,1.387024,112,112,4287,34,55,1249,2983
1541.000000,431106,909.000000,1.387024,112,112,4308,34,55,1249,3004
1546.000000,433067,909.000000,1.387024,112,112,4325,34,55,1249,3021
1551.000000,434524,909.000000,1.387024,112,112,4342,34,55,1251,3036
1557.000000,436490,909.000000,1.387024,112,112,4361,34,55,1253,3053
1562.000000,438124,909.000000,1.387024,112,112,4368,34,55,1255,3058
1567.000000,439508,909.000000,1.387024,112,112,4373,34,55,1257,3061
1572.000000,440317,909.000000,1.387024,113,113,4387,34,55,1258,3074
1577.000000,442254,909.000000,1.387024,113,113,4393,34,55,1259,3079
1582.000000,443795,909.000000,1.387024,113,113,4403,34,55,1260,3088
1587.000000,445580,909.000000,1.387024,113,113,4412,34,55,1261,3096
1592.000000,447433,909.000000,1.387024,113,113,4422,34,55,1263,3104
1597.000000,449703,909.000000,1.387024,113,113,4429,34,55,1264,3110
1602.000000,451097,909.000000,1.387024,113,113,4447,34,55,1265,3127
1608.000000,452979,909.000000,1.387024,113,113,4457,34,55,1266,3136
1613.000000,454440,909.000000,1.387024,113,113,4473,34,55,1268,3150
1618.000000,455777,909.000000,1.387024,113,113,4480,34,55,1268,3157
1623.000000,458076,909.000000,1.387024,113,113,4499,34,55,1273,3171
1628.000000,459938,909.000000,1.387024,113,113,4511,34,55,1274,3182
1633.000000,461762,909.000000,1.387024,113,113,4521,34,55,1276,3190
1639.000000,463061,909.000000,1.387024,113,113,4535,34,55,1279,3201
1644.000000,464660,909.000000,1.387024,113,113,4555,34,55,1282,3218
1649.000000,466072,909.000000,1.387024,113,113,4560,34,55,1283,3222
1654.000000,468388,909.000000,1.387024,113,113,4561,34,55,1283,3223
1659.000000,470141,909.000000,1.387024,113,113,4590,34,55,1301,3234
1664.000000,472054,909.000000,1.387024,113,113,4609,34,55,1305,3249
1669.000000,474186,909.000000,1.387024,113,113,4625,34,55,1307,3263
1674.000000,476440,909.000000,1.387024,113,113,4633,34,55,1307,3271
1679.000000,478370,909.000000,1.387024,113,113,4638,34,55,1307,3276
1684.000000,480101,909.000000,1.387024,113,113,4647,34,55,1308,3284
1689.000000,481769,909.000000,1.387024,113,113,4672,34,55,1314,3303
1695.000000,483501,909.000000,1.387024,113,113,4697,34,55,1321,3321
1700.000000,485474,909.000000,1.387024,113,113,4700,34,55,1321,3324
1705.000000,487019,909.000000,1.387024,113,113,4713,34,55,1321,3337
1710.000000,488919,909.000000,1.387024,113,113,4720,34,55,1323,3342
1715.000000,490844,909.000000,1.387024,113,113,4731,34,55,1330,3346
1720.000000,492622,909.000000,1.387024,113,113,4738,34,55,1335,3348
1725.000000,493583,909.000000,1.387024,113,113,4755,34,55,1335,3365
1731.000000,494917,909.000000,1.387024,113,113,4798,34,64,1348,3386
1736.000000,496856,909.000000,1.387024,113,113,4810,34,64,1352,3394
1741.000000,498887,909.000000,1.387024,113,113,4817,34,64,1355,3398
1746.000000,500726,909.000000,1.387024,113,113,4837,34,64,1364,3409
1751.000000,502123,909.000000,1.387024,113,113,4858,34,64,1364,3430
1756.000000,504195,909.000000,1.387024,113,113,4867,34,64,1366,3437
1761.000000,506308,909.000000,1.387024,113,113,4882,34,64,1368,3450
1766.000000,507713,909.000000,1.387024,113,113,4911,34,64,1374,3473
1772.000000,509615,909.000000,1.387024,113,113,4921,34,64,1374,3483
1777.000000,510908,909.000000,1.387024,113,113,4929,34,64,1375,3490
1782.000000,512821,909.000000,1.387024,113,113,4937,34,64,1378,3495
1787.000000,514361,909.000000,1.387024,113,113,4945,34,64,1378,3503
1792.000000,515846,909.000000,1.387024,113,113,4950,34,64,1381,3505
1797.000000,517551,909.000000,1.387024,113,113,4962,34,64,1382,3516
1802.000000,519072,909.000000,1.387024,113,113,4979,34,64,1383,3532
1808.000000,520811,909.000000,1.387024,113,113,5006,34,64,1384,3558
1813.000000,522675,909.000000,1.387024,113,113,5011,34,64,1385,3562
1818.000000,524359,909.000000,1.387024,113,113,5022,34,64,1388,3570
1823.000000,526613,909.000000,1.387024,113,113,5032,34,64,1391,3577
1828.000000,528471,909.000000,1.387024,113,113,5043,34,64,1392,3587
1833.000000,530517,909.000000,1.387024,113,113,5053,34,64,1398,3591
1838.000000,532235,909.000000,1.387024,113,113,5061,34,64,1403,3594
1843.000000,533947,909.000000,1.387024,113,113,5064,34,64,1405,3595
1849.000000,535995,909.000000,1.387024,113,113,5075,34,64,1412,3599
1854.000000,538245,909.000000,1.387024,113,113,5085,34,64,1414,3607
1859.000000,540210,909.000000,1.387024,113,113,5094,34,64,1417,3613
1864.000000,542511,909.000000,1.387024,113,113,5103,34,64,1422,3617
1869.000000,544559,909.000000,1.387024,113,113,5114,34,64,1424,3626
1874.000000,546280,909.000000,1.387024,113,113,5127,34,64,1426,3637
1879.000000,548248,909.000000,1.387024,113,113,5145,34,64,1435,3646
1884.000000,549824,909.000000,1.387024,113,113,5152,34,64,1435,3653
1890.000000,552244,909.000000,1.387024,113,113,5158,34,64,1435,3659
1895.000000,554011,909.000000,1.387024,113,113,5164,34,64,1436,3664
1900.000000,555899,909.000000,1.387024,113,113,5167,34,64,1437,3666
1905.000000,556792,909.000000,1.387024,113,113,5183,34,64,1437,3682
1910.000000,558395,909.000000,1.387024,113,113,5190,34,64,1437,3689
1915.000000,559419,909.000000,1.387024,113,113,5218,34,64,1440,3714
1920.000000,560946,909.000000,1.387024,113,113,5287,34,64,1455,3768
1925.000000,562652,909.000000,1.387024,113,113,5305,34,64,1455,3786
1931.000000,563741,909.000000,1.387024,113,113,5324,34,64,1456,3804
1936.000000,564814,909.000000,1.387024,113,113,5325,34,64,1456,3805
1941.000000,566476,909.000000,1.387024,113,113,5347,34,64,1457,3826
1946.000000,567597,909.000000,1.387024,113,113,5370,34,64,1470,3836
1951.000000,569464,909.000000,1.387024,113,113,5390,34,68,1471,3851
1956.000000,570941,909.000000,1.387024,113,113,5411,34,68,1471,3872
1961.000000,572665,909.000000,1.387024,113,113,5429,34,68,1472,3889
1966.000000,574301,909.000000,1.387024,113,113,5438,34,68,1474,3896
1972.000000,575902,909.000000,1.387024,113,113,5451,34,68,1474,3909
1977.000000,577390,909.000000,1.387024,113,113,5461,34,68,1477,3916
1982.000000,579005,909.000000,1.387024,113,113,5472,34,68,1481,3923
1987.000000,580974,909.000000,1.387024,113,113,5485,34,69,1486,3930
1992.000000,583015,909.000000,1.387024,113,113,5493,34,69,1486,3938
1997.000000,584413,909.000000,1.387024,113,113,5504,34,70,1487,3947
2002.000000,586161,909.000000,1.387024,113,113,5527,34,70,1490,3967
2007.000000,587703,909.000000,1.387024,113,113,5549,34,70,1498,3981
2012.000000,589799,909.000000,1.387024,113,113,5563,34,70,1501,3992
2017.000000,591715,909.000000,1.387024,113,113,5567,34,70,1501,3996
2023.000000,593175,909.000000,1.387024,113,113,5582,34,70,1503,4009
2028.000000,594745,909.000000,1.387024,113,113,5591,34,70,1506,4015
2033.000000,596392,909.000000,1.387024,113,113,5607,34,70,1506,4031
2038.000000,597502,909.000000,1.387024,113,113,5620,34,70,1507,4043
2043.000000,599137,909.000000,1.387024,113,113,5631,34,70,1512,4049
2048.000000,600083,909.000000,1.387024,113,113,5660,34,70,1514,4076
2053.000000,601315,909.000000,1.387024,113,113,5696,34,70,1523,4103
2058.000000,603183,909.000000,1.387024,113,113,5713,34,70,1525,4118
2064.000000,605166,909.000000,1.387024,113,113,5730,34,70,1528,4132
2069.000000,606557,909.000000,1.387024,113,113,5747,34,70,1533,4144
2074.000000,607793,909.000000,1.387024,113,113,5759,34,70,1535,4154
2079.000000,609516,909.000000,1.387024,113,113,5770,34,70,1537,4163
2084.000000,610759,909.000000,1.387024,113,113,5782,34,70,1539,4173
2089.000000,612909,909.000000,1.387024,113,113,5786,34,70,1539,4177
2094.000000,614049,909.000000,1.387024,113,113,5815,34,70,1539,4206
2099.000000,615876,909.000000,1.387024,113,113,5824,34,70,1539,4215
2104.000000,617712,909.000000,1.387024,113,113,5847,34,70,1540,4237
2109.000000,619163,909.000000,1.387024,113,113,5873,34,70,1541,4262
2114.000000,620768,909.000000,1.387024,113,113,5882,34,70,1541,4271
2120.000000,622698,909.000000,1.387024,113,113,5912,34,70,1556,4286
2125.000000,624538,909.000000,1.387024,113,113,5921,34,70,1556,4295
2130.000000,626171,909.000000,1.387024,113,113,5938,34,70,1556,4312
2135.000000,627944,909.000000,1.387024,113,113,5972,34,70,1575,4327
2140.000000,628951,909.000000,1.387024,113,113,5989,34,72,1583,4334
2145.000000,630849,909.000000,1.387024,113,113,6000,34,72,1583,4345
2150.000000,632864,909.000000,1.387024,113,113,6016,34,72,1585,4359
2156.000000,634647,909.000000,1.387024,113,113,6022,34,72,1587,4363
2161.000000,636318,909.000000,1.387024,113,113,6041,34,72,1595,4374
2166.000000,638349,909.000000,1.387024,113,113,6046,34,72,1595,4379
2171.000000,639983,909.000000,1.387024,113,113,6058,34,73,1597,4388
2176.000000,641479,909.000000,1.387024,113,113,6071,34,73,1598,4400
2181.000000,643223,909.000000,1.387024,113,113,6088,34,73,1601,4414
2186.000000,644457,909.000000,1.387024,113,113,6102,34,73,1602,4427
2191.000000,646159,909.000000,1.387024,113,113,6114,34,73,1604,4437
2196.000000,647810,909.000000,1.387024,114,114,6138,34,73,1614,4451
2201.000000,649883,909.000000,1.387024,114,114,6145,34,73,1619,4453
2207.000000,651433,909.000000,1.387024,114,114,6157,34,73,1621,4463
2212.000000,653096,909.000000,1.387024,114,114,6172,34,73,1622,4477
2217.000000,654243,909.000000,1.387024,114,114,6190,34,73,1624,4493
2222.000000,655708,909.000000,1.387024,114,114,6209,34,73,1624,4512
2227.000000,657473,909.000000,1.387024,114,114,6219,34,73,1624,4522
2232.000000,659789,909.000000,1.387024,114,114,6226,34,73,1626,4527
2237.000000,660766,909.000000,1.387024,114,114,6232,34,73,1627,4532
2242.000000,662248,909.000000,1.387024,114,114,6255,34,73,1632,4550
2247.000000,663539,909.000000,1.387024,114,114,6267,34,73,1635,4559
2253.000000,665541,909.000000,1.387024,114,114,6287,34,73,1642,4572
2258.000000,667605,909.000000,1.387024,114,114,6298,34,73,1644,4581
2263.000000,669454,909.000000,1.387024,114,114,6315,34,73,1648,4594
2268.000000,671020,909.000000,1.387024,114,114,6325,34,73,1648,4604
2273.000000,671912,909.000000,1.387024,114,114,6367,34,73,1662,4632
2278.000000,673004,909.000000,1.387024,114,114,6385,34,73,1664,4648
2283.000000,674632,909.000000,1.387024,114,114,6394,34,73,1667,4654
2288.000000,676862,909.000000,1.387024,114,114,6403,34,73,1667,4663
2293.000000,678982,909.000000,1.387024,114,114,6409,34,73,1669,4667
2299.000000,681015,909.000000,1.387024,114,114,6423,34,73,1670,4680
2304.000000,682425,909.000000,1.387024,114,114,6438,34,73,1675,4690
2309.000000,683609,909.000000,1.387024,114,114,6466,34,73,1676,4717
2314.000000,685668,909.000000,1.387024,114,114,6474,34,73,1678,4723
2319.000000,687017,909.000000,1.387024,114,114,6500,34,73,1679,4748
2324.000000,688181,909.000000,1.387024,114,114,6513,34,73,1681,4759
2329.000000,689597,909.000000,1.387024,114,114,6525,34,73,1685,4767
2334.000000,691276,909.000000,1.387024,114,114,6543,34,73,1694,4776
2339.000000,692901,909.000000,1.387024,114,114,6564,34,73,1701,4790
2344.000000,694671,909.000000,1.387024,114,114,6574,34,73,1702,4799
2349.000000,696450,909.000000,1.387024,114,114,6588,34,73,1703,4812
2355.000000,697956,909.000000,1.387024,114,114,6601,34,73,1707,4821
2360.000000,700410,909.000000,1.387024,114,114,6612,34,74,1710,4828
2365.000000,702388,909.000000,1.387024,114,114,6616,34,74,1710,4832
2370.000000,704496,909.000000,1.387024,114,114,6621,34,74,1711,4836
2375.000000,706402,909.000000,1.387024,114,114,6626,34,75,1711,4840
2380.000000,708149,909.000000,1.387024,114,114,6640,34,75,1712,4853
2385.000000,710060,909.000000,1.387024,114,114,6656,34,75,1716,4865
2390.000000,711968,909.000000,1.387024,114,114,6667,34,75,1716,4876
2395.000000,713930,909.000000,1.387024,114,114,6680,34,75,1721,4884
2401.000000,715507,909.000000,1.387024,114,114,6691,34,75,1724,4892
2406.000000,717528,909.000000,1.387024,114,114,6703,34,76,1728,4899
2411.000000,719159,909.000000,1.387024,114,114,6717,34,76,1735,4906
2416.000000,720880,909.000000,1.387024,114,114,6729,34,76,1736,4917
2421.000000,721824,909.000000,1.387024,114,114,6753,34,76,1741,4936
2426.000000,723857,909.000000,1.387024,114,114,6767,34,76,1744,4947
2431.000000,725444,909.000000,1.387024,114,114,6781,34,76,1748,4957
2436.000000,726786,909.000000,1.387024,114,114,6794,34,76,1748,4970
2441.000000,728716,909.000000,1.387024,114,114,6807,34,76,1749,4982
2446.000000,730279,909.000000,1.387024,114,114,6820,34,76,1752,4992
2451.000000,731945,909.000000,1.387024,114,114,6844,34,76,1763,5005
2456.000000,733505,909.000000,1.387024,114,114,6856,34,76,1765,5015
2461.000000,735371,909.000000,1.387024,114,114,6872,34,76,1768,5028
2467.000000,737307,909.000000,1.387024,114,114,6892,34,76,1773,5043
2472.000000,739477,909.000000,1.387024,114,114,6894,34,76,1773,5045
2477.000000,740764,909.000000,1.387024,114,114,6919,34,76,1773,5070
2482.000000,742511,909.000000,1.387024,114,114,6940,34,76,1775,5089
2487.000000,744101,909.000000,1.387024,114,114,6956,34,76,1784,5096
2492.000000,745663,909.000000,1.387024,114,114,6968,34,76,1784,5108
2497.000000,747375,909.000000,1.387024,114,114,6981,34,76,1784,5121
2502.000000,748890,909.000000,1.387024,114,114,6989,34,76,1786,5127
2507.000000,750254,909.000000,1.387024,114,114,7010,34,76,1787,5147
2512.000000,752228,909.000000,1.387024,114,114,7020,34,76,1787,5157
2518.000000,754080,909.000000,1.387024,114,114,7038,34,76,1796,5166
2523.000000,755702,909.000000,1.387024,114,114,7053,34,76,1797,5180
2528.000000,757412,909.000000,1.387024,114,114,7078,34,76,1801,5201
2533.000000,759292,909.000000,1.387024,114,114,7091,34,76,1802,5213
2538.000000,761207,909.000000,1.387024,114,114,7103,34,76,1803,5224
2543.000000,762707,909.000000,1.387024,114,114,7112,34,76,1803,5233
2548.000000,764193,909.000000,1.387024,114,114,7124,34,76,1805,5243
2553.000000,765841,909.000000,1.387024,114,114,7150,34,76,1813,5261
2559.000000,767698,909.000000,1.387024,114,114,7170,34,76,1815,5279
2564.000000,768988,909.000000,1.387024,114,114,7179,34,76,1815,5288
2569.000000,770652,909.000000,1.387024,114,114,7189,34,76,1817,5296
2574.000000,772309,909.000000,1.387024,114,114,7204,34,77,1821,5306
2579.000000,774250,909.000000,1.387024,114,114,7213,34,77,1821,5315
2584.000000,776104,909.000000,1.387024,114,114,7230,34,78,1831,5321
2590.000000,777875,909.000000,1.387024,114,114,7256,34,78,1839,5339
2595.000000,779881,909.000000,1.387024,114,114,7269,34,78,1841,5350
2600.000000,781397,909.000000,1.387024,114,114,7277,34,78,1841,5358
2605.000000,782763,909.000000,1.387024,114,114,7333,34,78,1845,5410
2610.000000,784868,909.000000,1.387024,114,114,7346,34,78,1847,5421
2615.000000,786617,909.000000,1.387024,114,114,7365,34,78,1847,5440
2620.000000,787789,909.000000,1.387024,114,114,7377,34,78,1850,5449
2625.000000,789162,909.000000,1.387024,114,114,7405,34,78,1866,5461
2630.000000,790527,909.000000,1.387024,114,114,7410,34,78,1867,5465
2635.000000,792352,909.000000,1.387024,114,114,7421,34,78,1868,5475
2640.000000,793813,909.000000,1.387024,114,114,7439,34,78,1868,5493
2645.000000,795780,909.000000,1.387024,114,114,7448,34,78,1868,5502
2650.000000,797785,909.000000,1.387024,114,114,7454,34,78,1868,5508
2656.000000,798609,909.000000,1.387024,114,114,7480,34,78,1873,5529
2661.000000,799806,909.000000,1.387024,114,114,7541,34,79,1893,5569
2666.000000,801602,909.000000,1.387024,114,114,7555,34,79,1902,5574
2671.000000,802926,909.000000,1.387024,114,114,7576,34,79,1903,5594
2676.000000,804395,909.000000,1.387024,114,114,7613,34,79,1903,5631
2681.000000,806504,909.000000,1.387024,114,114,7622,34,79,1904,5639
2686.000000,808716,909.000000,1.387024,114,114,7635,34,81,1904,5650
2691.000000,810482,909.000000,1.387024,114,114,7645,34,81,1904,5660
2697.000000,812111,909.000000,1.387024,114,114,7661,34,83,1906,5672
2702.000000,814106,909.000000,1.387024,114,114,7676,34,83,1908,5685
2707.000000,815819,909.000000,1.387024,114,114,7712,34,83,1932,5697
2712.000000,817727,909.000000,1.387024,114,114,7742,34,83,1941,5718
2717.000000,820017,909.000000,1.387024,114,114,7753,34,83,1946,5724
2722.000000,821884,909.000000,1.387024,114,114,7766,34,83,1949,5734
2727.000000,823982,909.000000,1.387024,114,114,7776,34,83,1949,5744
2732.000000,825971,909.000000,1.387024,114,114,7789,34,83,1955,5751
2737.000000,827760,909.000000,1.387024,114,114,7798,34,83,1958,5757
2742.000000,829795,909.000000,1.387024,114,114,7810,34,83,1959,5768
2747.000000,831899,909.000000,1.387024,114,114,7815,34,83,1961,5771
2752.000000,833795,909.000000,1.387024,114,114,7820,34,83,1962,5775
2757.000000,835578,909.000000,1.387024,114,114,7824,34,83,1965,5776
2763.000000,836756,909.000000,1.387024,114,114,7835,34,84,1967,5784
2768.000000,839050,909.000000,1.387024,114,114,7842,34,84,1970,5788
2773.000000,840723,909.000000,1.387024,114,114,7853,34,84,1971,5798
2778.000000,842698,909.000000,1.387024,114,114,7859,34,84,1974,5801
2783.000000,844490,909.000000,1.387024,114,114,7878,34,84,1981,5813
2788.000000,845944,909.000000,1.387024,114,114,7891,34,84,1983,5824
2793.000000,848219,909.000000,1.387024,114,114,7894,34,84,1983,5827
2798.000000,850114,909.000000,1.387024,114,114,7916,34,84,1986,5846
2803.000000,851628,909.000000,1.387024,114,114,7927,34,84,1988,5855
2809.000000,852452,909.000000,1.387024,114,114,7950,34,84,1988,5878
2814.000000,853970,909.000000,1.387024,114,114,7954,34,84,1988,5882
2819.000000,856081,909.000000,1.387024,114,114,7958,34,84,1990,5884
2824.000000,857658,909.000000,1.387024,114,114,7975,34,88,1993,5894
2829.000000,859250,909.000000,1.387024,114,114,7986,34,88,1995,5903
2834.000000,860517,909.000000,1.387024,114,114,8012,34,88,1996,5928
2839.000000,862233,909.000000,1.387024,114,114,8019,34,88,2001,5930
2844.000000,863841,909.000000,1.387024,114,114,8033,34,88,2005,5940
2849.000000,865479,909.000000,1.387024,114,114,8047,34,88,2005,5954
2855.000000,867257,909.000000,1.387024,114,114,8072,34,88,2017,5967
2860.000000,868938,909.000000,1.387024,114,114,8078,34,88,2018,5972
2865.000000,870226,909.000000,1.387024,114,114,8087,34,88,2018,5981
2870.000000,871793,909.000000,1.387024,114,114,8099,34,88,2019,5992
2875.000000,873196,909.000000,1.387024,114,114,8117,34,88,2019,6010
2880.000000,874453,909.000000,1.387024,114,114,8144,34,90,2023,6031
2885.000000,876198,909.000000,1.387024,114,114,8160,34,90,2030,6040
2890.000000,877809,909.000000,1.387024,114,114,8172,34,90,2031,6051
2895.000000,879426,909.000000,1.387024,114,114,8184,34,90,2032,6062
2900.000000,881513,909.000000,1.387024,114,114,8192,34,90,2034,6068
2906.000000,883457,909.000000,1.387024,114,114,8202,34,90,2035,6077
2911.000000,885244,909.000000,1.387024,114,114,8211,34,90,2035,6086
2916.000000,886978,909.000000,1.387024,114,114,8229,35,90,2038,6101
2921.000000,888647,909.000000,1.387024,114,114,8238,35,90,2039,6109
2926.000000,890223,909.000000,1.387024,114,114,8244,35,90,2039,6115
2931.000000,891142,909.000000,1.387024,114,114,8258,35,90,2040,6128
2936.000000,892666,909.000000,1.387024,114,114,8286,35,90,2047,6149
2941.000000,894795,909.000000,1.387024,114,114,8305,35,90,2058,6157
2946.000000,896915,909.000000,1.387024,114,114,8313,35,90,2059,6164
2951.000000,898663,909.000000,1.387024,114,114,8328,35,90,2063,6175
2956.000000,899855,909.000000,1.387024,114,114,8345,35,90,2063,6192
2961.000000,901481,909.000000,1.387024,114,114,8349,35,90,2063,6196
2967.000000,903639,909.000000,1.387024,114,114,8355,35,90,2064,6201
2972.000000,905249,909.000000,1.387024,114,114,8363,35,90,2064,6209
2977.000000,906232,909.000000,1.387024,114,114,8374,35,90,2064,6220
2982.000000,907828,909.000000,1.387024,114,114,8393,35,91,2066,6236
2987.000000,909106,909.000000,1.387024,114,114,8415,35,91,2072,6252
2992.000000,910339,909.000000,1.387024,114,114,8427,35,91,2072,6264
2997.000000,911532,909.000000,1.387024,114,114,8447,35,94,2074,6279
3002.000000,912974,909.000000,1.387024,114,114,8452,35,94,2077,6281
3008.000000,914155,909.000000,1.387024,114,114,8471,35,94,2081,6296
3013.000000,915467,909.000000,1.387024,114,114,8496,35,94,2091,6311
3018.000000,916810,909.000000,1.387024,114,114,8501,35,94,2091,6316
3023.000000,917826,909.000000,1.387024,114,114,8519,35,94,2096,6329
3028.000000,919031,909.000000,1.387024,114,114,8532,35,94,2103,6335
3033.000000,920336,909.000000,1.387024,114,114,8539,35,94,2104,6341
3038.000000,921830,909.000000,1.387024,114,114,8552,35,94,2107,6351
3043.000000,923287,909.000000,1.387024,114,114,8559,35,94,2108,6357
3049.000000,924869,909.000000,1.387024,114,114,8565,35,94,2110,6361
3054.000000,926350,909.000000,1.387024,114,114,8568,35,94,2111,6363
3059.000000,927679,909.000000,1.387024,114,114,8582,35,94,2116,6372
3064.000000,929291,909.000000,1.387024,114,114,8590,35,94,2119,6377
3069.000000,930614,909.000000,1.387024,114,114,8601,35,94,2122,6385
3074.000000,931948,909.000000,1.387024,114,114,8610,35,94,2125,6391
3079.000000,932991,909.000000,1.387024,114,114,8633,35,94,2147,6392
3084.000000,934755,909.000000,1.387024,114,114,8643,35,94,2153,6396
3089.000000,935827,909.000000,1.387024,114,114,8665,35,94,2164,6407
3094.000000,937242,909.000000,1.387024,114,114,8670,35,94,2168,6408
3100.000000,938923,909.000000,1.387024,114,114,8676,35,94,2169,6413
3105.000000,940402,909.000000,1.387024,114,114,8680,35,94,2170,6416
3110.000000,941713,909.000000,1.387024,114,114,8682,35,94,2170,6418
3115.000000,943285,909.000000,1.387024,114,114,8688,35,94,2172,6422
3120.000000,944421,909.000000,1.387024,114,114,8694,35,94,2175,6425
3125.000000,946091,909.000000,1.387024,114,114,8704,35,94,2181,6429
3130.000000,947011,909.000000,1.387024,114,114,8720,35,94,2181,6445
3135.000000,949237,909.000000,1.387024,114,114,8739,35,94,2197,6448
3140.000000,950996,909.000000,1.387024,114,114,8759,35,94,2209,6456
3145.000000,952372,909.000000,1.387024,114,114,8782,35,94,2215,6473
3150.000000,954019,909.000000,1.387024,114,114,8808,35,94,2229,6485
3155.000000,954810,909.000000,1.387024,114,114,8821,35,94,2229,6498
3161.000000,956561,909.000000,1.387024,114,114,8828,35,94,2232,6502
3166.000000,958257,909.000000,1.387024,114,114,8844,35,94,2232,6518
3171.000000,960107,909.000000,1.387024,114,114,8872,35,94,2241,6537
3176.000000,961587,909.000000,1.387024,114,114,8890,35,94,2242,6554
3181.000000,963679,909.000000,1.387024,114,114,8898,35,94,2244,6560
3186.000000,965137,909.000000,1.387024,114,114,8915,35,94,2245,6576
3191.000000,966995,909.000000,1.387024,114,114,8944,35,94,2254,6596
3196.000000,969460,909.000000,1.387024,114,114,8960,35,95,2260,6605
3201.000000,971947,909.000000,1.387024,114,114,8966,35,95,2260,6611
3206.000000,972900,909.000000,1.387024,114,114,8989,35,95,2260,6634
3211.000000,974904,909.000000,1.387024,114,114,9004,35,95,2261,6648
3217.000000,976868,909.000000,1.387024,114,114,9033,35,95,2269,6669
3222.000000,978402,909.000000,1.387024,114,114,9053,35,95,2271,6687
3227.000000,980047,909.000000,1.387024,114,114,9081,35,95,2293,6693
3232.000000,981704,909.000000,1.387024,114,114,9101,35,95,2295,6711
3237.000000,983288,909.000000,1.387024,114,114,9124,35,95,2296,6733
3242.000000,985160,909.000000,1.387024,114,114,9155,35,96,2303,6756
3247.000000,987273,909.000000,1.387024,114,114,9177,35,96,2313,6768
3252.000000,989611,909.000000,1.387024,114,114,9192,35,96,2315,6781
3258.000000,991441,909.000000,1.387024,114,114,9219,35,96,2333,6790
3263.000000,993851,909.000000,1.387024,114,114,9245,35,96,2345,6804
3268.000000,996270,909.000000,1.387024,114,114,9259,35,96,2346,6817
3273.000000,998425,909.000000,1.387024,114,114,9273,35,99,2350,6824
3278.000000,999941,909.000000,1.387024,114,114,9292,35,99,2351,6842
3283.000000,1001883,909.000000,1.387024,114,114,9314,35,99,2352,6863
3288.000000,1003600,909.000000,1.387024,114,114,9327,35,99,2358,6870
3293.000000,1005325,909.000000,1.387024,114,114,9341,35,99,2358,6884
3298.000000,1007042,909.000000,1.387024,114,114,9354,35,99,2359,6896
3303.000000,1009659,909.000000,1.387024,114,114,9377,35,99,2360,6918
3309.000000,1011451,909.000000,1.387024,114,114,9397,35,100,2361,6936
3314.000000,1013832,909.000000,1.387024,114,114,9408,35,100,2365,6943
3319.000000,1016068,909.000000,1.387024,114,114,9429,35,100,2367,6962
3324.000000,1018313,909.000000,1.387024,114,114,9454,35,100,2368,6986
3329.000000,1020074,909.000000,1.387024,114,114,9470,35,100,2368,7002
3334.000000,1022579,909.000000,1.387024,114,114,9496,35,100,2372,7024
3339.000000,1024724,909.000000,1.387024,114,114,9511,35,100,2376,7035
3344.000000,1027158,909.000000,1.387024,114,114,9521,35,100,2380,7041
3349.000000,1029480,909.000000,1.387024,114,114,9539,35,100,2384,7055
3355.000000,1030502,909.000000,1.387024,114,114,9565,35,100,2385,7080
3360.000000,1032456,909.000000,1.387024,114,114,9577,35,100,2385,7092
3365.000000,1034568,909.000000,1.387024,114,114,9593,35,100,2387,7106
3370.000000,1036520,909.000000,1.387024,114,114,9614,35,103,2388,7123
3375.000000,1039005,909.000000,1.387024,114,114,9641,35,103,2410,7128
3380.000000,1041294,909.000000,1.387024,114,114,9661,35,103,2416,7142
3385.000000,1043712,909.000000,1.387024,114,114,9678,35,103,2419,7156
3390.000000,1046216,909.000000,1.387024,114,114,9690,35,103,2425,7162
3395.000000,1048803,909.000000,1.387024,114,114,9704,35,103,2429,7172
3401.000000,1050560,909.000000,1.387024,114,114,9738,35,103,2431,7204
3406.000000,1052168,909.000000,1.387024,114,114,9772,35,104,2448,7220
3411.000000,1054094,909.000000,1.387024,114,114,9791,35,104,2454,7233
3416.000000,1055407,909.000000,1.387024,114,114,9834,35,105,2480,7249
3421.000000,1056659,909.000000,1.387024,114,114,9854,35,105,2487,7262
3426.000000,1059141,909.000000,1.387024,114,114,9869,35,106,2490,7273
3431.000000,1061737,909.000000,1.387024,114,114,9889,35,106,2504,7279
3436.000000,1063907,909.000000,1.387024,114,114,9902,35,106,2508,7288
3442.000000,1066391,909.000000,1.387024,114,114,9929,35,106,2511,7312
3447.000000,1068274,909.000000,1.387024,114,114,9956,35,106,2514,7336
3452.000000,1070584,909.000000,1.387024,114,114,9983,35,106,2525,7352
3457.000000,1072566,909.000000,1.387024,114,114,10001,35,107,2526,7368
3462.000000,1075047,909.000000,1.387024,114,114,10016,35,107,2531,7378
3467.000000,1077059,909.000000,1.387024,114,114,10046,35,107,2532,7407
3472.000000,1078678,909.000000,1.387024,114,114,10069,35,107,2533,7429
3477.000000,1080534,909.000000,1.387024,114,114,10102,35,107,2539,7456
3482.000000,1082570,909.000000,1.387024,114,114,10117,35,108,2541,7468
3487.000000,1084217,909.000000,1.387024,114,114,10136,35,108,2541,7487
3493.000000,1086269,909.000000,1.387024,114,114,10184,35,108,2562,7514
3498.000000,1088224,909.000000,1.387024,114,114,10208,35,108,2563,7537
3503.000000,1090070,909.000000,1.387024,114,114,10225,35,108,2567,7550
3508.000000,1092295,909.000000,1.387024,114,114,10256,35,108,2573,7575
3513.000000,1094231,909.000000,1.387024,114,114,10289,35,108,2588,7593
3518.000000,1096039,909.000000,1.387024,114,114,10317,35,110,2595,7612
3523.000000,1097854,909.000000,1.387024,114,114,10335,35,110,2598,7627
3528.000000,1099970,909.000000,1.387024,114,114,10349,35,110,2599,7640
3533.000000,1102516,909.000000,1.387024,114,114,10356,35,110,2600,7646
3538.000000,1105135,909.000000,1.387024,114,114,10362,35,110,2604,7648
3544.000000,1107215,909.000000,1.387024,114,114,10397,35,110,2612,7675
3549.000000,1108688,909.000000,1.387024,114,114,10421,35,110,2617,7694
3554.000000,1110123,909.000000,1.387024,114,114,10448,35,110,2627,7711
3559.000000,1112166,909.000000,1.387024,114,114,10480,35,110,2633,7737
3564.000000,1115017,909.000000,1.387024,114,114,10490,35,110,2635,7745
3569.000000,1117185,909.000000,1.387024,114,114,10511,35,110,2635,7766
3574.000000,1118760,909.000000,1.387024,114,114,10531,35,110,2635,7786
3579.000000,1120795,909.000000,1.387024,114,114,10554,35,110,2638,7806
3584.000000,1122738,909.000000,1.387024,114,114,10585,35,110,2638,7837
3589.000000,1124534,909.000000,1.387024,114,114,10624,35,110,2651,7863
3594.000000,1126821,909.000000,1.387024,114,114,10635,35,110,2653,7872
3599.000000,1128694,909.000000,1.387024,114,114,10648,35,110,2657,7881
3604.000000,1131139,909.000000,1.387024,114,114,10670,35,110,2664,7896
3609.000000,1133073,909.000000,1.387024,114,114,10685,35,110,2666,7909
3614.000000,1135506,909.000000,1.387024,114,114,10704,35,110,2667,7927
3620.000000,1137823,909.000000,1.387024,114,114,10717,35,110,2674,7933
3625.000000,1140552,909.000000,1.387024,114,114,10730,35,110,2679,7941
3630.000000,1143093,909.000000,1.387024,114,114,10753,35,110,2686,7957
3635.000000,1145019,909.000000,1.387024,114,114,10761,35,110,2689,7962
3640.000000,1146148,909.000000,1.387024,114,114,10782,35,110,2693,7979
3645.000000,1147674,909.000000,1.387024,114,114,10808,35,110,2701,7997
3650.000000,1149615,909.000000,1.387024,114,114,10835,35,110,2702,8023
3655.000000,1150997,909.000000,1.387024,114,114,10857,35,110,2703,8044
3660.000000,1153616,909.000000,1.387024,114,114,10870,35,110,2705,8055
3665.000000,1155864,909.000000,1.387024,114,114,10891,35,110,2712,8069
3670.000000,1157788,909.000000,1.387024,114,114,10909,35,110,2721,8078
3676.000000,1160259,909.000000,1.387024,114,114,10927,35,110,2725,8092
3681.000000,1162180,909.000000,1.387024,114,114,10958,35,110,2728,8120
3686.000000,1163954,909.000000,1.387024,114,114,10967,35,110,2731,8126
3691.000000,1166489,909.000000,1.387024,114,114,10993,35,110,2739,8144
3696.000000,1168368,909.000000,1.387024,114,114,11016,35,110,2750,8156
3701.000000,1170761,909.000000,1.387024,114,114,11038,35,110,2756,8172
3706.000000,1173374,909.000000,1.387024,114,114,11052,35,110,2760,8182
3711.000000,1175302,909.000000,1.387024,114,114,11067,35,110,2760,8197
3716.000000,1176632,909.000000,1.387024,114,114,11093,35,110,2767,8216
3721.000000,1179012,909.000000,1.387024,114,114,11115,35,110,2770,8235
3726.000000,1180806,909.000000,1.387024,114,114,11133,35,110,2773,8250
3731.000000,1182761,909.000000,1.387024,114,114,11147,35,110,2777,8260
3737.000000,1184882,909.000000,1.387024,114,114,11169,35,110,2781,8278
3742.000000,1186747,909.000000,1.387024,114,114,11201,35,110,2793,8298
3747.000000,1188328,909.000000,1.387024,114,114,11224,35,112,2798,8314
3752.000000,1189990,909.000000,1.387024,114,114,11243,35,114,2801,8328
3757.000000,1191791,909.000000,1.387024,114,114,11266,35,115,2803,8348
3762.000000,1194366,909.000000,1.387024,114,114,11290,35,115,2805,8370
3767.000000,1196554,909.000000,1.387024,114,114,11301,35,115,2806,8380
3773.000000,1198601,909.000000,1.387024,114,114,11322,35,115,2808,8399
3778.000000,1200331,909.000000,1.387024,114,114,11338,35,115,2812,8411
3783.000000,1202524,909.000000,1.387024,114,114,11357,35,115,2817,8425
3788.000000,1204510,909.000000,1.387024,114,114,11373,35,115,2820,8438
3793.000000,1206635,909.000000,1.387024,114,114,11393,35,115,2822,8456
3798.000000,1208514,909.000000,1.387024,114,114,11423,35,117,2838,8468
3804.000000,1210964,909.000000,1.387024,114,114,11434,35,117,2843,8474
3809.000000,1213583,909.000000,1.387024,114,114,11448,35,117,2845,8486
3814.000000,1215364,909.000000,1.387024,114,114,11471,35,117,2848,8506
3819.000000,1217243,909.000000,1.387024,114,114,11486,35,117,2848,8521
3824.000000,1218430,909.000000,1.387024,114,114,11515,35,117,2849,8549
3829.000000,1220684,909.000000,1.387024,114,114,11527,35,117,2852,8558
3835.000000,1222803,909.000000,1.387024,114,114,11543,35,117,2858,8568
3840.000000,1224933,909.000000,1.387024,114,114,11557,35,117,2859,8581
3845.000000,1227085,909.000000,1.387024,114,114,11572,35,117,2863,8592
3850.000000,1229191,909.000000,1.387024,114,114,11603,35,117,2866,8620
3855.000000,1231371,909.000000,1.387024,114,114,11629,35,117,2883,8629
3860.000000,1232885,909.000000,1.387024,114,114,11649,35,117,2885,8647
3865.000000,1234561,909.000000,1.387024,114,114,11678,35,117,2885,8676
3870.000000,1236369,909.000000,1.387024,114,114,11709,35,117,2898,8694
3875.000000,1238391,909.000000,1.387024,114,114,11724,35,117,2904,8703
3880.000000,1239894,909.000000,1.387024,114,114,11737,35,117,2907,8713
3886.000000,1242338,909.000000,1.387024,114,114,11755,35,117,2918,8720
3891.000000,1244939,909.000000,1.387024,114,114,11771,35,117,2919,8735
3896.000000,1246845,909.000000,1.387024,114,114,11787,35,117,2922,8748
3901.000000,1248811,909.000000,1.387024,114,114,11824,35,117,2938,8769
3906.000000,1250954,909.000000,1.387024,114,114,11836,35,117,2939,8780
3911.000000,1252615,909.000000,1.387024,114,114,11850,35,117,2940,8793
3916.000000,1254081,909.000000,1.387024,114,114,11866,35,117,2940,8809
3921.000000,1255884,909.000000,1.387024,114,114,11894,35,117,2950,8827
3927.000000,1257778,909.000000,1.387024,114,114,11917,35,117,2952,8848
3932.000000,1259772,909.000000,1.387024,114,114,11936,35,117,2953,8866
3937.000000,1261600,909.000000,1.387024,114,114,11948,35,117,2955,8876
3942.000000,1263331,909.000000,1.387024,114,114,11978,35,117,2956,8905
3947.000000,1264841,909.000000,1.387024,114,114,11995,35,117,2958,8920
3952.000000,1267022,909.000000,1.387024,114,114,12013,35,117,2959,8937
3957.000000,1268637,909.000000,1.387024,114,114,12024,35,117,2960,8947
3962.000000,1270947,909.000000,1.387024,114,114,12046,35,117,2967,8962
3968.000000,1273067,909.000000,1.387024,114,114,12061,35,117,2970,8974
3973.000000,1275232,909.000000,1.387024,114,114,12075,35,117,2971,8987
3978.000000,1277816,909.000000,1.387024,114,114,12087,35,117,2975,8995
3983.000000,1280242,909.000000,1.387024,114,114,12100,35,117,2983,9000
3988.000000,1282511,909.000000,1.387024,114,114,12107,35,117,2985,9005
3993.000000,1284242,909.000000,1.387024,114,114,12126,35,117,2990,9019
3998.000000,1286304,909.000000,1.387024,114,114,12143,35,117,2994,9032
4003.000000,1288318,909.000000,1.387024,114,114,12171,35,117,3005,9049
4008.000000,1289542,909.000000,1.387024,114,114,12205,35,117,3006,9082
4013.000000,1291018,909.000000,1.387024,114,114,12221,35,117,3006,9098
4018.000000,1293014,909.000000,1.387024,114,114,12243,35,117,3011,9115
4023.000000,1295265,909.000000,1.387024,114,114,12267,35,117,3014,9136
4028.000000,1297704,909.000000,1.387024,114,114,12287,35,117,3018,9152
4034.000000,1300220,909.000000,1.387024,114,114,12301,35,117,3019,9165
4039.000000,1302355,909.000000,1.387024,114,114,12318,35,117,3020,9181
4044.000000,1305099,909.000000,1.387024,114,114,12328,35,117,3024,9187
4049.000000,1307097,909.000000,1.387024,114,114,12345,35,117,3025,9203
4054.000000,1309197,909.000000,1.387024,114,114,12364,35,117,3026,9221
4059.000000,1311516,909.000000,1.387024,114,114,12394,35,117,3032,9245
4064.000000,1313743,909.000000,1.387024,114,114,12414,35,117,3033,9264
4069.000000,1315900,909.000000,1.387024,114,114,12432,35,117,3037,9278
4074.000000,1317757,909.000000,1.387024,114,114,12450,35,118,3043,9289
4079.000000,1319050,909.000000,1.387024,114,114,12468,35,118,3044,9306
4085.000000,1321102,909.000000,1.387024,114,114,12489,35,118,3047,9324
4090.000000,1323469,909.000000,1.387024,114,114,12501,35,118,3051,9332
4095.000000,1325793,909.000000,1.387024,114,114,12518,35,118,3053,9347
4100.000000,1327853,909.000000,1.387024,114,114,12545,35,118,3063,9364
4105.000000,1330268,909.000000,1.387024,114,114,12568,35,118,3072,9378
4110.000000,1331941,909.000000,1.387024,114,114,12590,35,120,3076,9394
4115.000000,1334002,909.000000,1.387024,114,114,12620,35,120,3086,9414
4120.000000,1336051,909.000000,1.387024,114,114,12646,35,120,3093,9433
4125.000000,1338109,909.000000,1.387024,114,114,12664,35,120,3100,9444
4131.000000,1340403,909.000000,1.387024,114,114,12689,35,121,3103,9465
4136.000000,1342878,909.000000,1.387024,114,114,12702,35,121,3108,9473
4141.000000,1344804,909.000000,1.387024,114,114,12722,35,121,3109,9492
4146.000000,1346532,909.000000,1.387024,114,114,12741,35,121,3109,9511
4151.000000,1348845,909.000000,1.387024,114,114,12760,35,121,3115,9524
4156.000000,1350756,909.000000,1.387024,114,114,12770,35,121,3117,9532
4162.000000,1352736,909.000000,1.387024,114,114,12799,35,121,3124,9554
4167.000000,1354776,909.000000,1.387024,114,114,12818,35,121,3128,9569
4172.000000,1356689,909.000000,1.387024,114,114,12842,35,121,3130,9591
4177.000000,1358419,909.000000,1.387024,114,114,12861,35,121,3132,9608
4182.000000,1360419,909.000000,1.387024,114,114,12885,35,121,3142,9622
4187.000000,1361703,909.000000,1.387024,114,114,12923,35,121,3143,9659
4192.000000,1363053,909.000000,1.387024,114,114,12965,35,121,3144,9700
4197.000000,1365285,909.000000,1.387024,114,114,12985,35,121,3148,9716
4202.000000,1367417,909.000000,1.387024,114,114,12991,35,121,3149,9721
4208.000000,1369186,909.000000,1.387024,114,114,13024,35,121,3151,9752
4213.000000,1371314,909.000000,1.387024,114,114,13044,35,121,3153,9770
4218.000000,1373670,909.000000,1.387024,114,114,13055,35,121,3155,9779
4223.000000,1375932,909.000000,1.387024,114,114,13081,35,121,3156,9804
4228.000000,1377949,909.000000,1.387024,114,114,13097,35,121,3157,9819
4233.000000,1380309,909.000000,1.387024,114,114,13111,35,121,3162,9828
4238.000000,1382724,909.000000,1.387024,114,114,13124,35,121,3163,9840
4243.000000,1384499,909.000000,1.387024,114,114,13148,35,121,3164,9863
4248.000000,1386056,909.000000,1.387024,114,114,13181,35,122,3170,9889
4254.000000,1387888,909.000000,1.387024,114,114,13215,35,122,3173,9920
4259.000000,1390128,909.000000,1.387024,114,114,13235,35,122,3174,9939
4264.000000,1392169,909.000000,1.387024,114,114,13261,35,122,3184,9955
4269.000000,1394212,909.000000,1.387024,114,114,13292,35,122,3203,9967
4274.000000,1396142,909.000000,1.387024,114,114,13300,35,123,3205,9972
4279.000000,1398565,909.000000,1.387024,114,114,13316,35,123,3211,9982
4284.000000,1400950,909.000000,1.387024,114,114,13332,35,123,3212,9997
4289.000000,1402707,909.000000,1.387024,114,114,13357,35,123,3215,10019
4294.000000,1404589,909.000000,1.387024,114,114,13381,35,123,3222,10036
4299.000000,1406957,909.000000,1.387024,114,114,13389,35,123,3224,10042
4304.000000,1408708,909.000000,1.387024,114,114,13415,35,123,3238,10054
4309.000000,1410968,909.000000,1.387024,114,114,13429,35,123,3241,10065
4315.000000,1412512,909.000000,1.387024,114,114,13446,35,123,3243,10080
4320.000000,1414216,909.000000,1.387024,114,114,13467,35,123,3256,10088
4325.000000,1415485,909.000000,1.387024,114,114,13502,35,123,3270,10109
4330.000000,1417781,909.000000,1.387024,114,114,13515,35,125,3271,10119
4335.000000,1419879,909.000000,1.387024,114,114,13528,35,125,3275,10128
4340.000000,1421651,909.000000,1.387024,114,114,13558,35,125,3277,10156
4345.000000,1423369,909.000000,1.387024,114,114,13573,35,125,3278,10170
4350.000000,1425054,909.000000,1.387024,114,114,13610,35,125,3290,10195
4355.000000,1426191,909.000000,1.387024,114,114,13637,35,125,3292,10220
4360.000000,1428035,909.000000,1.387024,114,114,13658,35,125,3295,10238
4366.000000,1429962,909.000000,1.387024,114,114,13678,35,125,3295,10258
4371.000000,1431561,909.000000,1.387024,114,114,13703,35,125,3296,10282
4376.000000,1432757,909.000000,1.387024,114,114,13718,35,125,3298,10295
4381.000000,1434934,909.000000,1.387024,114,114,13740,35,125,3306,10309
4386.000000,1436976,909.000000,1.387024,114,114,13748,35,125,3307,10316
4391.000000,1438519,909.000000,1.387024,114,114,13773,35,125,3308,10340
4396.000000,1440767,909.000000,1.387024,114,114,13778,35,125,3309,10344
4401.000000,1442659,909.000000,1.387024,114,114,13793,35,125,3314,10354
4406.000000,1444712,909.000000,1.387024,114,114,13807,35,125,3322,10360
4411.000000,1446790,909.000000,1.387024,114,114,13831,35,125,3331,10375
4417.000000,1448869,909.000000,1.387024,114,114,13855,35,125,3334,10396
4422.000000,1449947,909.000000,1.387024,114,114,13872,35,125,3335,10412
4427.000000,1451517,909.000000,1.387024,114,114,13887,35,125,3339,10423
4432.000000,1453658,909.000000,1.387024,114,114,13905,35,125,3342,10438
4437.000000,1455048,909.000000,1.387024,114,114,13932,35,125,3343,10464
4442.000000,1457282,909.000000,1.387024,114,114,13944,35,125,3347,10472
4447.000000,1459103,909.000000,1.387024,114,114,13950,35,125,3350,10475
4452.000000,1461306,909.000000,1.387024,114,114,13955,35,125,3350,10480
4457.000000,1463251,909.000000,1.387024,114,114,13990,35,125,3351,10514
4462.000000,1465232,909.000000,1.387024,114,114,14015,35,125,3354,10536
4467.000000,1467178,909.000000,1.387024,114,114,14021,35,125,3354,10542
4472.000000,1469109,909.000000,1.387024,114,114,14033,35,125,3354,10554
4478.000000,1470605,909.000000,1.387024,114,114,14047,35,125,3356,10566
4483.000000,1473045,909.000000,1.387024,114,114,14056,35,125,3356,10575
4488.000000,1475457,909.000000,1.387024,114,114,14070,35,125,3360,10585
4493.000000,1477939,909.000000,1.387024,114,114,14077,35,125,3362,10590
4498.000000,1480270,909.000000,1.387024,114,114,14091,35,125,3369,10597
4503.000000,1482469,909.000000,1.387024,114,114,14109,35,125,3376,10608
4508.000000,1484665,909.000000,1.387024,114,114,14128,35,125,3377,10626
4513.000000,1486360,909.000000,1.387024,114,114,14146,35,125,3378,10643
4518.000000,1488379,909.000000,1.387024,114,114,14173,35,125,3378,10670
4523.000000,1490457,909.000000,1.387024,114,114,14195,35,126,3380,10689
4529.000000,1492909,909.000000,1.387024,114,114,14206,35,126,3383,10697
4534.000000,1494907,909.000000,1.387024,114,114,14224,35,126,3389,10709
4539.000000,1496020,909.000000,1.387024,114,114,14264,35,126,3393,10745
4544.000000,1498337,909.000000,1.387024,114,114,14278,35,126,3394,10758
4549.000000,1500431,909.000000,1.387024,114,114,14289,35,126,3394,10769
4554.000000,1501789,909.000000,1.387024,114,114,14297,35,126,3397,10774
4559.000000,1503557,909.000000,1.387024,114,114,14303,35,126,3397,10780
4564.000000,1505656,909.000000,1.387024,114,114,14319,35,126,3402,10791
4569.000000,1508084,909.000000,1.387024,114,114,14325,35,126,3404,10795
4574.000000,1509800,909.000000,1.387024,114,114,14336,35,126,3407,10803
4580.000000,1511526,909.000000,1.387024,114,114,14349,35,126,3409,10814
4585.000000,1513658,909.000000,1.387024,114,114,14372,35,126,3414,10832
4590.000000,1516050,909.000000,1.387024,114,114,14387,35,126,3418,10843
4595.000000,1518226,909.000000,1.387024,114,114,14406,35,126,3419,10861
4600.000000,1520568,909.000000,1.387024,114,114,14418,35,126,3421,10871
4605.000000,1522206,909.000000,1.387024,114,114,14431,35,126,3422,10883
4610.000000,1523348,909.000000,1.387024,114,114,14447,35,126,3424,10897
4615.000000,1525144,909.000000,1.387024,114,114,14460,35,126,3424,10910
4620.000000,1526768,909.000000,1.387024,114,114,14473,35,126,3425,10922
4625.000000,1529104,909.000000,1.387024,114,114,14490,35,126,3427,10937
4630.000000,1531547,909.000000,1.387024,114,114,14503,35,126,3428,10949
4635.000000,1533707,909.000000,1.387024,114,114,14522,35,126,3430,10966
4640.000000,1536291,909.000000,1.387024,114,114,14533,35,126,3435,10972
4646.000000,1538031,909.000000,1.387024,114,114,14546,35,126,3437,10983
4651.000000,1539741,909.000000,1.387024,114,114,14561,35,126,3439,10996
4656.000000,1541525,909.000000,1.387024,114,114,14579,35,126,3441,11012
4661.000000,1543273,909.000000,1.387024,114,114,14591,35,126,3444,11021
4666.000000,1545369,909.000000,1.387024,114,114,14607,35,127,3445,11035
4671.000000,1546503,909.000000,1.387024,114,114,14622,35,127,3447,11048
4676.000000,1548424,909.000000,1.387024,114,114,14630,35,127,3449,11054
4681.000000,1550295,909.000000,1.387024,114,114,14647,36,127,3457,11063
4687.000000,1551942,909.000000,1.387024,114,114,14676,36,127,3458,11091
4692.000000,1554049,909.000000,1.387024,114,114,14688,36,127,3459,11102
4697.000000,1555850,909.000000,1.387024,114,114,14706,36,127,3459,11120
4702.000000,1557724,909.000000,1.387024,114,114,14720,36,127,3460,11133
4707.000000,1559352,909.000000,1.387024,114,114,14751,36,127,3466,11158
4712.000000,1561336,909.000000,1.387024,114,114,14781,36,127,3472,11182
4717.000000,1563484,909.000000,1.387024,114,114,14792,36,127,3477,11188
4722.000000,1565479,909.000000,1.387024,114,114,14800,36,127,3477,11196
4728.000000,1567266,909.000000,1.387024,114,114,14810,36,127,3479,11204
4733.000000,1569421,909.000000,1.387024,114,114,14822,36,127,3480,11215
4738.000000,1570867,909.000000,1.387024,114,114,14834,36,127,3481,11226
4743.000000,1572464,909.000000,1.387024,114,114,14853,36,127,3483,11243
4748.000000,1574042,909.000000,1.387024,114,114,14883,36,127,3487,11269
4753.000000,1576090,909.000000,1.387024,114,114,14892,36,127,3487,11278
4758.000000,1578257,909.000000,1.387024,114,114,14900,36,127,3488,11285
4763.000000,1580504,909.000000,1.387024,114,114,14915,36,127,3488,11300
4768.000000,1582876,909.000000,1.387024,114,114,14930,36,127,3491,11312
4773.000000,1584831,909.000000,1.387024,114,114,14956,36,127,3494,11335
4779.000000,1587204,909.000000,1.387024,114,114,14977,36,127,3496,11354
4784.000000,1588843,909.000000,1.387024,114,114,14991,36,127,3496,11368
4789.000000,1590938,909.000000,1.387024,114,114,15009,36,127,3498,11384
4794.000000,1593387,909.000000,1.387024,114,114,15025,36,127,3500,11398
4799.000000,1595538,909.000000,1.387024,114,114,15037,36,127,3503,11407
4804.000000,1597734,909.000000,1.387024,114,114,15048,36,127,3509,11412
4809.000000,1599629,909.000000,1.387024,114,114,15059,36,127,3511,11421
4814.000000,1601804,909.000000,1.387024,114,114,15068,36,127,3514,11427
4819.000000,1603684,909.000000,1.387024,114,114,15083,36,127,3517,11439
4824.000000,1605678,909.000000,1.387024,114,114,15101,36,127,3517,11457
4830.000000,1607623,909.000000,1.387024,114,114,15109,36,127,3518,11464
4835.000000,1609088,909.000000,1.387024,114,114,15119,36,127,3518,11474
4840.000000,1611150,909.000000,1.387024,114,114,15144,36,127,3524,11493
4845.000000,1613401,909.000000,1.387024,114,114,15160,36,127,3528,11505
4850.000000,1615070,909.000000,1.387024,114,114,15184,36,128,3535,11521
4855.000000,1617103,909.000000,1.387024,114,114,15200,36,128,3541,11531
4860.000000,1618688,909.000000,1.387024,114,114,15216,36,128,3541,11547
4865.000000,1620433,909.000000,1.387024,114,114,15231,36,128,3544,11559
4870.000000,1622131,909.000000,1.387024,114,114,15247,36,128,3545,11574
4875.000000,1624342,909.000000,1.387024,114,114,15255,36,128,3546,11581
4880.000000,1626457,909.000000,1.387024,114,114,15270,36,128,3551,11591
4886.000000,1628565,909.000000,1.387024,114,114,15286,36,128,3554,11604
4891.000000,1630614,909.000000,1.387024,114,114,15302,36,128,3555,11619
4896.000000,1632941,909.000000,1.387024,114,114,15313,36,128,3558,11627
4901.000000,1634744,909.000000,1.387024,114,114,15330,36,128,3560,11642
4906.000000,1636324,909.000000,1.387024,114,114,15344,36,128,3566,11650
4911.000000,1638060,909.000000,1.387024,114,114,15361,36,128,3571,11662
4916.000000,1639674,909.000000,1.387024,114,114,15367,36,128,3572,11667
4921.000000,1641337,909.000000,1.387024,114,114,15375,36,128,3574,11673
4926.000000,1643133,909.000000,1.387024,114,114,15384,36,128,3576,11680
4932.000000,1645039,909.000000,1.387024,114,114,15406,36,128,3578,11700
4937.000000,1646555,909.000000,1.387024,114,114,15437,36,128,3587,11722
4942.000000,1648166,909.000000,1.387024,114,114,15468,36,128,3590,11750
4947.000000,1649661,909.000000,1.387024,114,114,15491,36,129,3601,11761
4952.000000,1651191,909.000000,1.387024,114,114,15536,36,129,3626,11781
4957.000000,1652877,909.000000,1.387024,114,114,15552,36,129,3629,11794
4962.000000,1654593,909.000000,1.387024,114,114,15574,36,129,3633,11812
4967.000000,1656223,909.000000,1.387024,114,114,15597,36,129,3634,11834
4973.000000,1657223,909.000000,1.387024,114,114,15621,36,129,3640,11852
4978.000000,1658503,909.000000,1.387024,114,114,15644,36,129,3652,11863
4983.000000,1659783,909.000000,1.387024,114,114,15660,36,129,3654,11877
4988.000000,1661019,909.000000,1.387024,114,114,15668,36,130,3654,11884
4993.000000,1662863,909.000000,1.387024,114,114,15675,36,130,3655,11890
4998.000000,1664705,909.000000,1.387024,114,114,15685,36,130,3657,11898
5003.000000,1666284,909.000000,1.387024,114,114,15690,36,130,3658,11902
5009.000000,1667681,909.000000,1.387024,114,114,15705,36,130,3660,11915
5014.000000,1669365,909.000000,1.387024,114,114,15713,36,130,3663,11920
5019.000000,1670909,909.000000,1.387024,114,114,15727,36,130,3666,11931
5024.000000,1672799,909.000000,1.387024,114,114,15742,36,131,3667,11944
5029.000000,1674544,909.000000,1.387024,114,114,15750,36,131,3668,11951
5034.000000,1676320,909.000000,1.387024,114,114,15756,36,131,3670,11955
5039.000000,1678127,909.000000,1.387024,114,114,15764,36,131,3674,11959
5044.000000,1679328,909.000000,1.387024,114,114,15776,36,131,3677,11968
5049.000000,1680806,909.000000,1.387024,114,114,15791,36,131,3682,11978
5054.000000,1681956,909.000000,1.387024,114,114,15811,36,131,3682,11998
5059.000000,1683748,909.000000,1.387024,114,114,15820,36,131,3683,12006
5064.000000,1685366,909.000000,1.387024,114,114,15823,36,131,3684,12008
5069.000000,1686934,909.000000,1.387024,114,114,15830,36,131,3684,12015
5075.000000,1688123,909.000000,1.387024,114,114,15849,36,131,3684,12034
5080.000000,1689506,909.000000,1.387024,114,114,15857,36,131,3685,12041
5085.000000,1690718,909.000000,1.387024,114,114,15867,36,131,3688,12048
5090.000000,1691729,909.000000,1.387024,114,114,15872,36,131,3689,12052
5095.000000,1693620,909.000000,1.387024,114,114,15891,36,131,3692,12068
5100.000000,1695676,909.000000,1.387024,114,114,15902,36,131,3692,12079
5105.000000,1697666,909.000000,1.387024,114,114,15921,36,131,3693,12097
5110.000000,1699777,909.000000,1.387024,114,114,15933,36,131,3693,12109
5115.000000,1702016,909.000000,1.387024,114,114,15942,36,131,3696,12115
5121.000000,1703907,909.000000,1.387024,114,114,15956,36,131,3697,12128
5126.000000,1705411,909.000000,1.387024,114,114,15982,36,131,3698,12153
5131.000000,1707077,909.000000,1.387024,114,114,16000,36,132,3699,12169
5136.000000,1708583,909.000000,1.387024,114,114,16020,36,132,3701,12187
5141.000000,1710531,909.000000,1.387024,114,114,16040,36,132,3706,12202
5146.000000,1712377,909.000000,1.387024,114,114,16060,36,132,3708,12220
5151.000000,1714235,909.000000,1.387024,114,114,16079,36,132,3710,12237
5156.000000,1715749,909.000000,1.387024,114,114,16092,36,132,3713,12247
5161.000000,1717718,909.000000,1.387024,114,114,16113,36,132,3717,12264
5166.000000,1720078,909.000000,1.387024,114,114,16131,36,132,3718,12281
5171.000000,1721619,909.000000,1.387024,114,114,16149,36,132,3719,12298
5176.000000,1723750,909.000000,1.387024,114,114,16173,36,132,3732,12309
5181.000000,1725641,909.000000,1.387024,114,114,16215,36,132,3756,12327
5186.000000,1726912,909.000000,1.387024,114,114,16241,36,132,3757,12352
5192.000000,1728181,909.000000,1.387024,114,114,16259,36,132,3757,12370
5197.000000,1729615,909.000000,1.387024,114,114,16266,36,132,3758,12376
5202.000000,1730955,909.000000,1.387024,114,114,16288,36,132,3764,12392
5207.000000,1732330,909.000000,1.387024,114,114,16293,36,132,3764,12397
5212.000000,1733587,909.000000,1.387024,114,114,16302,36,134,3764,12404
5217.000000,1734523,909.000000,1.387024,114,114,16318,36,134,3765,12419
5223.000000,1736111,909.000000,1.387024,114,114,16321,36,134,3767,12420
5228.000000,1737195,909.000000,1.387024,114,114,16337,36,134,3767,12436
5233.000000,1738795,909.000000,1.387024,114,114,16350,36,134,3772,12444
5238.000000,1740077,909.000000,1.387024,114,114,16361,36,134,3772,12455
5243.000000,1740957,909.000000,1.387024,114,114,16382,36,134,3773,12475
5248.000000,1742268,909.000000,1.387024,114,114,16408,36,134,3783,12491
5253.000000,1743835,909.000000,1.387024,114,114,16413,36,134,3784,12495
5258.000000,1745473,909.000000,1.387024,114,114,16424,36,134,3789,12501
5264.000000,1746495,909.000000,1.387024,114,114,16431,36,134,3792,12505
5269.000000,1747693,909.000000,1.387024,114,114,16450,36,134,3792,12524
5274.000000,1748857,909.000000,1.387024,114,114,16464,36,134,3794,12536
5279.000000,1750474,909.000000,1.387024,114,114,16479,36,134,3798,12547
5284.000000,1751387,909.000000,1.387024,114,114,16495,36,134,3799,12562
5290.000000,1752917,909.000000,1.387024,114,114,16513,36,134,3800,12579
5295.000000,1754380,909.000000,1.387024,114,114,16525,36,136,3803,12586
5300.000000,1755932,909.000000,1.387024,114,114,16534,36,136,3803,12595
5305.000000,1757353,909.000000,1.387024,114,114,16545,36,136,3803,12606
5310.000000,1758530,909.000000,1.387024,114,114,16563,36,137,3805,12621
5315.000000,1760176,909.000000,1.387024,114,114,16569,36,137,3809,12623
5320.000000,1761772,909.000000,1.387024,114,114,16574,36,137,3809,12628
5325.000000,1763065,909.000000,1.387024,114,114,16579,36,137,3810,12632
5330.000000,1763940,909.000000,1.387024,114,114,16583,36,137,3810,12636
5336.000000,1765124,909.000000,1.387024,114,114,16596,36,137,3812,12647
5341.000000,1766588,909.000000,1.387024,114,114,16611,36,137,3816,12658
5346.000000,1767976,909.000000,1.387024,114,114,16623,36,137,3826,12660
5351.000000,1768969,909.000000,1.387024,114,114,16647,36,137,3826,12684
5356.000000,1770412,909.000000,1.387024,114,114,16659,36,137,3830,12692
5361.000000,1771258,909.000000,1.387024,114,114,16678,36,137,3830,12711
5366.000000,1772767,909.000000,1.387024,114,114,16684,36,137,3832,12715
5371.000000,1774338,909.000000,1.387024,114,114,16705,36,137,3834,12734
5376.000000,1775710,909.000000,1.387024,114,114,16717,36,138,3837,12742
5381.000000,1777088,909.000000,1.387024,114,114,16735,36,138,3841,12756
5387.000000,1778523,909.000000,1.387024,114,114,16749,36,138,3843,12768
5392.000000,1779901,909.000000,1.387024,114,114,16762,36,138,3849,12775
5397.000000,1781122,909.000000,1.387024,114,114,16767,36,138,3849,12780
5402.000000,1782372,909.000000,1.387024,114,114,16772,36,138,3849,12785
5407.000000,1783573,909.000000,1.387024,114,114,16800,36,138,3849,12813
5412.000000,1784905,909.000000,1.387024,114,114,16810,36,138,3851,12821
5417.000000,1786562,909.000000,1.387024,114,114,16822,36,138,3853,12831
5422.000000,1787950,909.000000,1.387024,114,114,16832,36,138,3855,12839
5427.000000,1789470,909.000000,1.387024,114,114,16838,36,138,3857,12843
5433.000000,1790954,909.000000,1.387024,114,114,16846,36,138,3859,12849
5438.000000,1792113,909.000000,1.387024,114,114,16857,36,138,3861,12858
5443.000000,1793602,909.000000,1.387024,114,114,16861,36,138,3861,12862
5448.000000,1795291,909.000000,1.387024,114,114,16879,36,138,3869,12872
5453.000000,1796893,909.000000,1.387024,114,114,16891,36,138,3871,12882
5458.000000,1798101,909.000000,1.387024,114,114,16906,36,138,3871,12897
5463.000000,1799511,909.000000,1.387024,114,114,16914,36,138,3874,12902
5468.000000,1801078,909.000000,1.387024,114,114,16925,36,138,3876,12911
5474.000000,1802588,909.000000,1.387024,114,114,16932,36,138,3878,12916
5479.000000,1803650,909.000000,1.387024,114,114,16947,36,138,3878,12931
5484.000000,1804343,909.000000,1.387024,114,114,16952,36,138,3878,12936
5489.000000,1805094,909.000000,1.387024,114,114,16957,36,138,3878,12941
5494.000000,1806000,909.000000,1.387024,114,114,16974,36,138,3882,12954
5499.000000,1807132,909.000000,1.387024,114,114,16988,36,138,3884,12966
5504.000000,1808199,909.000000,1.387024,114,114,16997,36,139,3887,12971
5509.000000,1809641,909.000000,1.387024,114,114,17010,36,139,3888,12983
5514.000000,1810715,909.000000,1.387024,114,114,17018,36,139,3890,12989
5519.000000,1811867,909.000000,1.387024,114,114,17030,36,139,3890,13001
5524.000000,1812872,909.000000,1.387024,114,114,17039,36,139,3894,13006
5530.000000,1813597,909.000000,1.387024,114,114,17060,36,139,3894,13027
5535.000000,1814332,909.000000,1.387024,114,114,17061,36,139,3894,13028
5540.000000,1815706,909.000000,1.387024,114,114,17066,36,139,3895,13032
5545.000000,1816317,909.000000,1.387024,114,114,17076,36,139,3896,13041
5550.000000,1817440,909.000000,1.387024,114,114,17078,36,139,3896,13043
5555.000000,1818072,909.000000,1.387024,114,114,17092,36,139,3897,13056
5560.000000,1819138,909.000000,1.387024,114,114,17104,36,139,3898,13067
5565.000000,1820189,909.000000,1.387024,114,114,17107,36,139,3899,13069
5570.000000,1821495,909.000000,1.387024,114,114,17118,36,139,3901,13078
5575.000000,1822018,909.000000,1.387024,114,114,17134,36,139,3907,13088
5580.000000,1823170,909.000000,1.387024,114,114,17144,36,139,3913,13092
5586.000000,1823814,909.000000,1.387024,114,114,17168,36,139,3913,13116
5591.000000,1824950,909.000000,1.387024,114,114,17173,36,139,3913,13121
5596.000000,1826217,909.000000,1.387024,114,114,17177,36,139,3913,13125
5601.000000,1827455,909.000000,1.387024,114,114,17185,36,139,3917,13129
5606.000000,1828341,909.000000,1.387024,114,114,17198,36,139,3919,13140
5611.000000,1829646,909.000000,1.387024,114,114,17204,36,139,3920,13145
5616.000000,1830871,909.000000,1.387024,114,114,17207,36,139,3920,13148
5621.000000,1832072,909.000000,1.387024,114,114,17211,36,139,3921,13151
5626.000000,1832724,909.000000,1.387024,114,114,17222,36,140,3922,13160
5631.000000,1833468,909.000000,1.387024,114,114,17239,36,141,3923,13175
5637.000000,1834598,909.000000,1.387024,114,114,17243,36,141,3924,13178
5642.000000,1835828,909.000000,1.387024,114,114,17254,36,141,3927,13186
5647.000000,1836549,909.000000,1.387024,114,114,17268,36,141,3934,13193
5652.000000,1837198,909.000000,1.387024,114,114,17284,36,141,3938,13205
5657.000000,1838026,909.000000,1.387024,114,114,17289,36,141,3940,13208
5662.000000,1838804,909.000000,1.387024,114,114,17293,36,141,3941,13211
5667.000000,1839490,909.000000,1.387024,114,114,17304,36,141,3941,13222
5672.000000,1840523,909.000000,1.387024,114,114,17313,36,141,3942,13230
5677.000000,1841345,909.000000,1.387024,114,114,17322,36,141,3945,13236
5683.000000,1842439,909.000000,1.387024,114,114,17337,36,141,3947,13249
5688.000000,1843632,909.000000,1.387024,114,114,17343,36,141,3947,13255
5693.000000,1844617,909.000000,1.387024,114,114,17351,36,141,3948,13262
5698.000000,1845857,909.000000,1.387024,114,114,17360,36,141,3951,13268
5703.000000,1846631,909.000000,1.387024,114,114,17374,36,141,3952,13281
5708.000000,1847494,909.000000,1.387024,114,114,17381,36,141,3952,13288
5713.000000,1848541,909.000000,1.387024,114,114,17391,36,141,3953,13297
5718.000000,1849479,909.000000,1.387024,114,114,17395,36,141,3955,13299
5723.000000,1850360,909.000000,1.387024,114,114,17411,36,141,3956,13314
5728.000000,1851538,909.000000,1.387024,114,114,17417,36,141,3956,13320
5733.000000,1852878,909.000000,1.387024,114,114,17426,36,141,3959,13326
5739.000000,1853943,909.000000,1.387024,114,114,17432,36,141,3959,13332
5744.000000,1854539,909.000000,1.387024,114,114,17442,36,141,3959,13342
5749.000000,1855211,909.000000,1.387024,114,114,17452,36,141,3959,13352
5754.000000,1856409,909.000000,1.387024,114,114,17456,36,141,3959,13356
5759.000000,1856995,909.000000,1.387024,114,114,17472,36,141,3959,13372
5764.000000,1858144,909.000000,1.387024,114,114,17476,36,141,3960,13375
5769.000000,1859026,909.000000,1.387024,114,114,17488,36,141,3966,13381
5774.000000,1860193,909.000000,1.387024,114,114,17499,36,141,3969,13389
5779.000000,1861430,909.000000,1.387024,114,114,17510,36,141,3971,13398
5784.000000,1862534,909.000000,1.387024,114,114,17517,36,141,3975,13401
5789.000000,1863335,909.000000,1.387024,114,114,17531,36,141,3983,13407
5795.000000,1864478,909.000000,1.387024,114,114,17545,36,141,3986,13418
5800.000000,1865289,909.000000,1.387024,114,114,17550,36,141,3986,13423
5805.000000,1866252,909.000000,1.387024,114,114,17559,36,141,3990,13428
5810.000000,1867280,909.000000,1.387024,114,114,17560,36,141,3991,13428
5815.000000,1868723,909.000000,1.387024,114,114,17561,36,141,3992,13428
5820.000000,1870121,909.000000,1.387024,114,114,17566,36,141,3996,13429
5825.000000,1871264,909.000000,1.387024,114,114,17577,36,141,4001,13435
5830.000000,1872384,909.000000,1.387024,114,114,17587,36,141,4002,13444
5836.000000,1872972,909.000000,1.387024,114,114,17602,36,141,4004,13457
5841.000000,1873845,909.000000,1.387024,114,114,17610,36,141,4004,13465
5846.000000,1874839,909.000000,1.387024,114,114,17618,36,141,4008,13469
5851.000000,1875778,909.000000,1.387024,114,114,17634,36,141,4011,13482
5856.000000,1876593,909.000000,1.387024,114,114,17642,36,141,4012,13489
5861.000000,1877444,909.000000,1.387024,114,114,17656,36,141,4013,13502
5866.000000,1878507,909.000000,1.387024,114,114,17664,36,141,4014,13509
5871.000000,1879349,909.000000,1.387024,114,114,17673,36,141,4016,13516
5876.000000,1880369,909.000000,1.387024,114,114,17677,36,141,4017,13519
5882.000000,1881085,909.000000,1.387024,114,114,17684,36,141,4018,13525
5887.000000,1882151,909.000000,1.387024,114,114,17698,36,141,4026,13531
5892.000000,1883192,909.000000,1.387024,114,114,17708,36,141,4032,13535
5897.000000,1883987,909.000000,1.387024,114,114,17721,36,141,4034,13546
5902.000000,1885107,909.000000,1.387024,114,114,17729,36,141,4035,13553
5907.000000,1886275,909.000000,1.387024,114,114,17736,36,141,4035,13560
5912.000000,1886985,909.000000,1.387024,114,114,17745,36,141,4036,13568
5917.000000,1887673,909.000000,1.387024,114,114,17758,36,141,4039,13578
5922.000000,1888483,909.000000,1.387024,114,114,17764,36,141,4040,13583
5927.000000,1889401,909.000000,1.387024,114,114,17769,36,141,4041,13587
5933.000000,1890320,909.000000,1.387024,114,114,17778,36,141,4041,13596
5938.000000,1891218,909.000000,1.387024,114,114,17785,36,142,4042,13601
5943.000000,1892153,909.000000,1.387024,114,114,17806,36,142,4044,13620
5948.000000,1893183,909.000000,1.387024,114,114,17822,36,142,4049,13631
5953.000000,1894012,909.000000,1.387024,114,114,17826,36,142,4049,13635
5958.000000,1894716,909.000000,1.387024,114,114,17834,36,142,4049,13643
5963.000000,1895829,909.000000,1.387024,114,114,17838,36,142,4049,13647
5968.000000,1896562,909.000000,1.387024,114,114,17848,36,142,4050,13656
5973.000000,1897508,909.000000,1.387024,114,114,17856,36,142,4050,13664
5978.000000,1898630,909.000000,1.387024,114,114,17868,36,142,4057,13669
5984.000000,1899651,909.000000,1.387024,114,114,17871,36,142,4057,13672
5989.000000,1900327,909.000000,1.387024,114,114,17879,36,142,4060,13677
5994.000000,1900967,909.000000,1.387024,114,114,17889,36,142,4060,13687
5999.000000,1902088,909.000000,1.387024,114,114,17896,36,142,4060,13694
6004.000000,1902895,909.000000,1.387024,114,114,17907,36,142,4062,13703
6009.000000,1903586,909.000000,1.387024,114,114,17928,36,142,4065,13721
6014.000000,1904504,909.000000,1.387024,114,114,17934,36,142,4066,13726
6019.000000,1905326,909.000000,1.387024,114,114,17943,36,142,4066,13735
6024.000000,1906767,909.000000,1.387024,114,114,17951,36,142,4068,13741
6029.000000,1907744,909.000000,1.387024,114,114,17953,36,142,4068,13743
6035.000000,1908515,909.000000,1.387024,114,114,17955,36,142,4068,13745
6040.000000,1909161,909.000000,1.387024,114,114,17960,36,142,4068,13750
6045.000000,1909986,909.000000,1.387024,114,114,17975,36,144,4070,13761
6050.000000,1911039,909.000000,1.387024,114,114,17983,36,144,4071,13768
6055.000000,1912087,909.000000,1.387024,114,114,17987,36,144,4074,13769
6060.000000,1913402,909.000000,1.387024,114,114,17997,36,144,4075,13778
6065.000000,1914262,909.000000,1.387024,114,114,18022,36,144,4079,13799
6070.000000,1915374,909.000000,1.387024,114,114,18032,36,144,4081,13807
6075.000000,1916534,909.000000,1.387024,114,114,18037,36,144,4083,13810
6080.000000,1917248,909.000000,1.387024,114,114,18048,36,144,4084,13820
6085.000000,1918303,909.000000,1.387024,114,114,18055,36,144,4084,13827
6090.000000,1919098,909.000000,1.387024,114,114,18060,36,144,4086,13830
6095.000000,1920124,909.000000,1.387024,114,114,18069,36,144,4090,13835
6100.000000,1920957,909.000000,1.387024,114,114,18080,36,144,4094,13842
6106.000000,1921694,909.000000,1.387024,114,114,18091,36,144,4101,13846
6111.000000,1922715,909.000000,1.387024,114,114,18098,36,144,4107,13847
6116.000000,1923463,909.000000,1.387024,114,114,18103,36,144,4108,13851
6121.000000,1924375,909.000000,1.387024,114,114,18114,36,144,4108,13862
6126.000000,1925139,909.000000,1.387024,114,114,18125,36,144,4108,13873
6132.000000,1925753,909.000000,1.387024,114,114,18155,36,144,4108,13903
6137.000000,1926761,909.000000,1.387024,114,114,18162,36,144,4109,13909
6142.000000,1927521,909.000000,1.387024,114,114,18168,36,144,4111,13913
6147.000000,1928286,909.000000,1.387024,114,114,18177,36,144,4114,13919
6152.000000,1929216,909.000000,1.387024,114,114,18189,36,144,4122,13923
6157.000000,1929963,909.000000,1.387024,114,114,18199,36,144,4125,13930
6162.000000,1930933,909.000000,1.387024,114,114,18212,36,144,4125,13943
6167.000000,1932027,909.000000,1.387024,114,114,18217,36,144,4125,13948
6172.000000,1932841,909.000000,1.387024,114,114,18222,36,144,4125,13953
6177.000000,1933907,909.000000,1.387024,114,114,18229,36,144,4127,13958
6183.000000,1934886,909.000000,1.387024,114,114,18232,36,144,4129,13959
6188.000000,1936079,909.000000,1.387024,114,114,18240,36,144,4133,13963
6193.000000,1937203,909.000000,1.387024,114,114,18244,36,144,4134,13966
6198.000000,1938253,909.000000,1.387024,114,114,18249,36,144,4135,13970
6203.000000,1939419,909.000000,1.387024,114,114,18265,36,144,4137,13984
6208.000000,1940523,909.000000,1.387024,114,114,18267,36,144,4138,13985
6213.000000,1941952,909.000000,1.387024,114,114,18269,36,144,4138,13987
6218.000000,1942878,909.000000,1.387024,114,114,18273,36,144,4140,13989
6223.000000,1943923,909.000000,1.387024,114,114,18277,36,144,4140,13993
6229.000000,1945100,909.000000,1.387024,114,114,18286,36,144,4141,14001
6234.000000,1945645,909.000000,1.387024,114,114,18289,36,144,4141,14004
6239.000000,1946734,909.000000,1.387024,114,114,18293,36,144,4141,14008
6244.000000,1947832,909.000000,1.387024,114,114,18294,36,144,4141,14009
6249.000000,1948464,909.000000,1.387024,114,114,18298,36,144,4143,14011
6254.000000,1949507,909.000000,1.387024,114,114,18301,36,144,4143,14014
6259.000000,1950574,909.000000,1.387024,114,114,18310,36,144,4146,14020
6264.000000,1951612,909.000000,1.387024,114,114,18320,36,144,4147,14029
6269.000000,1952370,909.000000,1.387024,114,114,18332,36,144,4147,14041
6274.000000,1953396,909.000000,1.387024,114,114,18340,36,145,4149,14046
6280.000000,1954364,909.000000,1.387024,114,114,18346,36,145,4153,14048
6285.000000,1955004,909.000000,1.387024,114,114,18354,36,145,4153,14056
6290.000000,1956003,909.000000,1.387024,114,114,18360,36,145,4156,14059
6295.000000,1956536,909.000000,1.387024,114,114,18360,36,145,4156,14059
6300.000000,1957221,909.000000,1.387024,114,114,18365,36,145,4156,14064
6305.000000,1958070,909.000000,1.387024,114,114,18383,36,145,4161,14077
6310.000000,1958738,909.000000,1.387024,114,114,18397,36,145,4168,14084
6315.000000,1959363,909.000000,1.387024,114,114,18407,36,145,4168,14094
6320.000000,1960122,909.000000,1.387024,114,114,18411,36,146,4169,14096
6325.000000,1961085,909.000000,1.387024,114,114,18414,36,146,4169,14099
6330.000000,1961998,909.000000,1.387024,114,114,18425,36,146,4170,14109
6335.000000,1962934,909.000000,1.387024,114,114,18429,36,146,4170,14113
6340.000000,1963590,909.000000,1.387024,114,114,18437,36,146,4171,14120
6345.000000,1964262,909.000000,1.387024,114,114,18447,36,147,4174,14126
6351.000000,1965360,909.000000,1.387024,114,114,18450,36,147,4175,14128
6356.000000,1965910,909.000000,1.387024,114,114,18463,36,147,4175,14141
6361.000000,1967016,909.000000,1.387024,114,114,18465,36,147,4175,14143
6366.000000,1968010,909.000000,1.387024,114,114,18470,36,147,4175,14148
6371.000000,1969138,909.000000,1.387024,114,114,18474,36,147,4175,14152
6376.000000,1969780,909.000000,1.387024,114,114,18476,36,147,4175,14154
6381.000000,1970731,909.000000,1.387024,114,114,18496,36,147,4184,14165
6386.000000,1972059,909.000000,1.387024,114,114,18501,36,147,4185,14169
6391.000000,1972910,909.000000,1.387024,114,114,18509,36,147,4186,14176
6397.000000,1973954,909.000000,1.387024,114,114,18515,36,147,4187,14181
6402.000000,1974512,909.000000,1.387024,114,114,18527,36,147,4187,14193
6407.000000,1975710,909.000000,1.387024,114,114,18533,36,147,4188,14198
6412.000000,1976761,909.000000,1.387024,114,114,18537,36,147,4189,14201
6417.000000,1977772,909.000000,1.387024,114,114,18542,36,147,4189,14206
6422.000000,1978808,909.000000,1.387024,114,114,18548,36,147,4189,14212
6427.000000,1979788,909.000000,1.387024,114,114,18557,36,147,4189,14221
6432.000000,1980436,909.000000,1.387024,114,114,18569,36,147,4190,14232
6437.000000,1981762,909.000000,1.387024,114,114,18571,36,147,4191,14233
6442.000000,1982998,909.000000,1.387024,114,114,18574,36,147,4192,14235
6448.000000,1984122,909.000000,1.387024,114,114,18583,36,147,4196,14240
6453.000000,1985271,909.000000,1.387024,114,114,18591,36,148,4198,14245
6458.000000,1985838,909.000000,1.387024,114,114,18599,36,148,4198,14253
6463.000000,1987188,909.000000,1.387024,114,114,18603,36,148,4200,14255
6468.000000,1988173,909.000000,1.387024,114,114,18614,36,149,4201,14264
6473.000000,1989284,909.000000,1.387024,114,114,18623,36,149,4202,14272
6478.000000,1989804,909.000000,1.387024,114,114,18645,36,149,4202,14294
6483.000000,1990779,909.000000,1.387024,114,114,18659,36,149,4204,14306
6488.000000,1991938,909.000000,1.387024,114,114,18665,36,149,4206,14310
6493.000000,1992518,909.000000,1.387024,114,114,18682,36,149,4207,14326
6498.000000,1993607,909.000000,1.387024,114,114,18697,36,149,4211,14337
6504.000000,1994774,909.000000,1.387024,114,114,18703,36,149,4213,14341
6509.000000,1995880,909.000000,1.387024,114,114,18708,36,149,4214,14345
6514.000000,1996731,909.000000,1.387024,114,114,18730,36,149,4221,14360
6519.000000,1997673,909.000000,1.387024,114,114,18735,36,149,4225,14361
6524.000000,1998874,909.000000,1.387024,114,114,18735,36,149,4225,14361
6529.000000,1999818,909.000000,1.387024,114,114,18747,36,149,4226,14372
6534.000000,2000693,909.000000,1.387024,114,114,18755,36,149,4226,14380
6539.000000,2001764,909.000000,1.387024,114,114,18779,36,149,4241,14389
6545.000000,2002758,909.000000,1.387024,114,114,18788,36,149,4242,14397
6550.000000,2003919,909.000000,1.387024,114,114,18796,36,149,4243,14404
6555.000000,2005192,909.000000,1.387024,114,114,18800,36,150,4245,14405
6560.000000,2005807,909.000000,1.387024,114,114,18806,36,150,4245,14411
6565.000000,2007005,909.000000,1.387024,114,114,18812,36,150,4245,14417
6570.000000,2007697,909.000000,1.387024,114,114,18817,36,150,4246,14421
6575.000000,2008264,909.000000,1.387024,114,114,18836,36,150,4246,14440
6581.000000,2009249,909.000000,1.387024,114,114,18840,36,150,4246,14444
6586.000000,2010422,909.000000,1.387024,114,114,18845,36,150,4247,14448
6591.000000,2011722,909.000000,1.387024,114,114,18850,36,150,4249,14451
6596.000000,2012777,909.000000,1.387024,114,114,18856,36,150,4249,14457
6601.000000,2013937,909.000000,1.387024,114,114,18866,36,150,4251,14465
6606.000000,2014666,909.000000,1.387024,114,114,18878,36,150,4252,14476
6611.000000,2015860,909.000000,1.387024,114,114,18887,36,150,4255,14482
6616.000000,2016900,909.000000,1.387024,114,114,18896,36,150,4256,14490
6621.000000,2017980,909.000000,1.387024,114,114,18906,36,150,4258,14498
6626.000000,2019092,909.000000,1.387024,114,114,18914,36,150,4262,14502
6632.000000,2020616,909.000000,1.387024,114,114,18920,36,150,4262,14508
6637.000000,2021964,909.000000,1.387024,114,114,18927,36,150,4262,14515
6642.000000,2022607,909.000000,1.387024,114,114,18934,36,150,4264,14520
6647.000000,2023750,909.000000,1.387024,114,114,18935,36,150,4264,14521
6652.000000,2024890,909.000000,1.387024,114,114,18939,36,150,4264,14525
6657.000000,2025745,909.000000,1.387024,114,114,18954,36,150,4265,14539
6662.000000,2027026,909.000000,1.387024,114,114,18959,36,150,4268,14541
6667.000000,2027580,909.000000,1.387024,114,114,18975,36,150,4268,14557
6673.000000,2028659,909.000000,1.387024,114,114,18982,36,150,4268,14564
6678.000000,2029891,909.000000,1.387024,114,114,18989,36,150,4271,14568
6683.000000,2030979,909.000000,1.387024,114,114,19000,36,150,4273,14577
6688.000000,2032015,909.000000,1.387024,114,114,19018,36,150,4273,14595
6693.000000,2033360,909.000000,1.387024,114,114,19024,36,150,4275,14599
6698.000000,2034600,909.000000,1.387024,114,114,19033,36,150,4276,14607
6703.000000,2035689,909.000000,1.387024,114,114,19041,36,150,4278,14613
6708.000000,2036465,909.000000,1.387024,114,114,19059,36,150,4281,14628
6713.000000,2037842,909.000000,1.387024,114,114,19063,36,150,4282,14631
6718.000000,2039001,909.000000,1.387024,114,114,19071,36,150,4283,14638
6724.000000,2040155,909.000000,1.387024,114,114,19077,36,150,4285,14642
6729.000000,2041341,909.000000,1.387024,114,114,19087,36,150,4291,14646
6734.000000,2042331,909.000000,1.387024,114,114,19105,36,150,4293,14662
6739.000000,2043319,909.000000,1.387024,114,114,19113,36,150,4293,14670
6744.000000,2044416,909.000000,1.387024,114,114,19121,36,150,4294,14677
6749.000000,2045456,909.000000,1.387024,114,114,19134,36,150,4294,14690
6754.000000,2046251,909.000000,1.387024,114,114,19139,36,150,4294,14695
6759.000000,2047206,909.000000,1.387024,114,114,19156,36,151,4299,14706
6765.000000,2048506,909.000000,1.387024,114,114,19162,36,151,4301,14710
6770.000000,2049656,909.000000,1.387024,114,114,19170,36,151,4303,14716
6775.000000,2050626,909.000000,1.387024,114,114,19174,36,151,4305,14718
6780.000000,2051988,909.000000,1.387024,114,114,19176,36,151,4306,14719
6785.000000,2053170,909.000000,1.387024,114,114,19184,36,151,4308,14725
6790.000000,2054470,909.000000,1.387024,114,114,19191,36,151,4309,14731
6795.000000,2055553,909.000000,1.387024,114,114,19193,36,151,4309,14733
6800.000000,2056801,909.000000,1.387024,114,114,19198,36,151,4312,14735
6805.000000,2057622,909.000000,1.387024,114,114,19210,36,151,4312,14747
6810.000000,2058933,909.000000,1.387024,114,114,19219,36,152,4315,14752
6815.000000,2060077,909.000000,1.387024,114,114,19225,36,152,4316,14757
6820.000000,2060740,909.000000,1.387024,114,114,19240,36,152,4316,14772
6826.000000,2061470,909.000000,1.387024,114,114,19253,36,152,4319,14782
6831.000000,2062242,909.000000,1.387024,114,114,19264,36,152,4320,14792
6836.000000,2063012,909.000000,1.387024,114,114,19273,36,152,4320,14801
6841.000000,2063820,909.000000,1.387024,114,114,19279,36,152,4321,14806
6846.000000,2064559,909.000000,1.387024,114,114,19280,36,152,4321,14807
6851.000000,2065020,909.000000,1.387024,114,114,19290,36,152,4321,14817
6856.000000,2065996,909.000000,1.387024,114,114,19302,36,152,4327,14823
6861.000000,2067085,909.000000,1.387024,114,114,19310,36,152,4328,14830
6867.000000,2067950,909.000000,1.387024,114,114,19330,36,152,4332,14846
6872.000000,2068717,909.000000,1.387024,114,114,19342,36,152,4333,14857
6877.000000,2069507,909.000000,1.387024,114,114,19354,36,152,4334,14868
6882.000000,2070139,909.000000,1.387024,114,114,19365,36,152,4339,14874
6887.000000,2071299,909.000000,1.387024,114,114,19372,36,152,4339,14881
6892.000000,2072195,909.000000,1.387024,114,114,19380,36,152,4339,14889
6897.000000,2073057,909.000000,1.387024,114,114,19386,36,152,4340,14894
6902.000000,2073950,909.000000,1.387024,114,114,19393,36,152,4342,14899
6907.000000,2074871,909.000000,1.387024,114,114,19396,36,152,4343,14901
6912.000000,2075871,909.000000,1.387024,114,114,19400,36,152,4344,14904
6918.000000,2076732,909.000000,1.387024,114,114,19413,36,152,4349,14912
6923.000000,2077978,909.000000,1.387024,114,114,19418,36,152,4351,14915
6928.000000,2078940,909.000000,1.387024,114,114,19428,36,152,4354,14922
6933.000000,2079688,909.000000,1.387024,114,114,19463,36,153,4356,14954
6938.000000,2080432,909.000000,1.387024,114,114,19468,36,153,4356,14959
6943.000000,2081404,909.000000,1.387024,114,114,19485,36,153,4357,14975
6948.000000,2082349,909.000000,1.387024,114,114,19490,36,153,4358,14979
6953.000000,2082938,909.000000,1.387024,114,114,19497,36,153,4361,14983
6958.000000,2083829,909.000000,1.387024,114,114,19499,36,153,4361,14985
6964.000000,2084620,909.000000,1.387024,114,114,19510,36,153,4363,14994
6969.000000,2085466,909.000000,1.387024,114,114,19519,36,153,4363,15003
6974.000000,2086345,909.000000,1.387024,114,114,19523,36,153,4364,15006
6979.000000,2087079,909.000000,1.387024,114,114,19529,36,153,4367,15009
6984.000000,2088044,909.000000,1.387024,114,114,19533,36,153,4367,15013
6989.000000,2089201,909.000000,1.387024,114,114,19533,36,153,4367,15013
6994.000000,2090181,909.000000,1.387024,114,114,19541,36,153,4368,15020
6999.000000,2091343,909.000000,1.387024,114,114,19545,36,153,4368,15024
7005.000000,2092470,909.000000,1.387024,114,114,19549,36,153,4370,15026
7010.000000,2093420,909.000000,1.387024,114,114,19551,36,153,4370,15028
7015.000000,2094209,909.000000,1.387024,114,114,19556,36,153,4371,15032
7020.000000,2095099,909.000000,1.387024,114,114,19561,36,153,4371,15037
7025.000000,2095753,909.000000,1.387024,114,114,19568,36,153,4371,15044
7030.000000,2096722,909.000000,1.387024,114,114,19578,36,153,4371,15054
7035.000000,2097600,909.000000,1.387024,114,114,19581,36,153,4372,15056
7040.000000,2098523,909.000000,1.387024,114,114,19585,36,154,4372,15059
7045.000000,2099381,909.000000,1.387024,114,114,19588,36,154,4372,15062
7050.000000,2100368,909.000000,1.387024,114,114,19590,36,154,4372,15064
7055.000000,2101214,909.000000,1.387024,114,114,19596,36,154,4372,15070
7061.000000,2102247,909.000000,1.387024,114,114,19599,36,155,4372,15072
7066.000000,2102799,909.000000,1.387024,114,114,19611,36,155,4380,15076
7071.000000,2103602,909.000000,1.387024,114,114,19619,36,155,4380,15084
7076.000000,2104415,909.000000,1.387024,114,114,19626,36,155,4381,15090
7081.000000,2104927,909.000000,1.387024,114,114,19646,36,155,4382,15109
7086.000000,2105990,909.000000,1.387024,114,114,19653,36,155,4386,15112
7091.000000,2107089,909.000000,1.387024,114,114,19658,36,155,4388,15115
7096.000000,2108173,909.000000,1.387024,114,114,19661,36,155,4388,15118
7102.000000,2108970,909.000000,1.387024,114,114,19663,36,155,4388,15120
7107.000000,2109439,909.000000,1.387024,114,114,19678,36,155,4388,15135
7112.000000,2110452,909.000000,1.387024,114,114,19684,36,155,4390,15139
7117.000000,2111247,909.000000,1.387024,114,114,19691,36,155,4391,15145
7122.000000,2112034,909.000000,1.387024,114,114,19698,36,155,4393,15150
7127.000000,2113007,909.000000,1.387024,114,114,19698,36,155,4393,15150
7132.000000,2113672,909.000000,1.387024,114,114,19706,36,155,4395,15156
7137.000000,2113810,909.000000,1.387024,114,114,19710,36,155,4395,15160
7142.000000,2114776,909.000000,1.387024,114,114,19714,36,155,4396,15163
7147.000000,2115284,909.000000,1.387024,114,114,19723,36,155,4399,15169
7152.000000,2115897,909.000000,1.387024,114,114,19726,36,155,4399,15172
7158.000000,2117073,909.000000,1.387024,114,114,19730,36,155,4399,15176
7163.000000,2118081,909.000000,1.387024,114,114,19742,36,155,4402,15185
7168.000000,2118957,909.000000,1.387024,114,114,19748,36,155,4402,15191
7173.000000,2119535,909.000000,1.387024,114,114,19764,36,155,4402,15207
7178.000000,2120679,909.000000,1.387024,114,114,19771,36,155,4402,15214
7183.000000,2121423,909.000000,1.387024,114,114,19777,36,155,4402,15220
7188.000000,2122679,909.000000,1.387024,114,114,19786,36,155,4404,15227
7193.000000,2123907,909.000000,1.387024,114,114,19794,36,156,4407,15231
7195.000000,2124406,909.000000,1.387024,114,114,19795,36,156,4407,15232
