# relative_time, cycles_done, cur_item, corpus_count, pending_total, pending_favs, map_size, saved_crashes, saved_hangs, max_depth, execs_per_sec, total_execs, edges_found
63, 2, 3, 157, 91, 0, 2.01%, 4, 4, 5, 2853.18, 280174, 1317
68, 2, 3, 158, 91, 0, 2.01%, 4, 4, 5, 2597.81, 292526, 1317
73, 2, 5, 158, 91, 0, 2.01%, 4, 4, 5, 3076.83, 308514, 1317
78, 2, 5, 158, 89, 0, 2.01%, 4, 4, 5, 3170.04, 324257, 1317
83, 2, 5, 159, 89, 0, 2.01%, 4, 4, 5, 3318.33, 341080, 1318
88, 3, 5, 161, 91, 0, 2.01%, 4, 4, 5, 3299.80, 358289, 1318
93, 3, 7, 163, 93, 0, 2.01%, 4, 4, 5, 3235.48, 374863, 1318
98, 3, 3, 166, 96, 0, 2.01%, 5, 4, 5, 3256.39, 391264, 1318
103, 3, 4, 166, 96, 0, 2.01%, 5, 4, 5, 2824.78, 405101, 1318
108, 3, 5, 167, 97, 0, 2.01%, 6, 4, 5, 2568.57, 417705, 1318
113, 3, 4, 167, 96, 0, 2.01%, 6, 4, 5, 2800.88, 431760, 1318
118, 3, 5, 167, 96, 0, 2.01%, 6, 4, 5, 2398.06, 443783, 1318
123, 3, 3, 167, 96, 0, 2.01%, 6, 5, 5, 1914.31, 449672, 1318
129, 3, 27, 167, 96, 0, 2.01%, 6, 5, 5, 497.04, 452471, 1318
134, 3, 4, 167, 95, 0, 2.01%, 6, 5, 5, 1582.32, 461088, 1318
139, 3, 43, 168, 96, 0, 2.01%, 6, 5, 5, 2156.10, 472160, 1318
144, 3, 2, 168, 96, 0, 2.01%, 6, 5, 5, 2254.99, 483639, 1318
149, 4, 1, 169, 97, 0, 2.01%, 6, 5, 5, 2297.99, 495956, 1318
154, 4, 5, 169, 97, 0, 2.01%, 6, 5, 5, 2326.28, 507461, 1318
159, 4, 5, 169, 96, 0, 2.01%, 6, 5, 5, 2444.30, 519821, 1318
164, 4, 2, 170, 97, 0, 2.01%, 6, 5, 5, 2534.14, 532835, 1318
169, 4, 5, 171, 98, 0, 2.01%, 6, 5, 5, 2528.54, 545489, 1318
174, 4, 5, 171, 97, 0, 2.01%, 6, 5, 5, 2533.65, 558735, 1318
179, 4, 5, 171, 96, 0, 2.01%, 6, 5, 5, 2202.91, 569651, 1318
184, 4, 7, 171, 96, 0, 2.01%, 6, 5, 5, 1952.65, 578981, 1318
190, 4, 5, 172, 96, 0, 2.01%, 6, 5, 5, 2350.15, 591179, 1318
195, 4, 0, 173, 97, 0, 2.01%, 6, 5, 5, 2514.49, 604181, 1318
200, 5, 3, 173, 97, 0, 2.01%, 6, 5, 5, 2463.35, 616444, 1318
205, 5, 6, 174, 98, 0, 2.01%, 6, 5, 5, 2298.49, 627484, 1318
210, 5, 3, 175, 98, 0, 2.01%, 6, 5, 5, 2423.44, 639762, 1318
215, 5, 42, 176, 99, 0, 2.01%, 6, 5, 5, 2270.66, 651580, 1318
220, 5, 6, 176, 99, 0, 2.01%, 6, 5, 5, 1743.95, 659868, 1318
225, 5, 106, 177, 100, 0, 2.01%, 6, 5, 5, 1638.60, 667593, 1318
230, 5, 5, 177, 99, 0, 2.01%, 6, 5, 5, 2617.65, 680259, 1318
235, 5, 42, 177, 99, 0, 2.01%, 6, 5, 5, 2957.45, 696801, 1318
241, 5, 5, 177, 97, 0, 2.01%, 6, 5, 5, 4353.97, 717833, 1318
246, 5, 155, 178, 98, 0, 2.01%, 6, 5, 5, 5095.29, 743325, 1318
251, 6, 5, 179, 99, 0, 2.01%, 6, 5, 5, 4394.57, 764303, 1318
256, 6, 4, 179, 99, 0, 2.01%, 6, 5, 5, 4106.70, 783587, 1318
261, 6, 33, 181, 101, 0, 2.01%, 6, 5, 5, 5031.48, 810587, 1318
266, 6, 7, 182, 101, 0, 2.01%, 6, 5, 5, 5350.99, 838029, 1318
271, 6, 7, 182, 100, 0, 2.01%, 6, 5, 5, 5490.29, 866196, 1318
276, 7, 1, 182, 99, 0, 2.01%, 6, 5, 5, 5436.51, 893684, 1318
281, 7, 31, 182, 99, 0, 2.01%, 6, 5, 5, 5241.93, 919926, 1318
286, 7, 5, 182, 97, 0, 2.01%, 6, 5, 5, 5541.09, 948760, 1318
291, 7, 5, 183, 97, 0, 2.01%, 6, 5, 5, 5256.67, 975434, 1318
297, 7, 5, 185, 98, 0, 2.02%, 6, 5, 5, 5472.73, 1002561, 1321
302, 7, 6, 188, 98, 0, 2.02%, 6, 5, 5, 5188.52, 1028746, 1327
307, 8, 4, 188, 97, 0, 2.02%, 6, 5, 5, 5451.69, 1056026, 1327
312, 8, 1, 188, 97, 0, 2.02%, 6, 5, 5, 5296.89, 1082584, 1327
317, 8, 5, 188, 97, 0, 2.02%, 6, 5, 5, 4634.38, 1105513, 1327
322, 8, 5, 188, 96, 0, 2.02%, 6, 5, 5, 5179.05, 1133385, 1327
327, 8, 155, 189, 97, 0, 2.02%, 6, 5, 5, 5024.77, 1159544, 1327
332, 9, 5, 189, 97, 0, 2.02%, 6, 5, 5, 4453.46, 1181920, 1327
337, 9, 5, 189, 97, 0, 2.02%, 6, 5, 5, 3765.05, 1199692, 1327
342, 9, 5, 189, 97, 0, 2.02%, 6, 5, 5, 4198.44, 1221270, 1327
347, 9, 5, 190, 98, 0, 2.02%, 6, 5, 5, 5098.80, 1247850, 1327
353, 9, 106, 190, 97, 0, 2.02%, 6, 5, 5, 5244.32, 1274278, 1327
358, 9, 5, 190, 96, 0, 2.02%, 6, 5, 5, 5033.73, 1299261, 1327
363, 10, 5, 191, 97, 0, 2.02%, 6, 5, 5, 5338.82, 1326188, 1327
368, 10, 5, 191, 97, 0, 2.02%, 6, 5, 5, 5493.03, 1353978, 1327
373, 10, 1, 191, 96, 0, 2.02%, 6, 5, 5, 5806.11, 1383310, 1327
378, 10, 1, 191, 95, 0, 2.02%, 6, 5, 5, 5557.57, 1411865, 1327
383, 10, 3, 191, 95, 0, 2.02%, 6, 5, 5, 4764.24, 1434868, 1327
388, 11, 7, 191, 95, 0, 2.02%, 6, 5, 5, 5301.83, 1462743, 1327
393, 11, 4, 192, 95, 0, 2.02%, 6, 5, 5, 5451.42, 1490268, 1327
398, 11, 1, 193, 96, 0, 2.02%, 6, 5, 5, 5215.22, 1516419, 1327
403, 11, 123, 193, 96, 0, 2.02%, 6, 5, 5, 5405.80, 1544924, 1327
408, 11, 6, 194, 97, 0, 2.02%, 6, 5, 5, 5631.81, 1573522, 1327
413, 12, 5, 195, 97, 0, 2.02%, 6, 5, 5, 5168.41, 1598611, 1327
418, 12, 76, 195, 97, 0, 2.02%, 6, 5, 5, 5268.41, 1625130, 1327
423, 12, 5, 196, 98, 0, 2.02%, 6, 5, 5, 4674.27, 1647571, 1327
428, 12, 7, 196, 98, 0, 2.02%, 6, 5, 5, 3142.16, 1661828, 1327
434, 12, 6, 196, 98, 0, 2.02%, 6, 5, 5, 4582.98, 1686678, 1327
439, 12, 5, 197, 99, 0, 2.02%, 6, 5, 5, 4879.92, 1710816, 1327
444, 13, 3, 197, 99, 0, 2.02%, 6, 5, 5, 4524.81, 1733100, 1327
449, 13, 9, 197, 99, 0, 2.02%, 6, 5, 5, 4577.74, 1755662, 1327
454, 13, 6, 198, 100, 0, 2.02%, 6, 5, 5, 4564.98, 1778497, 1327
459, 13, 9, 198, 99, 0, 2.02%, 7, 5, 5, 4642.95, 1802806, 1327
464, 13, 42, 198, 99, 0, 2.02%, 7, 5, 5, 5037.49, 1828838, 1327
469, 13, 5, 198, 99, 0, 2.02%, 7, 5, 5, 5367.98, 1856169, 1327
474, 14, 2, 198, 99, 0, 2.02%, 7, 5, 5, 5230.55, 1882445, 1327
479, 14, 5, 198, 98, 0, 2.02%, 8, 5, 5, 5115.65, 1907825, 1327
484, 14, 73, 198, 98, 0, 2.02%, 8, 5, 5, 5311.75, 1935086, 1327
489, 14, 76, 198, 98, 0, 2.02%, 8, 5, 5, 4010.52, 1955738, 1327
494, 14, 104, 200, 99, 0, 2.02%, 8, 5, 5, 4802.54, 1981484, 1327
499, 14, 5, 200, 99, 0, 2.02%, 8, 5, 5, 5228.84, 2008148, 1327
505, 15, 5, 200, 99, 0, 2.02%, 8, 5, 5, 4441.33, 2029989, 1327
510, 15, 5, 200, 99, 0, 2.02%, 8, 5, 5, 5111.27, 2056305, 1327
515, 15, 186, 200, 99, 0, 2.02%, 8, 5, 5, 3373.58, 2070616, 1327
520, 15, 5, 200, 98, 0, 2.02%, 8, 5, 5, 4965.77, 2098172, 1327
525, 15, 5, 200, 98, 0, 2.02%, 8, 5, 5, 5411.85, 2125813, 1327
530, 15, 5, 200, 98, 0, 2.02%, 8, 5, 5, 5475.07, 2153627, 1327
535, 16, 5, 200, 97, 0, 2.02%, 8, 5, 5, 5497.17, 2181004, 1327
540, 16, 5, 200, 97, 0, 2.02%, 8, 5, 5, 4789.05, 2203036, 1327
545, 16, 5, 200, 97, 0, 2.02%, 8, 5, 5, 5277.71, 2230233, 1327
550, 16, 3, 200, 97, 0, 2.02%, 8, 5, 5, 5602.41, 2259750, 1327
555, 16, 5, 200, 97, 0, 2.02%, 8, 5, 5, 5605.29, 2288124, 1327
560, 17, 73, 200, 97, 0, 2.02%, 8, 5, 5, 5529.48, 2315996, 1327
565, 17, 9, 200, 95, 0, 2.02%, 8, 5, 5, 5433.81, 2343279, 1327
570, 17, 9, 200, 94, 0, 2.02%, 8, 5, 5, 5447.04, 2370785, 1327
576, 17, 9, 200, 94, 0, 2.02%, 8, 5, 5, 5027.74, 2396885, 1327
581, 17, 5, 200, 93, 0, 2.02%, 8, 5, 5, 4460.87, 2418200, 1327
586, 17, 5, 200, 93, 0, 2.02%, 8, 5, 5, 5175.35, 2446233, 1327
591, 18, 5, 200, 93, 0, 2.02%, 8, 5, 5, 3839.89, 2466777, 1327
596, 18, 107, 200, 93, 0, 2.02%, 8, 5, 5, 4442.84, 2486934, 1327
601, 18, 5, 201, 94, 0, 2.02%, 9, 5, 5, 4939.67, 2513695, 1327
606, 18, 5, 203, 94, 0, 2.03%, 10, 5, 5, 5095.91, 2539965, 1330
611, 18, 5, 203, 94, 0, 2.03%, 10, 5, 5, 5163.98, 2565976, 1330
617, 18, 5, 204, 95, 0, 2.03%, 10, 5, 5, 5367.30, 2592941, 1330
622, 19, 5, 207, 97, 0, 2.04%, 10, 5, 5, 5424.13, 2621157, 1339
627, 19, 60, 208, 97, 0, 2.04%, 10, 5, 5, 5145.24, 2646735, 1339
632, 19, 3, 208, 97, 0, 2.04%, 10, 5, 5, 4961.95, 2671372, 1339
637, 19, 206, 210, 98, 0, 2.04%, 11, 6, 5, 1321.33, 2683916, 1340
642, 19, 5, 211, 97, 0, 2.04%, 12, 6, 5, 4118.79, 2709379, 1340
647, 19, 104, 215, 101, 0, 2.04%, 12, 6, 5, 4266.04, 2730654, 1340
652, 19, 50, 215, 101, 0, 2.04%, 13, 6, 5, 5113.26, 2757666, 1340
657, 19, 215, 217, 102, 0, 2.06%, 15, 6, 5, 1084.42, 2781889, 1347
663, 19, 215, 221, 106, 0, 2.06%, 16, 6, 5, 871.28, 2786038, 1348
668, 19, 216, 221, 105, 1, 2.06%, 17, 6, 5, 1526.32, 2792964, 1348
673, 19, 5, 223, 106, 0, 2.06%, 17, 6, 5, 4130.29, 2817922, 1348
678, 20, 185, 223, 106, 0, 2.06%, 17, 6, 5, 3393.05, 2834843, 1348
683, 20, 1, 223, 106, 0, 2.06%, 17, 6, 5, 3430.96, 2852300, 1348
688, 20, 219, 223, 106, 0, 2.06%, 17, 6, 5, 2728.85, 2866234, 1348
693, 20, 7, 223, 106, 0, 2.06%, 17, 6, 5, 2926.48, 2874147, 1348
699, 20, 5, 223, 106, 0, 2.06%, 17, 6, 5, 5377.06, 2905076, 1348
704, 20, 5, 224, 106, 0, 2.06%, 18, 6, 5, 5631.85, 2934624, 1348
709, 20, 5, 225, 106, 0, 2.06%, 18, 6, 5, 5113.11, 2960290, 1351
714, 20, 3, 225, 106, 0, 2.06%, 19, 6, 5, 4913.82, 2983872, 1351
719, 20, 5, 225, 106, 0, 2.06%, 19, 6, 5, 5615.28, 3012629, 1351
724, 21, 5, 225, 106, 0, 2.06%, 19, 7, 5, 4900.50, 3035609, 1351
729, 21, 219, 225, 106, 0, 2.06%, 20, 7, 5, 5243.73, 3063185, 1351
734, 21, 224, 227, 108, 0, 2.06%, 20, 7, 5, 4523.81, 3087642, 1351
739, 21, 5, 227, 108, 0, 2.06%, 20, 7, 5, 5112.68, 3107551, 1351
745, 21, 5, 227, 108, 0, 2.06%, 20, 7, 5, 4779.73, 3131150, 1351
750, 21, 3, 227, 108, 0, 2.06%, 20, 7, 5, 4222.65, 3152825, 1351
755, 21, 7, 228, 109, 0, 2.06%, 21, 7, 5, 4979.52, 3178732, 1351
760, 21, 5, 230, 111, 0, 2.06%, 21, 7, 5, 5573.28, 3205203, 1351
765, 21, 106, 230, 111, 0, 2.06%, 21, 7, 5, 4864.00, 3230506, 1351
770, 21, 3, 230, 111, 0, 2.06%, 21, 7, 5, 4100.07, 3250738, 1351
775, 22, 3, 230, 109, 0, 2.06%, 21, 7, 5, 4751.34, 3276548, 1351
780, 22, 7, 230, 109, 0, 2.06%, 22, 7, 5, 4729.13, 3296980, 1351
786, 22, 3, 230, 109, 0, 2.06%, 22, 7, 5, 5201.09, 3323140, 1351
791, 22, 6, 230, 109, 0, 2.06%, 22, 7, 5, 5211.95, 3350078, 1351
796, 22, 224, 230, 109, 0, 2.06%, 22, 7, 5, 467.32, 3366066, 1351
801, 22, 4, 230, 109, 0, 2.06%, 23, 7, 5, 3637.12, 3384388, 1351
806, 22, 5, 230, 108, 0, 2.06%, 23, 7, 5, 2362.91, 3398554, 1351
811, 22, 5, 230, 108, 0, 2.06%, 23, 7, 5, 2912.74, 3413626, 1351
816, 22, 3, 230, 108, 0, 2.06%, 23, 7, 5, 3104.02, 3429439, 1351
821, 22, 42, 230, 107, 0, 2.06%, 23, 7, 5, 3633.20, 3448515, 1351
826, 22, 5, 230, 107, 0, 2.06%, 23, 7, 5, 3741.73, 3467409, 1351
831, 23, 1, 230, 106, 0, 2.06%, 23, 7, 5, 3570.59, 3485468, 1351
836, 23, 3, 231, 107, 0, 2.06%, 23, 7, 5, 3296.85, 3502076, 1351
841, 23, 7, 231, 107, 0, 2.06%, 23, 7, 5, 2412.98, 3515663, 1351
847, 23, 119, 231, 106, 0, 2.06%, 23, 7, 5, 3374.72, 3533566, 1351
852, 23, 1, 231, 106, 0, 2.06%, 23, 7, 5, 3388.28, 3550593, 1351
857, 23, 1, 231, 106, 0, 2.06%, 24, 7, 5, 3051.69, 3565906, 1351
862, 23, 155, 231, 105, 0, 2.06%, 24, 7, 5, 2744.05, 3578975, 1351
867, 23, 7, 231, 104, 0, 2.06%, 24, 7, 5, 3012.24, 3594979, 1351
872, 23, 7, 231, 104, 0, 2.06%, 24, 7, 5, 3280.03, 3612515, 1351
877, 23, 3, 231, 104, 0, 2.06%, 24, 7, 5, 3323.60, 3630067, 1351
883, 23, 132, 232, 105, 0, 2.06%, 24, 7, 5, 3414.39, 3647686, 1351
888, 23, 5, 232, 105, 0, 2.06%, 24, 7, 5, 3440.74, 3665307, 1351
893, 23, 5, 232, 104, 0, 2.06%, 24, 7, 5, 3421.39, 3682754, 1351
898, 24, 224, 235, 107, 0, 2.06%, 24, 7, 5, 2809.14, 3697154, 1351
903, 24, 3, 235, 107, 0, 2.06%, 24, 7, 5, 3255.32, 3714485, 1351
908, 24, 5, 235, 107, 0, 2.06%, 24, 7, 5, 3010.49, 3729542, 1351
913, 24, 183, 235, 107, 0, 2.06%, 24, 7, 5, 3436.84, 3747308, 1351
918, 24, 5, 235, 107, 0, 2.06%, 24, 7, 5, 2640.59, 3760667, 1351
923, 24, 3, 236, 108, 0, 2.06%, 24, 7, 5, 2578.66, 3773946, 1351
928, 24, 1, 237, 108, 0, 2.06%, 24, 7, 5, 3427.82, 3788140, 1352
933, 24, 5, 237, 108, 0, 2.06%, 24, 7, 5, 3172.65, 3802684, 1352
939, 24, 2, 238, 109, 0, 2.06%, 24, 7, 5, 743.15, 3817176, 1352
944, 24, 5, 238, 109, 0, 2.06%, 24, 7, 5, 2688.93, 3832998, 1352
949, 24, 9, 238, 109, 0, 2.06%, 24, 7, 5, 2947.86, 3848916, 1352
954, 24, 4, 238, 109, 0, 2.06%, 24, 7, 5, 2881.89, 3862551, 1352
959, 24, 2, 238, 109, 0, 2.06%, 24, 7, 5, 3295.75, 3879966, 1352
964, 24, 9, 238, 109, 0, 2.06%, 24, 7, 5, 3207.29, 3896385, 1352
969, 24, 5, 238, 109, 0, 2.06%, 24, 7, 5, 2970.15, 3910992, 1352
975, 25, 2, 239, 108, 0, 2.06%, 24, 7, 5, 2606.86, 3924147, 1352
980, 25, 27, 241, 110, 0, 2.06%, 24, 7, 5, 3283.06, 3941802, 1352
985, 25, 5, 241, 110, 0, 2.06%, 24, 7, 5, 3162.95, 3957975, 1352
990, 25, 4, 241, 109, 0, 2.06%, 24, 7, 5, 3169.79, 3974106, 1352
995, 25, 2, 241, 109, 0, 2.06%, 24, 7, 5, 3333.11, 3990639, 1352
1000, 25, 236, 241, 109, 0, 2.06%, 24, 7, 5, 3273.01, 4007154, 1352
1005, 25, 9, 241, 109, 0, 2.06%, 24, 7, 5, 3228.15, 4022644, 1352
1010, 25, 5, 241, 109, 0, 2.06%, 24, 7, 5, 3497.80, 4040882, 1352
1015, 25, 73, 241, 109, 0, 2.06%, 24, 7, 5, 3257.03, 4057288, 1352
1020, 25, 7, 241, 109, 0, 2.06%, 25, 7, 5, 3035.49, 4072672, 1352
1025, 25, 36, 241, 109, 0, 2.06%, 25, 7, 5, 3196.63, 4089503, 1352
1030, 25, 5, 241, 109, 0, 2.06%, 25, 7, 5, 3115.19, 4104613, 1352
1035, 25, 5, 241, 109, 0, 2.06%, 25, 7, 5, 3099.59, 4120907, 1352
1041, 25, 7, 241, 109, 0, 2.06%, 25, 7, 5, 3009.57, 4136005, 1352
1046, 25, 219, 241, 108, 0, 2.06%, 25, 7, 5, 3136.67, 4151718, 1352
1051, 25, 6, 241, 108, 0, 2.06%, 25, 7, 5, 3203.68, 4168297, 1352
1056, 26, 5, 242, 109, 0, 2.06%, 25, 7, 5, 3371.48, 4186127, 1352
1061, 26, 5, 242, 109, 0, 2.06%, 25, 7, 5, 3291.82, 4202394, 1352
1066, 26, 219, 243, 110, 0, 2.06%, 25, 7, 5, 3214.84, 4218715, 1352
1071, 26, 3, 244, 110, 0, 2.06%, 25, 7, 5, 3337.73, 4233968, 1353
1076, 26, 5, 244, 110, 0, 2.06%, 25, 7, 5, 3182.23, 4250059, 1353
1081, 26, 9, 244, 110, 0, 2.06%, 25, 7, 5, 3290.04, 4267486, 1353
1086, 26, 6, 244, 110, 0, 2.06%, 25, 7, 5, 3234.66, 4283720, 1353
1091, 26, 3, 244, 110, 0, 2.06%, 25, 7, 5, 3275.66, 4300535, 1353
1096, 26, 135, 244, 110, 0, 2.06%, 25, 7, 5, 3050.61, 4315818, 1353
1101, 26, 5, 244, 110, 0, 2.06%, 25, 7, 5, 3261.66, 4332240, 1353
1106, 26, 3, 244, 110, 0, 2.06%, 25, 7, 5, 2821.09, 4345371, 1353
1112, 26, 6, 244, 110, 0, 2.06%, 25, 7, 5, 2766.29, 4359395, 1353
1117, 26, 1, 244, 110, 0, 2.06%, 25, 7, 5, 2708.26, 4372528, 1353
1122, 26, 19, 244, 110, 0, 2.06%, 25, 7, 5, 1853.50, 4379772, 1353
1127, 26, 5, 244, 110, 0, 2.06%, 25, 7, 5, 2817.37, 4395226, 1353
1132, 26, 2, 244, 109, 0, 2.06%, 25, 7, 5, 3141.90, 4411216, 1353
1137, 27, 219, 244, 109, 0, 2.06%, 25, 7, 5, 448.05, 4422829, 1353
1142, 27, 5, 244, 109, 0, 2.06%, 25, 7, 5, 2216.01, 4435490, 1353
1147, 27, 5, 245, 110, 0, 2.06%, 25, 7, 5, 2667.76, 4449737, 1353
1152, 27, 5, 245, 110, 0, 2.06%, 25, 7, 5, 3287.67, 4466501, 1353
1157, 27, 5, 245, 110, 0, 2.06%, 25, 7, 5, 3168.46, 4482785, 1353
1163, 27, 5, 246, 111, 0, 2.06%, 25, 7, 5, 3092.10, 4498670, 1353
1168, 27, 131, 246, 111, 0, 2.06%, 25, 7, 5, 3279.70, 4516163, 1353
1173, 27, 5, 246, 111, 0, 2.06%, 25, 7, 5, 1822.15, 4524276, 1353
1178, 27, 5, 246, 110, 0, 2.06%, 25, 7, 5, 2983.91, 4540079, 1353
1183, 27, 9, 246, 110, 0, 2.06%, 25, 7, 5, 3337.90, 4557601, 1353
1188, 27, 5, 246, 110, 0, 2.06%, 25, 7, 5, 3166.84, 4573518, 1353
1193, 27, 1, 247, 111, 0, 2.06%, 25, 7, 5, 3255.44, 4589624, 1353
1198, 27, 7, 247, 111, 0, 2.06%, 25, 7, 5, 3236.61, 4605898, 1353
1203, 27, 4, 247, 111, 0, 2.06%, 25, 7, 5, 2190.17, 4617445, 1353
1208, 27, 4, 247, 111, 0, 2.06%, 25, 7, 5, 1498.74, 4623424, 1353
1214, 27, 5, 247, 111, 0, 2.06%, 25, 7, 5, 1828.32, 4632980, 1353
1219, 27, 4, 248, 112, 0, 2.06%, 25, 7, 5, 2339.62, 4645250, 1353
1224, 27, 6, 248, 112, 0, 2.06%, 25, 7, 5, 2501.07, 4658884, 1353
1229, 27, 5, 248, 112, 0, 2.06%, 25, 7, 5, 2342.98, 4670870, 1353
1234, 28, 7, 248, 112, 0, 2.06%, 25, 7, 5, 2872.22, 4686328, 1353
1239, 28, 1, 248, 111, 0, 2.06%, 25, 7, 5, 2781.86, 4699964, 1353
1244, 28, 5, 250, 113, 0, 2.06%, 25, 7, 5, 3189.51, 4716424, 1353
1249, 28, 7, 250, 113, 0, 2.06%, 25, 7, 5, 3020.48, 4731759, 1353
1254, 28, 6, 250, 113, 0, 2.06%, 25, 7, 5, 2693.78, 4746024, 1353
1259, 28, 4, 250, 113, 0, 2.06%, 25, 7, 5, 2064.77, 4755843, 1353
1264, 28, 3, 250, 113, 0, 2.06%, 25, 7, 5, 3445.59, 4768338, 1353
1270, 28, 6, 250, 113, 0, 2.06%, 25, 7, 5, 214.29, 4780337, 1353
1275, 28, 5, 250, 113, 0, 2.06%, 25, 7, 5, 2263.40, 4791727, 1353
1280, 28, 5, 250, 113, 0, 2.06%, 25, 7, 5, 2538.38, 4806055, 1353
1285, 28, 3, 250, 113, 0, 2.06%, 25, 7, 5, 3025.76, 4821527, 1353
1290, 28, 5, 250, 113, 0, 2.06%, 25, 7, 5, 3153.21, 4838067, 1353
1295, 28, 5, 250, 113, 0, 2.06%, 25, 7, 5, 3282.71, 4854765, 1353
1300, 28, 131, 250, 113, 0, 2.06%, 25, 7, 5, 3332.24, 4870964, 1353
1305, 28, 131, 250, 113, 0, 2.06%, 25, 7, 5, 3236.01, 4885527, 1353
1310, 28, 5, 250, 112, 0, 2.06%, 25, 7, 5, 3346.04, 4902998, 1353
1315, 28, 2, 250, 112, 0, 2.06%, 25, 7, 5, 3193.11, 4919568, 1353
1321, 29, 5, 250, 111, 0, 2.06%, 25, 7, 5, 3282.52, 4937415, 1353
1326, 29, 142, 250, 111, 0, 2.06%, 25, 7, 5, 3288.88, 4954621, 1353
1331, 29, 3, 250, 111, 0, 2.06%, 26, 7, 5, 3287.75, 4971543, 1353
1336, 29, 5, 250, 111, 0, 2.06%, 26, 7, 5, 3142.96, 4987484, 1353
1341, 29, 3, 250, 111, 0, 2.06%, 26, 7, 5, 2355.36, 4997732, 1353
1346, 29, 5, 250, 111, 0, 2.06%, 26, 7, 5, 2524.94, 5011288, 1353
1351, 29, 2, 250, 111, 0, 2.06%, 26, 7, 5, 2684.43, 5025528, 1353
1356, 29, 1, 250, 111, 0, 2.06%, 26, 7, 5, 2792.75, 5038949, 1353
1361, 29, 219, 250, 111, 0, 2.06%, 26, 7, 5, 2858.38, 5053589, 1353
1366, 29, 7, 250, 111, 0, 2.06%, 26, 7, 5, 2785.45, 5066042, 1353
1371, 29, 4, 250, 111, 0, 2.06%, 26, 7, 5, 2570.88, 5078454, 1353
1377, 29, 5, 250, 111, 0, 2.06%, 26, 7, 5, 3478.18, 5096344, 1353
1382, 29, 73, 250, 110, 0, 2.06%, 26, 7, 5, 4393.53, 5119129, 1353
1387, 29, 7, 250, 110, 0, 2.06%, 26, 7, 5, 4748.71, 5144626, 1353
1392, 29, 76, 252, 111, 0, 2.06%, 26, 7, 5, 1173.38, 5152219, 1353
1397, 30, 5, 252, 111, 0, 2.06%, 26, 7, 5, 3381.47, 5169641, 1353
1402, 30, 5, 252, 111, 0, 2.06%, 26, 7, 5, 4771.16, 5194832, 1353
1407, 30, 5, 252, 111, 0, 2.06%, 26, 7, 5, 844.94, 5214905, 1353
1412, 30, 1, 252, 111, 0, 2.06%, 26, 7, 5, 1360.35, 5221715, 1353
1418, 30, 3, 252, 111, 0, 2.06%, 26, 7, 5, 3767.43, 5244117, 1353
1423, 30, 1, 252, 111, 0, 2.06%, 26, 7, 5, 968.61, 5260677, 1353
1428, 30, 50, 252, 111, 0, 2.06%, 26, 7, 5, 3801.13, 5278149, 1353
1433, 30, 5, 252, 111, 0, 2.06%, 26, 7, 5, 3217.56, 5296117, 1353
1438, 30, 42, 252, 110, 0, 2.06%, 26, 7, 5, 3853.18, 5315653, 1353
1443, 30, 3, 252, 110, 0, 2.06%, 26, 7, 5, 4507.28, 5339949, 1353
1448, 30, 5, 252, 110, 0, 2.06%, 26, 7, 5, 2268.40, 5354392, 1353
1453, 30, 5, 252, 110, 0, 2.06%, 26, 7, 5, 2663.30, 5368339, 1353
1458, 30, 5, 252, 110, 0, 2.06%, 26, 7, 5, 2561.58, 5381305, 1353
1463, 30, 9, 252, 110, 0, 2.06%, 26, 7, 5, 636.19, 5389253, 1353
1468, 30, 36, 252, 110, 0, 2.06%, 26, 7, 5, 2213.13, 5401403, 1353
1473, 30, 7, 252, 110, 0, 2.06%, 26, 7, 5, 2426.26, 5413933, 1353
1478, 30, 216, 252, 110, 0, 2.06%, 26, 7, 5, 2267.82, 5426247, 1353
1484, 31, 5, 252, 110, 0, 2.06%, 26, 7, 5, 2723.36, 5439945, 1353
1489, 31, 3, 252, 110, 0, 2.06%, 26, 7, 5, 2626.67, 5453262, 1353
1494, 31, 201, 253, 111, 0, 2.06%, 26, 7, 5, 2436.97, 5465880, 1353
1499, 31, 72, 253, 111, 0, 2.06%, 26, 7, 5, 2300.69, 5477331, 1353
1504, 31, 1, 254, 112, 0, 2.06%, 26, 7, 5, 2911.10, 5486582, 1353
1509, 31, 5, 254, 112, 0, 2.06%, 26, 7, 5, 2280.75, 5497228, 1353
1514, 31, 5, 254, 112, 0, 2.06%, 26, 7, 5, 2061.12, 5507655, 1353
1519, 31, 1, 254, 111, 0, 2.06%, 27, 7, 5, 2401.54, 5519497, 1353
1524, 31, 5, 254, 111, 0, 2.06%, 27, 7, 5, 2597.57, 5532753, 1353
1530, 31, 5, 254, 111, 0, 2.06%, 27, 7, 5, 2103.80, 5543468, 1353
1535, 31, 5, 254, 111, 0, 2.06%, 27, 7, 5, 2135.13, 5553545, 1353
1540, 31, 3, 254, 111, 0, 2.06%, 27, 7, 5, 2349.31, 5562918, 1353
1545, 31, 252, 254, 111, 0, 2.06%, 27, 7, 5, 137.81, 5571156, 1353
1550, 31, 252, 255, 112, 0, 2.06%, 27, 7, 5, 158.01, 5571970, 1353
1555, 31, 252, 255, 112, 0, 2.06%, 27, 7, 5, 1072.24, 5573362, 1353
1560, 31, 6, 255, 111, 0, 2.06%, 27, 7, 5, 2474.76, 5586292, 1353
1565, 31, 3, 256, 112, 0, 2.06%, 27, 7, 5, 2257.63, 5598506, 1353
1570, 31, 1, 256, 112, 0, 2.06%, 27, 7, 5, 2303.38, 5609962, 1353
1575, 31, 5, 256, 111, 0, 2.06%, 27, 7, 5, 2828.84, 5625549, 1353
1580, 31, 5, 256, 111, 0, 2.06%, 27, 7, 5, 3001.08, 5639977, 1353
1585, 31, 6, 256, 111, 0, 2.06%, 27, 7, 5, 2993.40, 5655477, 1353
1591, 31, 5, 256, 111, 0, 2.06%, 27, 7, 5, 4185.78, 5670150, 1353
1596, 31, 2, 256, 111, 0, 2.06%, 27, 7, 5, 3307.00, 5685349, 1353
1601, 32, 5, 256, 111, 0, 2.06%, 27, 7, 5, 3266.13, 5702090, 1353
1606, 32, 104, 256, 111, 0, 2.06%, 27, 7, 5, 3389.75, 5719868, 1353
1611, 32, 20, 256, 111, 0, 2.06%, 27, 7, 5, 3177.22, 5736112, 1353
1616, 32, 30, 256, 111, 0, 2.06%, 27, 7, 5, 3088.47, 5752329, 1353
1621, 32, 5, 256, 111, 0, 2.06%, 27, 7, 5, 3094.09, 5767827, 1353
1626, 32, 4, 256, 111, 0, 2.06%, 27, 7, 5, 2970.10, 5782542, 1353
1632, 32, 9, 256, 111, 0, 2.06%, 27, 7, 5, 2720.66, 5795528, 1353
1637, 32, 2, 257, 112, 0, 2.06%, 27, 7, 5, 2289.96, 5808756, 1353
1642, 32, 5, 257, 112, 0, 2.06%, 27, 7, 5, 2809.08, 5823603, 1353
1647, 32, 5, 258, 113, 0, 2.06%, 27, 7, 5, 2705.50, 5837170, 1353
1652, 32, 5, 258, 113, 0, 2.06%, 27, 7, 5, 3040.61, 5852562, 1353
1657, 32, 7, 258, 113, 0, 2.06%, 27, 7, 5, 3219.32, 5868796, 1353
1662, 32, 5, 258, 113, 0, 2.06%, 27, 7, 5, 2980.90, 5883844, 1353
1667, 32, 1, 258, 113, 0, 2.06%, 27, 7, 5, 3174.70, 5899931, 1353
1672, 32, 4, 258, 113, 0, 2.06%, 27, 7, 5, 2942.58, 5915359, 1353
1677, 32, 3, 258, 113, 0, 2.06%, 27, 7, 5, 2827.87, 5929578, 1353
1682, 32, 5, 258, 113, 0, 2.06%, 27, 7, 5, 2880.28, 5942052, 1353
1687, 32, 5, 258, 113, 0, 2.06%, 27, 7, 5, 2911.33, 5956391, 1353
1692, 32, 6, 258, 113, 0, 2.06%, 27, 7, 5, 3245.88, 5973026, 1353
1698, 32, 7, 258, 113, 0, 2.06%, 27, 7, 5, 2549.22, 5985244, 1353
1703, 32, 5, 258, 113, 0, 2.06%, 27, 7, 5, 2980.84, 6000386, 1353
1708, 33, 5, 258, 113, 0, 2.06%, 27, 7, 5, 3575.00, 6012572, 1353
1713, 33, 131, 258, 113, 0, 2.06%, 27, 7, 5, 3125.77, 6026872, 1353
1718, 33, 5, 258, 113, 0, 2.06%, 27, 7, 5, 3000.24, 6041797, 1353
1723, 33, 5, 258, 112, 0, 2.06%, 27, 7, 5, 3130.07, 6057105, 1353
1728, 33, 3, 258, 112, 0, 2.06%, 27, 7, 5, 2796.39, 6071385, 1353
1733, 33, 5, 258, 112, 0, 2.06%, 27, 7, 5, 3256.11, 6087454, 1353
1738, 33, 5, 258, 112, 0, 2.06%, 27, 7, 5, 2747.34, 6100291, 1353
1743, 33, 5, 258, 112, 0, 2.06%, 27, 7, 5, 2394.70, 6111496, 1353
1749, 33, 5, 258, 112, 0, 2.06%, 27, 7, 5, 2933.85, 6126506, 1353
1754, 33, 1, 258, 112, 0, 2.06%, 27, 7, 5, 2840.58, 6140678, 1353
1759, 33, 7, 258, 112, 0, 2.06%, 27, 7, 5, 3127.16, 6156162, 1353
1764, 33, 73, 258, 112, 0, 2.06%, 27, 7, 5, 2649.90, 6169488, 1353
1769, 33, 4, 258, 112, 0, 2.06%, 27, 7, 5, 3013.17, 6184910, 1353
1774, 33, 5, 258, 112, 0, 2.06%, 27, 7, 5, 2702.82, 6198573, 1353
1779, 33, 4, 258, 112, 0, 2.06%, 27, 7, 5, 2716.71, 6212627, 1353
1784, 33, 5, 258, 112, 0, 2.06%, 27, 7, 5, 3101.75, 6228810, 1353
1789, 33, 5, 258, 112, 0, 2.06%, 27, 7, 5, 2510.60, 6240826, 1353
1794, 33, 7, 258, 112, 0, 2.06%, 27, 7, 5, 2139.88, 6251504, 1353
1800, 33, 5, 258, 112, 0, 2.06%, 27, 7, 5, 2264.81, 6262770, 1353
1805, 33, 5, 258, 112, 0, 2.06%, 27, 7, 5, 3181.48, 6274620, 1353
1810, 33, 5, 258, 111, 0, 2.06%, 27, 7, 5, 2801.33, 6288808, 1353
1815, 33, 5, 258, 111, 0, 2.06%, 27, 7, 5, 969.96, 6300724, 1353
1820, 33, 5, 258, 111, 0, 2.06%, 27, 7, 5, 2316.86, 6314042, 1353
1825, 33, 3, 258, 111, 0, 2.06%, 27, 7, 5, 2878.79, 6330170, 1353
1830, 34, 5, 258, 109, 0, 2.06%, 27, 7, 5, 2561.53, 6342885, 1353
1835, 34, 106, 258, 109, 0, 2.06%, 27, 7, 5, 2618.25, 6356298, 1353
1840, 34, 5, 258, 109, 0, 2.06%, 27, 7, 5, 2938.79, 6371297, 1353
1845, 34, 60, 258, 109, 0, 2.06%, 27, 7, 5, 3167.07, 6387141, 1353
1850, 34, 5, 258, 109, 0, 2.06%, 27, 7, 5, 2878.68, 6402165, 1353
1856, 34, 146, 258, 109, 0, 2.06%, 27, 7, 5, 2740.25, 6416249, 1353
1861, 34, 5, 258, 109, 0, 2.06%, 27, 7, 5, 2523.07, 6429495, 1353
1866, 34, 3, 258, 109, 0, 2.06%, 27, 7, 5, 2845.61, 6443558, 1353
1871, 34, 55, 258, 109, 0, 2.06%, 27, 7, 5, 4067.23, 6459190, 1353
1876, 34, 6, 258, 109, 0, 2.06%, 27, 7, 5, 3581.24, 6476574, 1353
1881, 34, 5, 258, 109, 0, 2.06%, 27, 7, 5, 3115.17, 6491269, 1353
1886, 34, 132, 258, 109, 0, 2.06%, 27, 7, 5, 3270.35, 6508789, 1353
1891, 34, 3, 258, 109, 0, 2.06%, 27, 7, 5, 3351.08, 6525479, 1353
1896, 34, 3, 258, 109, 0, 2.06%, 27, 7, 5, 2725.71, 6538041, 1353
1901, 34, 7, 258, 109, 0, 2.06%, 27, 7, 5, 2815.00, 6552777, 1353
1907, 34, 5, 258, 109, 0, 2.06%, 27, 7, 5, 3314.39, 6570114, 1353
1912, 34, 5, 258, 109, 0, 2.06%, 27, 7, 5, 2880.45, 6584674, 1353
1917, 34, 7, 258, 109, 0, 2.06%, 27, 7, 5, 2498.81, 6596976, 1353
1922, 34, 1, 258, 109, 0, 2.06%, 27, 7, 5, 2661.78, 6609706, 1353
1927, 34, 6, 258, 108, 0, 2.06%, 27, 7, 5, 1204.62, 6620039, 1353
1932, 34, 38, 258, 108, 0, 2.06%, 27, 7, 5, 2309.56, 6633058, 1353
1937, 34, 2, 258, 108, 0, 2.06%, 27, 7, 5, 2918.06, 6647715, 1353
1942, 34, 30, 258, 108, 0, 2.06%, 27, 7, 5, 3202.08, 6664918, 1353
1947, 34, 5, 258, 107, 0, 2.06%, 27, 7, 5, 3410.10, 6682523, 1353
1953, 35, 70, 258, 107, 0, 2.06%, 27, 7, 5, 3210.29, 6699216, 1353
1958, 35, 5, 258, 106, 0, 2.06%, 27, 7, 5, 3075.77, 6714567, 1353
1963, 35, 5, 258, 106, 0, 2.06%, 27, 7, 5, 3073.78, 6729238, 1353
1968, 35, 3, 258, 106, 0, 2.06%, 27, 7, 5, 4189.75, 6745132, 1353
1973, 35, 104, 258, 106, 0, 2.06%, 27, 7, 5, 3688.14, 6762907, 1353
1978, 35, 3, 258, 106, 0, 2.06%, 27, 7, 5, 3372.14, 6780225, 1353
1983, 35, 7, 258, 106, 0, 2.06%, 27, 7, 5, 3438.75, 6797990, 1353
1988, 35, 3, 258, 106, 0, 2.06%, 27, 7, 5, 3801.22, 6813536, 1353
1993, 35, 3, 258, 106, 0, 2.06%, 27, 7, 5, 3592.23, 6832028, 1353
1999, 35, 5, 258, 106, 0, 2.06%, 27, 7, 5, 3195.59, 6848944, 1353
2004, 35, 6, 259, 107, 0, 2.06%, 28, 7, 5, 2885.82, 6862581, 1353
2009, 35, 2, 259, 107, 0, 2.06%, 28, 7, 5, 2950.43, 6878199, 1353
2014, 35, 5, 259, 107, 0, 2.06%, 28, 7, 5, 2727.05, 6891961, 1353
2019, 35, 1, 259, 107, 0, 2.06%, 28, 7, 5, 2111.55, 6901555, 1353
2024, 35, 6, 259, 107, 0, 2.06%, 28, 7, 5, 334.28, 6911367, 1353
2029, 35, 2, 259, 107, 0, 2.06%, 28, 7, 5, 2552.83, 6921565, 1353
2035, 35, 7, 259, 106, 0, 2.06%, 28, 7, 5, 151.04, 6935859, 1353
2040, 35, 6, 259, 106, 0, 2.06%, 28, 7, 5, 2826.63, 6950121, 1353
2045, 35, 3, 260, 107, 0, 2.06%, 28, 7, 5, 3001.06, 6965278, 1353
2050, 35, 5, 260, 106, 0, 2.06%, 28, 7, 5, 3065.31, 6980759, 1353
2055, 35, 5, 260, 106, 0, 2.06%, 28, 7, 5, 3587.73, 7000117, 1353
2060, 35, 3, 260, 105, 0, 2.06%, 28, 7, 5, 3114.43, 7014588, 1353
2065, 36, 73, 260, 105, 0, 2.06%, 28, 7, 5, 3274.30, 7032077, 1353
2070, 36, 1, 260, 105, 0, 2.06%, 28, 7, 5, 3030.27, 7047311, 1353
2075, 36, 5, 260, 104, 0, 2.06%, 28, 7, 5, 3346.50, 7064521, 1353
2080, 36, 5, 260, 104, 0, 2.06%, 28, 7, 5, 3432.39, 7082592, 1353
2086, 36, 5, 260, 104, 0, 2.06%, 28, 7, 5, 3400.59, 7099322, 1353
2091, 36, 236, 260, 104, 0, 2.06%, 28, 7, 5, 2849.05, 7113694, 1353
2096, 36, 5, 260, 104, 0, 2.06%, 28, 7, 5, 3114.54, 7128710, 1353
2101, 36, 6, 260, 104, 0, 2.06%, 28, 7, 5, 3331.94, 7143768, 1353
2106, 36, 1, 260, 104, 0, 2.06%, 28, 7, 5, 3102.76, 7159683, 1353
2111, 36, 5, 260, 104, 0, 2.06%, 28, 7, 5, 3100.16, 7175895, 1353
2116, 36, 5, 260, 103, 0, 2.06%, 28, 7, 5, 4202.38, 7190070, 1353
2121, 36, 155, 260, 103, 0, 2.06%, 28, 7, 5, 3346.65, 7205868, 1353
2126, 36, 236, 260, 102, 0, 2.06%, 28, 7, 5, 2637.52, 7218536, 1353
2131, 36, 6, 260, 102, 0, 2.06%, 28, 7, 5, 2692.55, 7232181, 1353
2137, 36, 4, 260, 102, 0, 2.06%, 28, 7, 5, 2860.34, 7247329, 1353
2142, 36, 5, 260, 102, 0, 2.06%, 28, 7, 5, 3297.88, 7259767, 1353
2147, 36, 5, 260, 102, 0, 2.06%, 28, 7, 5, 2542.59, 7271282, 1353
2152, 36, 4, 260, 102, 0, 2.06%, 28, 7, 5, 2709.65, 7284627, 1353
2157, 36, 9, 260, 102, 0, 2.06%, 28, 7, 5, 2275.90, 7296082, 1353
2162, 36, 3, 260, 102, 0, 2.06%, 28, 7, 5, 2524.28, 7306325, 1353
2167, 36, 5, 260, 102, 0, 2.06%, 28, 7, 5, 3824.02, 7316932, 1353
2172, 36, 5, 260, 102, 0, 2.06%, 28, 7, 5, 1938.04, 7329856, 1353
2177, 36, 3, 260, 102, 0, 2.06%, 28, 7, 5, 2654.91, 7344337, 1353
2182, 36, 131, 260, 102, 0, 2.06%, 28, 7, 5, 2688.09, 7358053, 1353
2188, 36, 5, 260, 102, 0, 2.06%, 28, 7, 5, 2758.78, 7372539, 1353
2193, 37, 5, 260, 102, 0, 2.06%, 28, 7, 5, 2757.11, 7386640, 1353
2198, 37, 7, 260, 102, 0, 2.06%, 28, 7, 5, 2456.40, 7399725, 1353
2203, 37, 132, 260, 102, 0, 2.06%, 28, 7, 5, 2047.27, 7410587, 1353
2208, 37, 5, 260, 102, 0, 2.06%, 28, 7, 5, 1169.04, 7418443, 1353
2213, 37, 5, 260, 102, 0, 2.06%, 28, 7, 5, 2302.68, 7431396, 1353
2218, 37, 5, 260, 102, 0, 2.06%, 28, 7, 5, 2487.80, 7444224, 1353
2223, 37, 5, 260, 102, 0, 2.06%, 28, 7, 5, 2679.59, 7454855, 1353
2228, 37, 1, 261, 103, 0, 2.06%, 28, 7, 5, 2777.43, 7469127, 1353
2233, 37, 4, 261, 103, 0, 2.06%, 28, 7, 5, 2621.49, 7482449, 1353
2238, 37, 1, 261, 103, 0, 2.06%, 28, 7, 5, 2336.73, 7491940, 1353
2243, 37, 4, 261, 103, 0, 2.06%, 28, 7, 5, 2804.18, 7505735, 1353
2249, 37, 10, 261, 103, 0, 2.06%, 28, 7, 5, 2618.07, 7519324, 1353
2254, 37, 1, 261, 103, 0, 2.06%, 28, 7, 5, 2695.35, 7532778, 1353
2259, 37, 5, 261, 103, 0, 2.06%, 28, 7, 5, 2640.33, 7546491, 1353
2264, 37, 4, 261, 103, 0, 2.06%, 28, 7, 5, 2758.99, 7561222, 1353
2269, 37, 155, 261, 103, 0, 2.06%, 28, 7, 5, 3666.84, 7573421, 1353
2274, 37, 183, 261, 102, 0, 2.06%, 28, 7, 5, 2405.52, 7583935, 1353
2279, 37, 5, 261, 102, 0, 2.06%, 28, 7, 5, 2871.28, 7598472, 1353
2284, 37, 4, 261, 102, 0, 2.06%, 28, 7, 5, 3140.69, 7614685, 1353
2289, 37, 53, 261, 102, 0, 2.06%, 28, 7, 5, 2785.97, 7629514, 1353
2294, 37, 0, 261, 102, 0, 2.06%, 28, 7, 5, 4658.97, 7644268, 1353
2299, 37, 5, 261, 102, 0, 2.06%, 28, 7, 5, 3461.29, 7661140, 1353
2304, 37, 5, 261, 102, 0, 2.06%, 28, 7, 5, 3407.22, 7678582, 1353
2310, 37, 236, 261, 102, 0, 2.06%, 28, 7, 5, 3244.63, 7694834, 1353
2315, 37, 5, 261, 102, 0, 2.06%, 28, 7, 5, 2955.62, 7709168, 1353
2320, 37, 27, 261, 102, 0, 2.06%, 28, 7, 5, 3394.48, 7726296, 1353
2325, 37, 5, 261, 102, 0, 2.06%, 28, 7, 5, 3147.58, 7741572, 1353
2330, 38, 5, 261, 101, 0, 2.06%, 28, 7, 5, 3405.60, 7758946, 1353
2335, 38, 146, 261, 101, 0, 2.06%, 28, 7, 5, 3352.80, 7776049, 1353
2340, 38, 5, 261, 101, 0, 2.06%, 28, 7, 5, 3192.75, 7791857, 1353
2345, 38, 3, 261, 101, 0, 2.06%, 28, 7, 5, 3342.03, 7809044, 1353
2350, 38, 5, 261, 101, 0, 2.06%, 28, 7, 5, 3172.53, 7823646, 1353
2355, 38, 3, 261, 101, 0, 2.06%, 28, 7, 5, 2833.01, 7837961, 1353
2360, 38, 5, 261, 101, 0, 2.06%, 28, 7, 5, 3130.12, 7853253, 1353
2365, 38, 9, 262, 102, 0, 2.06%, 28, 7, 5, 3239.24, 7869226, 1353
2370, 38, 3, 262, 102, 0, 2.06%, 28, 7, 5, 3147.75, 7885033, 1353
2375, 38, 75, 262, 102, 0, 2.06%, 28, 7, 5, 4042.56, 7899035, 1353
2380, 38, 5, 262, 102, 0, 2.06%, 28, 7, 5, 3328.67, 7914201, 1353
2385, 38, 132, 263, 103, 0, 2.06%, 28, 7, 5, 3107.36, 7925869, 1353
2390, 38, 5, 263, 103, 0, 2.06%, 28, 7, 5, 3539.72, 7941895, 1353
2396, 38, 5, 263, 102, 0, 2.06%, 28, 7, 5, 3217.34, 7957834, 1353
2401, 38, 6, 263, 102, 0, 2.06%, 28, 7, 5, 3049.54, 7973449, 1353
2406, 38, 6, 263, 102, 0, 2.06%, 28, 7, 5, 3124.58, 7989270, 1353
2411, 38, 76, 263, 102, 0, 2.06%, 28, 7, 5, 2901.99, 8003930, 1353
2416, 38, 5, 263, 102, 0, 2.06%, 28, 7, 5, 2263.01, 8017135, 1353
2421, 38, 5, 263, 102, 0, 2.06%, 28, 7, 5, 3598.77, 8032353, 1353
2426, 38, 5, 264, 103, 0, 2.06%, 28, 7, 5, 3280.67, 8048715, 1353
2431, 38, 5, 264, 103, 0, 2.06%, 28, 7, 5, 2016.55, 8063078, 1353
2436, 38, 6, 264, 103, 0, 2.06%, 28, 7, 5, 3197.71, 8079141, 1353
2441, 39, 6, 264, 103, 0, 2.06%, 28, 7, 5, 3276.82, 8093822, 1353
2447, 39, 5, 264, 103, 0, 2.06%, 28, 7, 5, 3740.81, 8109557, 1353
2452, 39, 4, 264, 103, 0, 2.06%, 28, 7, 5, 3505.73, 8126692, 1353
2457, 39, 6, 264, 102, 0, 2.06%, 28, 7, 5, 3514.14, 8145246, 1353
2462, 39, 2, 264, 102, 0, 2.06%, 28, 7, 5, 3346.01, 8161969, 1353
2467, 39, 3, 265, 103, 0, 2.06%, 28, 7, 5, 3050.20, 8177319, 1353
2472, 39, 3, 265, 103, 0, 2.06%, 28, 7, 5, 2730.83, 8190639, 1353
2477, 39, 5, 265, 103, 0, 2.06%, 28, 7, 5, 3125.22, 8207353, 1353
2482, 39, 31, 265, 103, 0, 2.06%, 28, 7, 5, 3212.67, 8224227, 1353
2487, 39, 5, 265, 103, 0, 2.06%, 28, 7, 5, 2771.04, 8238172, 1353
2492, 39, 6, 265, 103, 0, 2.06%, 28, 7, 5, 2944.92, 8253092, 1353
2497, 39, 5, 265, 103, 0, 2.06%, 28, 7, 5, 3294.75, 8269601, 1353
2502, 39, 51, 265, 103, 0, 2.06%, 28, 7, 5, 3466.31, 8287977, 1353
2507, 39, 5, 265, 103, 0, 2.06%, 28, 7, 5, 2962.94, 8302658, 1353
2512, 39, 3, 265, 103, 0, 2.06%, 28, 7, 5, 3051.55, 8318380, 1353
2518, 39, 1, 265, 103, 0, 2.06%, 28, 7, 5, 3307.97, 8336291, 1353
2523, 39, 5, 265, 103, 0, 2.06%, 28, 7, 5, 3186.70, 8351609, 1353
2528, 39, 5, 266, 104, 0, 2.06%, 28, 7, 5, 2946.37, 8364883, 1353
2533, 39, 155, 266, 104, 0, 2.06%, 28, 7, 5, 3165.51, 8380969, 1353
2538, 39, 5, 266, 104, 0, 2.06%, 28, 7, 5, 2783.80, 8395965, 1353
2543, 39, 9, 266, 104, 0, 2.06%, 28, 7, 5, 2704.68, 8407262, 1353
2548, 39, 123, 266, 104, 0, 2.06%, 28, 7, 5, 3374.06, 8422781, 1353
2553, 39, 4, 266, 103, 0, 2.06%, 28, 7, 5, 2633.04, 8435660, 1353
2558, 39, 95, 266, 103, 0, 2.06%, 28, 7, 5, 2715.75, 8449652, 1353
2563, 40, 5, 266, 103, 0, 2.06%, 28, 7, 5, 2573.64, 8461791, 1353
2568, 40, 5, 266, 103, 0, 2.06%, 28, 7, 5, 2197.86, 8472766, 1353
2573, 40, 73, 266, 103, 0, 2.06%, 28, 7, 5, 2479.43, 8485312, 1353
2578, 40, 5, 266, 103, 0, 2.06%, 28, 7, 5, 2690.66, 8499288, 1353
2584, 40, 2, 266, 103, 0, 2.06%, 28, 7, 5, 2812.94, 8513438, 1353
2589, 40, 3, 266, 103, 0, 2.06%, 28, 7, 5, 3119.16, 8529187, 1353
2594, 40, 2, 266, 103, 0, 2.06%, 28, 7, 5, 1255.82, 8540835, 1353
2599, 40, 5, 266, 103, 0, 2.06%, 28, 7, 5, 2496.92, 8554206, 1353
2604, 40, 5, 266, 103, 0, 2.06%, 28, 7, 5, 4343.33, 8568135, 1353
2609, 40, 230, 266, 103, 0, 2.06%, 28, 7, 5, 534.46, 8581871, 1353
2614, 40, 6, 266, 102, 0, 2.06%, 28, 7, 5, 2587.06, 8594353, 1353
2619, 40, 5, 266, 102, 0, 2.06%, 28, 7, 5, 2081.61, 8602457, 1353
2624, 40, 3, 266, 102, 0, 2.06%, 28, 7, 5, 2806.86, 8617143, 1353
2629, 40, 1, 267, 103, 0, 2.06%, 28, 7, 5, 3099.60, 8627704, 1353
2634, 40, 5, 267, 103, 0, 2.06%, 28, 7, 5, 2451.51, 8639709, 1353
2639, 40, 5, 267, 103, 0, 2.06%, 28, 7, 5, 2384.49, 8651418, 1353
2644, 40, 2, 267, 103, 0, 2.06%, 28, 7, 5, 1902.50, 8660428, 1353
2650, 40, 0, 267, 103, 0, 2.06%, 28, 7, 5, 2372.11, 8672415, 1353
2655, 40, 67, 267, 103, 0, 2.06%, 28, 7, 5, 2106.34, 8683257, 1353
2660, 40, 5, 267, 102, 0, 2.06%, 28, 7, 5, 2093.97, 8692654, 1353
2665, 40, 5, 267, 102, 0, 2.06%, 28, 7, 5, 2496.32, 8706029, 1353
2670, 40, 5, 267, 102, 0, 2.06%, 28, 7, 5, 3129.69, 8722391, 1353
2675, 40, 106, 267, 102, 0, 2.06%, 28, 7, 5, 3248.92, 8738819, 1353
2680, 40, 5, 267, 102, 0, 2.06%, 28, 7, 5, 3275.41, 8755514, 1353
2685, 40, 5, 267, 102, 0, 2.06%, 28, 7, 5, 2916.78, 8769733, 1353
2690, 40, 5, 267, 102, 0, 2.06%, 28, 7, 5, 3123.12, 8786362, 1353
2695, 40, 51, 267, 102, 0, 2.06%, 28, 7, 5, 2900.35, 8800820, 1353
2701, 40, 5, 267, 101, 0, 2.06%, 28, 7, 5, 3179.92, 8816883, 1353
2706, 41, 5, 267, 101, 0, 2.06%, 28, 7, 5, 3136.39, 8832946, 1353
2711, 41, 1, 268, 102, 0, 2.06%, 28, 7, 5, 3573.49, 8852109, 1353
2716, 41, 5, 268, 101, 0, 2.06%, 28, 7, 5, 3773.56, 8869008, 1353
2721, 41, 5, 268, 101, 0, 2.06%, 28, 7, 5, 3167.34, 8885126, 1353
2726, 41, 5, 268, 101, 0, 2.06%, 28, 7, 5, 2730.64, 8900269, 1353
2731, 41, 5, 268, 101, 0, 2.06%, 28, 7, 5, 3198.00, 8917410, 1353
2736, 41, 3, 268, 101, 0, 2.06%, 28, 7, 5, 3439.84, 8934827, 1353
2741, 41, 5, 268, 101, 0, 2.06%, 28, 7, 5, 3291.10, 8951216, 1353
2747, 41, 5, 269, 102, 0, 2.06%, 28, 7, 5, 3170.01, 8967822, 1353
2752, 41, 5, 269, 102, 0, 2.06%, 28, 7, 5, 3647.70, 8980620, 1353
2757, 41, 5, 269, 102, 0, 2.06%, 28, 7, 5, 3395.76, 8997083, 1353
2762, 41, 3, 269, 102, 0, 2.06%, 28, 7, 5, 3207.22, 9013168, 1353
2767, 41, 5, 269, 102, 0, 2.06%, 28, 7, 5, 3355.57, 9030611, 1353
2772, 41, 4, 270, 103, 0, 2.06%, 28, 7, 5, 3428.88, 9048624, 1353
2777, 41, 104, 270, 103, 0, 2.06%, 28, 7, 5, 3355.68, 9065133, 1353
2782, 41, 3, 270, 103, 0, 2.06%, 28, 7, 5, 3162.09, 9081069, 1353
2787, 41, 7, 270, 102, 0, 2.06%, 28, 7, 5, 3343.17, 9098401, 1353
2793, 41, 5, 270, 101, 0, 2.06%, 28, 7, 5, 3023.79, 9114272, 1353
2798, 41, 5, 270, 101, 0, 2.06%, 28, 7, 5, 3118.03, 9129643, 1353
2803, 41, 5, 270, 101, 0, 2.06%, 29, 7, 5, 3483.29, 9147389, 1353
2808, 41, 5, 270, 101, 0, 2.06%, 29, 7, 5, 3202.60, 9163577, 1353
2813, 42, 5, 270, 101, 0, 2.06%, 29, 7, 5, 3095.25, 9179982, 1353
2818, 42, 5, 270, 101, 0, 2.06%, 29, 7, 5, 3122.04, 9195195, 1353
2823, 42, 5, 271, 102, 0, 2.06%, 29, 7, 5, 3854.58, 9209934, 1353
2828, 42, 5, 271, 102, 0, 2.06%, 29, 7, 5, 3526.22, 9227438, 1353
2834, 42, 51, 271, 102, 0, 2.06%, 29, 7, 5, 3257.49, 9244281, 1353
2839, 42, 3, 271, 102, 0, 2.06%, 29, 7, 5, 3313.50, 9260237, 1353
2844, 42, 72, 271, 102, 0, 2.06%, 29, 7, 5, 3492.37, 9277727, 1353
2849, 42, 5, 271, 102, 0, 2.06%, 29, 7, 5, 3347.72, 9295278, 1353
2854, 42, 6, 271, 101, 0, 2.06%, 29, 7, 5, 3270.99, 9311773, 1353
2859, 42, 5, 271, 101, 0, 2.06%, 29, 7, 5, 3681.49, 9330638, 1353
2864, 42, 6, 271, 101, 0, 2.06%, 29, 7, 5, 3516.92, 9347980, 1353
2869, 42, 5, 271, 101, 0, 2.06%, 29, 7, 5, 3148.48, 9364404, 1353
2874, 42, 132, 271, 100, 0, 2.06%, 29, 7, 5, 3056.70, 9380453, 1353
2880, 42, 119, 272, 100, 0, 2.06%, 29, 7, 5, 2070.00, 9393113, 1353
2885, 42, 5, 272, 99, 0, 2.06%, 29, 7, 5, 2927.21, 9408531, 1353
2890, 42, 107, 272, 99, 0, 2.06%, 29, 7, 5, 3447.64, 9426039, 1353
2895, 42, 3, 272, 99, 0, 2.06%, 29, 7, 5, 2877.22, 9440166, 1353
2900, 42, 7, 272, 99, 0, 2.06%, 29, 7, 5, 4039.56, 9455567, 1353
2905, 42, 3, 272, 99, 0, 2.06%, 29, 7, 5, 3420.63, 9472229, 1353
2910, 42, 5, 272, 99, 0, 2.06%, 29, 7, 5, 3377.10, 9489611, 1353
2915, 42, 1, 272, 99, 0, 2.06%, 29, 7, 5, 3503.97, 9507223, 1353
2920, 42, 1, 272, 99, 0, 2.06%, 29, 7, 5, 3487.23, 9525168, 1353
2925, 42, 5, 272, 99, 0, 2.06%, 29, 7, 5, 3203.16, 9541427, 1353
2930, 43, 6, 272, 99, 0, 2.06%, 29, 7, 5, 3351.39, 9559057, 1353
2935, 43, 5, 272, 99, 0, 2.06%, 29, 7, 5, 2380.84, 9571162, 1353
2941, 43, 7, 272, 99, 0, 2.06%, 29, 7, 5, 3454.62, 9587234, 1353
2946, 43, 5, 272, 99, 0, 2.06%, 29, 7, 5, 2921.69, 9601485, 1353
2951, 43, 219, 272, 99, 0, 2.06%, 29, 7, 5, 609.36, 9615314, 1353
2956, 43, 6, 272, 99, 0, 2.06%, 29, 7, 5, 3660.90, 9632084, 1353
2961, 43, 5, 272, 99, 0, 2.06%, 29, 7, 5, 3286.28, 9647334, 1353
2966, 43, 7, 272, 99, 0, 2.06%, 29, 7, 5, 3164.22, 9663446, 1353
2971, 43, 5, 272, 99, 0, 2.06%, 29, 7, 5, 3266.00, 9680038, 1353
2976, 43, 2, 274, 101, 0, 2.06%, 29, 7, 5, 3242.25, 9696408, 1353
2981, 43, 4, 274, 101, 0, 2.06%, 29, 7, 5, 3417.41, 9713676, 1353
2986, 43, 3, 274, 101, 0, 2.06%, 29, 7, 5, 3326.92, 9731141, 1353
2991, 43, 5, 274, 101, 0, 2.06%, 29, 7, 5, 3420.70, 9748994, 1353
2997, 43, 7, 274, 101, 0, 2.06%, 29, 7, 5, 3113.85, 9764767, 1353
3002, 43, 5, 274, 101, 0, 2.06%, 29, 7, 5, 3152.56, 9780497, 1353
3007, 43, 6, 274, 101, 0, 2.06%, 29, 7, 5, 3312.64, 9797413, 1353
3012, 43, 132, 274, 101, 0, 2.06%, 29, 7, 5, 2898.86, 9812530, 1353
3017, 43, 7, 274, 101, 0, 2.06%, 29, 7, 5, 3277.19, 9829496, 1353
3022, 43, 1, 274, 101, 0, 2.06%, 29, 7, 5, 3090.29, 9844605, 1353
3027, 43, 9, 274, 101, 0, 2.06%, 29, 7, 5, 3296.42, 9861288, 1353
3032, 43, 5, 274, 100, 0, 2.06%, 29, 7, 5, 3503.49, 9878715, 1353
3037, 43, 5, 274, 100, 0, 2.06%, 29, 7, 5, 3480.49, 9896145, 1353
3042, 43, 7, 274, 100, 0, 2.06%, 29, 7, 5, 3173.54, 9911653, 1353
3047, 43, 3, 274, 100, 0, 2.06%, 29, 7, 5, 3229.59, 9928227, 1353
3052, 43, 3, 274, 100, 0, 2.06%, 29, 7, 5, 3591.11, 9946925, 1353
3058, 44, 5, 274, 100, 0, 2.06%, 29, 7, 5, 3199.60, 9963457, 1353
3063, 44, 4, 274, 100, 0, 2.06%, 29, 7, 5, 3041.91, 9978590, 1353
3068, 44, 5, 274, 100, 0, 2.06%, 29, 7, 5, 3576.73, 9998112, 1353
3073, 44, 216, 274, 100, 0, 2.06%, 29, 7, 5, 4070.75, 10013191, 1353
3078, 44, 27, 274, 100, 0, 2.06%, 29, 7, 5, 3131.62, 10027058, 1353
3083, 44, 3, 274, 100, 0, 2.06%, 29, 7, 5, 3464.38, 10044660, 1353
3088, 44, 5, 274, 100, 0, 2.06%, 29, 7, 5, 3296.21, 10060974, 1353
3093, 44, 5, 274, 100, 0, 2.06%, 29, 7, 5, 3301.02, 10077647, 1353
3099, 44, 6, 274, 100, 0, 2.06%, 29, 7, 5, 3415.49, 10095521, 1353
3104, 44, 5, 274, 100, 0, 2.06%, 29, 7, 5, 3214.06, 10111418, 1353
3109, 44, 5, 274, 100, 0, 2.06%, 29, 7, 5, 3606.39, 10130366, 1353
3114, 44, 236, 274, 100, 0, 2.06%, 29, 7, 5, 3296.79, 10146965, 1353
3119, 44, 3, 274, 100, 0, 2.06%, 29, 7, 5, 2261.28, 10160771, 1353
3124, 44, 6, 274, 100, 0, 2.06%, 29, 7, 5, 3506.00, 10177837, 1353
3129, 44, 4, 274, 100, 0, 2.06%, 29, 7, 5, 492.45, 10194369, 1353
3134, 44, 5, 274, 100, 0, 2.06%, 29, 7, 5, 3578.84, 10212153, 1353
3139, 44, 3, 274, 100, 0, 2.06%, 29, 7, 5, 3577.39, 10229342, 1353
3144, 44, 6, 274, 100, 0, 2.06%, 29, 7, 5, 3100.71, 10244522, 1353
3149, 44, 5, 274, 100, 0, 2.06%, 29, 7, 5, 2997.40, 10259590, 1353
3155, 44, 2, 274, 100, 0, 2.06%, 29, 7, 5, 2967.62, 10273577, 1353
3160, 44, 146, 274, 100, 0, 2.06%, 29, 7, 5, 2751.59, 10286601, 1353
3165, 44, 3, 274, 100, 0, 2.06%, 29, 7, 5, 3052.30, 10301800, 1353
3170, 44, 4, 274, 100, 0, 2.06%, 29, 7, 5, 3518.68, 10318765, 1353
3175, 45, 5, 274, 100, 0, 2.06%, 29, 7, 5, 3229.09, 10334192, 1353
3180, 45, 31, 274, 100, 0, 2.06%, 29, 7, 5, 4549.41, 10351945, 1353
3185, 45, 3, 274, 100, 0, 2.06%, 29, 7, 5, 3281.37, 10366398, 1353
3190, 45, 5, 274, 100, 0, 2.06%, 29, 7, 5, 3209.73, 10382485, 1353
3195, 45, 5, 274, 100, 0, 2.06%, 29, 7, 5, 3176.02, 10397956, 1353
3200, 45, 183, 274, 100, 0, 2.06%, 29, 7, 5, 3322.41, 10414805, 1353
3205, 45, 5, 274, 100, 0, 2.06%, 29, 7, 5, 3214.64, 10428769, 1353
3210, 45, 60, 274, 100, 0, 2.06%, 29, 7, 5, 2166.08, 10442945, 1353
3215, 45, 9, 274, 99, 0, 2.06%, 29, 7, 5, 2884.63, 10458829, 1353
3220, 45, 116, 274, 99, 0, 2.06%, 29, 7, 5, 3220.51, 10475474, 1353
3225, 45, 5, 274, 99, 0, 2.06%, 29, 7, 5, 3766.61, 10491258, 1353
3230, 45, 5, 274, 99, 0, 2.06%, 29, 7, 5, 3420.62, 10507164, 1353
3235, 45, 3, 274, 99, 0, 2.06%, 29, 7, 5, 3382.68, 10524006, 1353
3240, 45, 3, 274, 99, 0, 2.06%, 29, 7, 5, 3300.04, 10535045, 1353
3246, 45, 5, 274, 99, 0, 2.06%, 29, 7, 5, 3341.02, 10551677, 1353
3251, 45, 5, 274, 99, 0, 2.06%, 29, 7, 5, 3445.58, 10567199, 1353
3256, 45, 5, 274, 99, 0, 2.06%, 29, 7, 5, 3063.82, 10582004, 1353
3261, 45, 5, 274, 99, 0, 2.06%, 29, 7, 5, 3070.52, 10597751, 1353
3266, 45, 5, 274, 99, 0, 2.06%, 29, 7, 5, 3147.05, 10613890, 1353
3271, 45, 7, 275, 100, 0, 2.06%, 29, 7, 5, 3037.10, 10629625, 1353
3276, 45, 5, 275, 100, 0, 2.06%, 29, 7, 5, 2732.89, 10642583, 1353
3281, 45, 67, 275, 100, 0, 2.06%, 29, 7, 5, 3070.50, 10658654, 1353
3286, 45, 4, 276, 101, 0, 2.06%, 29, 7, 5, 3255.95, 10675144, 1353
3291, 45, 3, 276, 101, 0, 2.06%, 29, 7, 5, 3343.49, 10692342, 1353
3297, 45, 5, 276, 101, 0, 2.06%, 29, 7, 5, 3203.14, 10706752, 1353
3302, 46, 7, 276, 100, 0, 2.06%, 29, 7, 5, 2918.66, 10721884, 1353
3307, 46, 3, 276, 100, 0, 2.06%, 29, 7, 5, 3054.30, 10737917, 1353
3312, 46, 5, 276, 100, 0, 2.06%, 29, 7, 5, 3453.76, 10752835, 1353
3317, 46, 3, 276, 100, 0, 2.06%, 29, 7, 5, 3170.15, 10767894, 1353
3322, 46, 50, 276, 100, 0, 2.06%, 29, 7, 5, 3162.45, 10783262, 1353
3327, 46, 43, 276, 100, 0, 2.06%, 29, 7, 5, 2905.99, 10797671, 1353
3332, 46, 2, 276, 100, 0, 2.06%, 29, 7, 5, 3156.72, 10814600, 1353
3337, 46, 5, 276, 100, 0, 2.06%, 30, 7, 5, 3014.82, 10829203, 1353
3343, 46, 3, 276, 100, 0, 2.06%, 30, 7, 5, 2541.42, 10841352, 1353
3348, 46, 5, 276, 100, 0, 2.06%, 30, 7, 5, 2436.74, 10852390, 1353
3353, 46, 5, 276, 100, 0, 2.06%, 30, 7, 5, 409.90, 10862231, 1353
3358, 46, 5, 276, 100, 0, 2.06%, 30, 7, 5, 3077.15, 10875575, 1353
3363, 46, 5, 276, 100, 0, 2.06%, 30, 7, 5, 3062.32, 10890604, 1353
3368, 46, 0, 276, 100, 0, 2.06%, 30, 7, 5, 3193.69, 10906802, 1353
3373, 46, 5, 276, 100, 0, 2.06%, 30, 7, 5, 3148.47, 10923839, 1353
3378, 46, 5, 276, 100, 0, 2.06%, 30, 7, 5, 3302.94, 10941136, 1353
3383, 46, 1, 276, 100, 0, 2.06%, 30, 7, 5, 786.80, 10955525, 1353
3388, 46, 7, 276, 99, 0, 2.06%, 30, 7, 5, 2710.52, 10972133, 1353
3393, 46, 5, 277, 100, 0, 2.06%, 30, 7, 5, 3056.60, 10988014, 1353
3398, 46, 5, 277, 100, 0, 2.06%, 30, 7, 5, 3027.11, 11002448, 1353
3404, 46, 7, 277, 100, 0, 2.06%, 30, 7, 5, 3269.89, 11019437, 1353
3409, 46, 5, 277, 100, 0, 2.06%, 30, 7, 5, 2473.44, 11031430, 1353
3414, 46, 1, 277, 100, 0, 2.06%, 30, 7, 5, 2920.12, 11046874, 1353
3419, 46, 7, 277, 100, 0, 2.06%, 30, 7, 5, 3213.49, 11063081, 1353
3424, 46, 5, 277, 100, 0, 2.06%, 30, 7, 5, 3235.59, 11079122, 1353
3429, 47, 7, 277, 100, 0, 2.06%, 30, 7, 5, 3192.23, 11095578, 1353
3434, 47, 3, 277, 100, 0, 2.06%, 30, 7, 5, 3247.21, 11111732, 1353
3439, 47, 5, 277, 100, 0, 2.06%, 30, 7, 5, 4096.80, 11124716, 1353
3444, 47, 7, 277, 100, 0, 2.06%, 30, 7, 5, 3375.28, 11140366, 1353
3449, 47, 5, 277, 100, 0, 2.06%, 30, 7, 5, 3255.38, 11156743, 1353
3454, 47, 73, 277, 100, 0, 2.06%, 30, 7, 5, 3111.17, 11172893, 1353
3459, 47, 4, 277, 100, 0, 2.06%, 30, 7, 5, 3406.68, 11190342, 1353
3465, 47, 104, 277, 100, 0, 2.06%, 30, 7, 5, 2938.84, 11205265, 1353
3470, 47, 219, 277, 100, 0, 2.06%, 30, 7, 5, 2868.54, 11220815, 1353
3475, 47, 5, 277, 100, 0, 2.06%, 30, 7, 5, 2113.53, 11231731, 1353
3480, 47, 5, 277, 100, 0, 2.06%, 30, 7, 5, 2345.69, 11245202, 1353
3485, 47, 1, 277, 100, 0, 2.06%, 30, 7, 5, 2736.88, 11259113, 1353
3490, 47, 5, 277, 100, 0, 2.06%, 30, 7, 5, 3023.40, 11274722, 1353
3495, 47, 7, 277, 100, 0, 2.06%, 30, 7, 5, 3034.92, 11289420, 1353
3500, 47, 104, 277, 100, 0, 2.06%, 30, 7, 5, 2833.66, 11303790, 1353
3505, 47, 5, 277, 100, 0, 2.06%, 30, 7, 5, 2340.76, 11319201, 1353
3511, 47, 5, 277, 100, 0, 2.06%, 30, 7, 5, 2841.22, 11334546, 1353
3516, 47, 5, 277, 100, 0, 2.06%, 30, 7, 5, 3180.02, 11350590, 1353
3521, 47, 5, 277, 100, 0, 2.06%, 30, 7, 5, 4153.31, 11366656, 1353
3526, 47, 6, 277, 100, 0, 2.06%, 30, 7, 5, 3607.58, 11384151, 1353
3531, 47, 9, 278, 101, 0, 2.06%, 30, 7, 5, 2528.01, 11395670, 1353
3536, 47, 31, 278, 101, 0, 2.06%, 30, 7, 5, 2718.13, 11411233, 1353
3541, 47, 5, 278, 101, 0, 2.06%, 30, 7, 5, 3041.58, 11426422, 1353
3546, 47, 9, 278, 101, 0, 2.06%, 30, 7, 5, 3077.19, 11442132, 1353
3551, 47, 5, 278, 101, 0, 2.06%, 30, 7, 5, 3275.05, 11458628, 1353
3557, 48, 5, 278, 101, 0, 2.06%, 30, 7, 5, 3186.21, 11475062, 1353
3562, 48, 4, 278, 101, 0, 2.06%, 30, 7, 5, 3554.45, 11492987, 1353
3567, 48, 27, 278, 101, 0, 2.06%, 30, 7, 5, 3530.68, 11510871, 1353
3572, 48, 7, 278, 100, 0, 2.06%, 30, 7, 5, 3305.00, 11527816, 1353
3577, 48, 216, 278, 100, 0, 2.06%, 30, 7, 5, 3291.58, 11544692, 1353
3582, 48, 3, 278, 100, 0, 2.06%, 30, 7, 5, 3292.11, 11560670, 1353
3587, 48, 6, 278, 100, 0, 2.06%, 30, 7, 5, 3271.42, 11577781, 1353
3592, 48, 4, 278, 100, 0, 2.06%, 30, 7, 5, 2944.82, 11591832, 1353
3596, 48, 7, 278, 100, 0, 2.06%, 30, 7, 5, 1883.22, 11598114, 1353
