# relative_time, cycles_done, cur_item, corpus_count, pending_total, pending_favs, map_size, saved_crashes, saved_hangs, max_depth, execs_per_sec, total_execs, edges_found
62, 0, 11, 72, 63, 11, 1.60%, 23, 0, 2, 55.92, 3314, 1050
67, 0, 11, 72, 63, 11, 1.60%, 24, 0, 2, 48.99, 3580, 1050
72, 0, 11, 73, 64, 11, 1.60%, 24, 0, 2, 61.97, 3917, 1050
77, 0, 11, 74, 65, 11, 1.60%, 25, 0, 2, 42.27, 4088, 1050
82, 0, 11, 74, 65, 11, 1.60%, 25, 0, 2, 48.75, 4308, 1050
87, 0, 11, 75, 66, 11, 1.60%, 26, 0, 2, 61.79, 4515, 1050
92, 0, 11, 76, 67, 11, 1.60%, 26, 0, 2, 49.27, 4778, 1050
98, 0, 11, 78, 69, 11, 1.60%, 26, 0, 2, 54.23, 5082, 1050
103, 0, 11, 83, 74, 11, 1.61%, 26, 0, 2, 58.97, 5415, 1054
108, 0, 11, 86, 77, 11, 1.61%, 28, 0, 2, 59.95, 5710, 1054
113, 0, 11, 86, 77, 11, 1.61%, 28, 0, 2, 60.03, 5992, 1054
119, 0, 11, 86, 77, 11, 1.61%, 28, 0, 2, 1.82, 6240, 1054
124, 0, 11, 87, 78, 11, 1.61%, 28, 0, 2, 51.70, 6536, 1054
129, 0, 11, 89, 80, 11, 1.61%, 28, 0, 2, 53.82, 6817, 1058
134, 0, 11, 90, 81, 11, 1.61%, 28, 0, 2, 50.36, 7047, 1058
139, 0, 57, 90, 78, 25, 1.61%, 30, 0, 2, 84.89, 7455, 1058
144, 0, 78, 97, 84, 25, 1.62%, 30, 0, 3, 534.27, 8579, 1062
149, 0, 78, 101, 88, 25, 1.63%, 32, 0, 3, 387.86, 10351, 1066
154, 0, 67, 101, 86, 26, 1.63%, 32, 0, 3, 28.99, 11579, 1066
160, 0, 67, 104, 89, 26, 1.63%, 32, 0, 3, 53.71, 11882, 1066
165, 0, 0, 104, 87, 24, 1.63%, 34, 0, 3, 55.76, 12135, 1066
170, 0, 0, 104, 87, 24, 1.63%, 35, 0, 3, 35.72, 12290, 1066
175, 0, 18, 106, 87, 22, 1.63%, 35, 0, 3, 43.89, 12905, 1066
180, 0, 64, 106, 85, 20, 1.63%, 35, 0, 3, 43.30, 13372, 1066
186, 0, 79, 107, 84, 18, 1.63%, 35, 0, 4, 46.39, 13838, 1066
191, 0, 79, 107, 84, 18, 1.63%, 35, 0, 4, 42.59, 14053, 1066
197, 0, 102, 109, 84, 16, 1.63%, 35, 0, 4, 53.68, 14625, 1066
202, 0, 82, 109, 82, 14, 1.63%, 35, 0, 4, 74.09, 15030, 1066
207, 0, 82, 109, 82, 14, 1.63%, 35, 0, 4, 35.91, 15151, 1066
212, 0, 40, 109, 80, 12, 1.63%, 35, 0, 4, 28.89, 15588, 1066
217, 0, 88, 109, 77, 9, 1.63%, 35, 0, 4, 336.29, 16431, 1066
222, 0, 100, 109, 76, 8, 1.63%, 35, 0, 4, 78.40, 16681, 1066
227, 0, 100, 109, 76, 8, 1.63%, 35, 0, 4, 50.23, 16893, 1066
232, 0, 77, 111, 76, 6, 1.63%, 35, 0, 4, 59.49, 17328, 1066
237, 0, 77, 111, 76, 6, 1.63%, 35, 0, 4, 37.52, 17477, 1066
243, 0, 56, 112, 76, 5, 1.63%, 35, 0, 4, 46.21, 17689, 1066
248, 0, 91, 112, 74, 3, 1.63%, 35, 0, 4, 47.10, 18102, 1066
254, 0, 60, 112, 73, 2, 1.63%, 35, 0, 4, 2.38, 18289, 1066
259, 0, 60, 112, 73, 2, 1.63%, 35, 0, 4, 28.49, 18438, 1066
264, 0, 101, 113, 73, 1, 1.63%, 35, 0, 4, 43.90, 18680, 1066
269, 0, 2, 114, 73, 1, 1.63%, 35, 0, 4, 79.50, 19084, 1066
274, 0, 94, 114, 72, 1, 1.63%, 35, 0, 4, 64.86, 19970, 1066
279, 0, 87, 115, 73, 1, 1.63%, 37, 0, 4, 51.26, 20772, 1066
285, 0, 19, 116, 73, 0, 1.63%, 37, 0, 4, 33.68, 21162, 1066
290, 0, 19, 116, 73, 0, 1.63%, 37, 0, 4, 22.16, 21433, 1066
295, 0, 34, 116, 73, 0, 1.63%, 37, 0, 4, 23.57, 21741, 1066
300, 0, 97, 116, 73, 0, 1.63%, 37, 0, 4, 341.55, 22429, 1066
305, 0, 97, 116, 73, 0, 1.63%, 37, 0, 4, 143.56, 22886, 1066
310, 0, 19, 116, 73, 0, 1.63%, 37, 0, 4, 25.18, 23389, 1066
315, 0, 57, 116, 73, 0, 1.63%, 37, 0, 4, 23.59, 24078, 1066
322, 0, 57, 116, 73, 0, 1.63%, 37, 0, 4, 0.58, 24317, 1066
327, 0, 19, 116, 73, 0, 1.63%, 37, 0, 4, 23.26, 24851, 1066
332, 0, 19, 116, 73, 0, 1.63%, 37, 0, 4, 26.66, 25456, 1066
337, 0, 19, 116, 73, 0, 1.63%, 37, 0, 4, 113.96, 26136, 1066
342, 0, 8, 117, 74, 0, 1.63%, 38, 0, 4, 58.70, 27306, 1066
347, 0, 42, 119, 75, 0, 1.63%, 39, 0, 4, 125.57, 28168, 1066
352, 0, 31, 119, 75, 0, 1.63%, 39, 0, 4, 23.39, 28522, 1066
357, 0, 63, 119, 75, 0, 1.63%, 39, 0, 4, 86.04, 28996, 1066
362, 0, 63, 119, 75, 0, 1.63%, 39, 0, 4, 340.11, 29229, 1066
367, 0, 94, 119, 75, 0, 1.63%, 39, 0, 4, 22.28, 29343, 1066
373, 0, 93, 119, 75, 0, 1.63%, 39, 0, 4, 435.00, 29743, 1066
378, 0, 93, 119, 75, 0, 1.63%, 39, 0, 4, 22.58, 29861, 1066
383, 0, 116, 119, 75, 0, 1.63%, 39, 0, 4, 27.77, 30054, 1066
389, 0, 116, 119, 75, 0, 1.63%, 39, 0, 4, 1.83, 30167, 1066
394, 0, 116, 119, 75, 0, 1.63%, 39, 0, 4, 23.98, 30290, 1066
399, 0, 116, 119, 75, 0, 1.63%, 39, 0, 4, 26.10, 30423, 1066
404, 0, 116, 119, 75, 0, 1.63%, 39, 0, 4, 24.36, 30544, 1066
409, 0, 116, 119, 75, 0, 1.63%, 39, 0, 4, 25.97, 30683, 1066
414, 0, 116, 119, 75, 0, 1.63%, 39, 0, 4, 23.82, 30800, 1066
420, 0, 116, 119, 75, 0, 1.63%, 39, 0, 4, 23.33, 30922, 1066
425, 0, 31, 119, 75, 0, 1.63%, 39, 0, 4, 22.83, 31017, 1066
430, 0, 31, 119, 75, 0, 1.63%, 40, 0, 4, 22.81, 31265, 1066
435, 0, 94, 119, 75, 0, 1.63%, 40, 0, 4, 22.72, 31473, 1066
440, 0, 94, 119, 75, 0, 1.63%, 40, 0, 4, 22.77, 31589, 1066
445, 0, 19, 119, 75, 0, 1.63%, 40, 0, 4, 22.60, 31703, 1066
450, 0, 19, 119, 75, 0, 1.63%, 40, 0, 4, 22.92, 31818, 1066
457, 0, 19, 119, 75, 0, 1.63%, 40, 0, 4, 0.63, 32036, 1066
462, 0, 31, 119, 75, 0, 1.63%, 40, 0, 4, 23.13, 32631, 1066
467, 0, 31, 119, 75, 0, 1.63%, 40, 0, 4, 325.24, 32808, 1066
472, 0, 42, 119, 75, 0, 1.63%, 40, 0, 4, 231.90, 33453, 1066
477, 0, 19, 120, 76, 0, 1.63%, 40, 0, 4, 285.60, 34528, 1066
482, 0, 34, 120, 76, 0, 1.63%, 40, 0, 4, 314.64, 35444, 1066
487, 0, 19, 121, 77, 0, 1.63%, 40, 0, 4, 104.92, 36392, 1066
492, 0, 31, 121, 77, 0, 1.63%, 40, 0, 4, 135.34, 37044, 1066
497, 0, 19, 121, 77, 0, 1.63%, 40, 0, 4, 144.74, 37617, 1066
502, 0, 8, 121, 77, 0, 1.63%, 40, 0, 4, 386.86, 38573, 1066
508, 0, 8, 122, 78, 0, 1.63%, 40, 0, 4, 211.71, 39700, 1066
513, 0, 8, 122, 78, 0, 1.63%, 40, 0, 4, 191.63, 40546, 1066
518, 0, 8, 124, 80, 0, 1.63%, 40, 0, 4, 187.27, 41082, 1066
524, 0, 102, 124, 79, 0, 1.63%, 40, 0, 4, 0.64, 41800, 1066
529, 0, 102, 124, 79, 0, 1.63%, 40, 0, 4, 47.51, 42041, 1066
534, 0, 102, 125, 80, 0, 1.63%, 40, 0, 4, 48.67, 42285, 1066
539, 0, 102, 125, 80, 0, 1.63%, 40, 0, 4, 30.28, 42413, 1066
545, 0, 102, 125, 80, 0, 1.63%, 40, 0, 4, 43.75, 42630, 1066
550, 0, 67, 125, 80, 0, 1.63%, 40, 0, 4, 54.40, 43239, 1066
555, 0, 67, 125, 80, 0, 1.63%, 40, 0, 4, 49.51, 43475, 1066
560, 0, 67, 125, 80, 0, 1.63%, 40, 0, 4, 33.73, 43620, 1066
565, 0, 67, 125, 80, 0, 1.63%, 40, 0, 4, 35.61, 43792, 1066
570, 0, 67, 125, 80, 0, 1.63%, 40, 0, 4, 39.84, 43990, 1066
575, 0, 31, 125, 80, 0, 1.63%, 40, 0, 4, 89.13, 44438, 1066
580, 0, 19, 125, 80, 0, 1.63%, 40, 0, 4, 276.00, 45516, 1066
585, 0, 8, 125, 80, 0, 1.63%, 40, 0, 4, 28.99, 46387, 1066
592, 0, 18, 125, 80, 0, 1.63%, 40, 0, 4, 30.34, 47768, 1066
597, 0, 18, 125, 80, 0, 1.63%, 40, 0, 4, 60.18, 48190, 1066
602, 0, 19, 125, 80, 0, 1.63%, 40, 0, 4, 85.07, 48553, 1066
607, 0, 31, 125, 80, 0, 1.63%, 40, 0, 4, 23.75, 49303, 1066
612, 0, 31, 125, 80, 0, 1.63%, 40, 0, 4, 54.09, 50071, 1066
617, 0, 8, 125, 80, 0, 1.63%, 40, 0, 4, 260.25, 50933, 1066
622, 0, 2, 126, 81, 0, 1.63%, 41, 0, 4, 133.66, 51671, 1066
628, 0, 116, 126, 81, 0, 1.63%, 41, 0, 4, 42.90, 51948, 1066
633, 0, 116, 127, 82, 0, 1.63%, 41, 0, 4, 76.74, 52360, 1066
638, 0, 116, 127, 82, 0, 1.63%, 41, 0, 4, 60.67, 52646, 1066
643, 0, 116, 127, 82, 0, 1.63%, 41, 0, 4, 62.45, 52973, 1066
648, 0, 2, 127, 82, 0, 1.63%, 41, 0, 4, 87.04, 53397, 1066
653, 0, 100, 127, 82, 0, 1.63%, 41, 0, 4, 89.76, 53797, 1066
659, 0, 100, 127, 82, 0, 1.63%, 41, 0, 4, 1.25, 54037, 1066
664, 0, 100, 127, 82, 0, 1.63%, 41, 0, 4, 47.63, 54241, 1066
670, 0, 100, 127, 82, 0, 1.63%, 41, 0, 4, 44.87, 54458, 1066
675, 0, 100, 127, 82, 0, 1.63%, 41, 0, 4, 39.43, 54666, 1066
680, 0, 31, 127, 82, 0, 1.63%, 41, 0, 4, 236.98, 55408, 1066
685, 0, 2, 127, 82, 0, 1.63%, 41, 0, 4, 54.01, 55952, 1066
690, 0, 19, 127, 82, 0, 1.63%, 41, 0, 4, 90.11, 56432, 1066
695, 0, 19, 127, 82, 0, 1.63%, 41, 0, 4, 78.79, 56712, 1066
700, 0, 19, 127, 82, 0, 1.63%, 41, 0, 4, 166.06, 57623, 1066
705, 0, 19, 127, 82, 0, 1.63%, 41, 0, 4, 23.26, 58317, 1066
710, 0, 102, 127, 82, 0, 1.63%, 41, 0, 4, 25.03, 58980, 1066
716, 0, 102, 127, 82, 0, 1.63%, 41, 0, 4, 34.73, 59177, 1066
721, 0, 102, 127, 82, 0, 1.63%, 41, 0, 4, 33.17, 59446, 1066
727, 0, 2, 127, 82, 0, 1.63%, 41, 0, 4, 2.54, 59805, 1066
732, 0, 31, 127, 82, 0, 1.63%, 41, 0, 4, 167.86, 60670, 1066
737, 0, 8, 127, 82, 0, 1.63%, 41, 0, 4, 630.37, 61818, 1066
742, 0, 8, 127, 82, 0, 1.63%, 41, 0, 4, 192.70, 62831, 1066
747, 0, 8, 127, 82, 0, 1.63%, 41, 0, 4, 170.15, 63106, 1066
753, 0, 8, 128, 83, 0, 1.63%, 41, 0, 4, 26.99, 63660, 1066
758, 0, 19, 128, 83, 0, 1.63%, 41, 0, 4, 329.41, 64446, 1066
763, 0, 19, 128, 83, 0, 1.63%, 41, 0, 4, 32.55, 64748, 1066
768, 1, 19, 128, 83, 0, 1.63%, 41, 0, 4, 23.58, 65175, 1066
773, 1, 19, 128, 83, 0, 1.63%, 41, 0, 4, 162.00, 65476, 1066
778, 1, 2, 128, 83, 0, 1.63%, 41, 0, 4, 26.40, 65743, 1066
783, 1, 19, 128, 83, 0, 1.63%, 42, 0, 4, 165.49, 66590, 1066
788, 1, 2, 129, 84, 0, 1.63%, 42, 0, 4, 47.54, 67320, 1066
795, 1, 31, 129, 84, 0, 1.63%, 42, 0, 4, 2.79, 68016, 1066
800, 1, 94, 129, 84, 0, 1.63%, 42, 0, 4, 23.73, 68627, 1066
805, 1, 22, 129, 84, 0, 1.63%, 42, 0, 4, 37.57, 69072, 1066
810, 1, 31, 129, 83, 0, 1.63%, 42, 0, 4, 57.21, 69385, 1066
815, 1, 116, 129, 83, 0, 1.63%, 42, 0, 4, 50.75, 69640, 1066
820, 1, 116, 129, 83, 0, 1.63%, 42, 0, 4, 48.90, 69880, 1066
825, 1, 2, 129, 83, 0, 1.63%, 42, 0, 4, 22.30, 70266, 1066
830, 1, 19, 129, 83, 0, 1.63%, 42, 0, 4, 192.71, 70818, 1066
835, 1, 19, 129, 83, 0, 1.63%, 42, 0, 4, 119.40, 71319, 1066
841, 1, 2, 129, 83, 0, 1.63%, 42, 0, 4, 28.99, 72030, 1066
846, 1, 42, 129, 83, 0, 1.63%, 42, 0, 4, 43.04, 72550, 1066
851, 1, 73, 129, 83, 0, 1.63%, 42, 0, 4, 40.63, 72839, 1066
856, 1, 77, 129, 82, 0, 1.63%, 42, 0, 4, 70.86, 73505, 1066
862, 1, 77, 129, 82, 0, 1.63%, 42, 0, 4, 0.60, 73624, 1066
867, 1, 77, 129, 82, 0, 1.63%, 42, 0, 4, 33.42, 73784, 1066
873, 1, 77, 129, 82, 0, 1.63%, 42, 0, 4, 34.79, 73943, 1066
878, 1, 77, 129, 82, 0, 1.63%, 42, 0, 4, 32.21, 74106, 1066
883, 1, 2, 129, 82, 0, 1.63%, 43, 0, 4, 23.67, 74687, 1066
888, 1, 7, 129, 82, 0, 1.63%, 43, 0, 4, 57.31, 75187, 1066
893, 1, 7, 129, 82, 0, 1.63%, 43, 0, 4, 42.30, 75369, 1066
898, 1, 7, 129, 82, 0, 1.63%, 43, 0, 4, 44.97, 75524, 1066
903, 1, 31, 129, 82, 0, 1.63%, 43, 0, 4, 284.44, 75911, 1066
908, 1, 7, 129, 82, 0, 1.63%, 43, 0, 4, 24.86, 76330, 1066
913, 1, 7, 129, 82, 0, 1.63%, 43, 0, 4, 25.85, 76462, 1066
919, 1, 7, 129, 82, 0, 1.63%, 43, 0, 4, 24.79, 76615, 1066
924, 1, 8, 129, 82, 0, 1.63%, 43, 0, 4, 238.41, 77287, 1066
930, 1, 8, 130, 83, 0, 1.63%, 43, 0, 4, 33.96, 77659, 1066
935, 1, 8, 130, 83, 0, 1.63%, 43, 0, 4, 223.88, 78220, 1066
940, 1, 19, 130, 83, 0, 1.63%, 43, 0, 4, 151.27, 78695, 1066
946, 1, 87, 130, 83, 0, 1.63%, 43, 0, 4, 32.66, 79191, 1066
951, 1, 87, 130, 83, 0, 1.63%, 43, 0, 4, 36.05, 79368, 1066
956, 1, 14, 130, 83, 0, 1.63%, 43, 0, 4, 23.62, 79902, 1066
961, 1, 41, 130, 82, 0, 1.63%, 43, 0, 4, 37.85, 80109, 1066
966, 1, 19, 130, 82, 0, 1.63%, 43, 0, 4, 72.21, 80888, 1066
971, 1, 94, 130, 82, 0, 1.63%, 43, 0, 4, 146.99, 81695, 1066
976, 1, 19, 130, 82, 0, 1.63%, 43, 0, 4, 54.00, 82408, 1066
981, 1, 100, 130, 82, 0, 1.63%, 43, 0, 4, 34.37, 83149, 1066
986, 1, 100, 130, 82, 0, 1.63%, 43, 0, 4, 41.66, 83376, 1066
992, 1, 100, 130, 82, 0, 1.63%, 43, 0, 4, 38.13, 83559, 1066
998, 1, 2, 130, 82, 0, 1.63%, 43, 0, 4, 12.21, 83909, 1066
1003, 1, 8, 130, 82, 0, 1.63%, 44, 0, 4, 174.25, 84618, 1066
1008, 1, 8, 130, 82, 0, 1.63%, 44, 0, 4, 437.81, 85756, 1066
1013, 1, 28, 130, 82, 0, 1.63%, 44, 0, 4, 400.87, 86736, 1066
1018, 1, 19, 130, 82, 0, 1.63%, 44, 0, 4, 163.80, 87640, 1066
1023, 1, 8, 130, 82, 0, 1.63%, 44, 0, 4, 282.11, 88645, 1066
1028, 1, 31, 130, 82, 0, 1.63%, 44, 0, 4, 208.27, 89626, 1066
1034, 1, 67, 130, 82, 0, 1.63%, 44, 0, 4, 63.99, 89995, 1066
1039, 1, 67, 130, 82, 0, 1.63%, 44, 0, 4, 53.09, 90238, 1066
1044, 1, 67, 130, 82, 0, 1.63%, 44, 0, 4, 54.38, 90502, 1066
1049, 1, 19, 130, 82, 0, 1.63%, 44, 0, 4, 255.00, 91032, 1066
1054, 1, 97, 130, 82, 0, 1.63%, 44, 0, 4, 43.64, 91979, 1066
1059, 1, 67, 130, 82, 0, 1.63%, 44, 0, 4, 36.46, 92712, 1066
1065, 1, 67, 130, 82, 0, 1.63%, 44, 0, 4, 4.05, 92934, 1066
1070, 1, 67, 130, 82, 0, 1.63%, 44, 0, 4, 38.60, 93120, 1066
1075, 1, 19, 130, 82, 0, 1.63%, 44, 0, 4, 245.13, 93591, 1066
1080, 1, 31, 130, 82, 0, 1.63%, 44, 0, 4, 309.72, 94706, 1066
1085, 1, 64, 130, 82, 0, 1.63%, 44, 0, 4, 52.37, 95541, 1066
1091, 1, 64, 130, 82, 0, 1.63%, 44, 0, 4, 35.75, 95701, 1066
1096, 1, 31, 130, 82, 0, 1.63%, 44, 0, 4, 42.54, 96713, 1066
1101, 1, 2, 130, 82, 0, 1.63%, 44, 0, 4, 172.47, 97158, 1066
1106, 1, 67, 130, 82, 0, 1.63%, 44, 0, 4, 77.24, 97791, 1066
1111, 1, 67, 130, 82, 0, 1.63%, 44, 0, 4, 50.07, 98006, 1066
1116, 1, 67, 130, 82, 0, 1.63%, 44, 0, 4, 49.98, 98247, 1066
1121, 1, 19, 130, 82, 0, 1.63%, 44, 0, 4, 104.52, 98732, 1066
1126, 1, 8, 130, 82, 0, 1.63%, 45, 0, 4, 147.04, 99535, 1066
1133, 1, 8, 130, 82, 0, 1.63%, 45, 0, 4, 8.65, 100070, 1066
1138, 1, 19, 130, 82, 0, 1.63%, 45, 0, 4, 300.86, 100863, 1066
1143, 1, 2, 130, 82, 0, 1.63%, 45, 0, 4, 167.84, 101685, 1066
1148, 1, 8, 130, 82, 0, 1.63%, 45, 0, 4, 265.99, 103002, 1066
1154, 1, 19, 130, 82, 0, 1.63%, 45, 0, 4, 26.92, 103690, 1066
1159, 1, 94, 130, 82, 0, 1.63%, 45, 0, 4, 27.09, 104265, 1066
1164, 1, 8, 130, 82, 0, 1.63%, 45, 0, 4, 22.81, 105091, 1066
1169, 1, 8, 130, 82, 0, 1.63%, 45, 0, 4, 74.83, 105492, 1066
1174, 1, 31, 130, 82, 0, 1.63%, 45, 0, 4, 145.58, 106187, 1066
1179, 1, 8, 130, 82, 0, 1.63%, 45, 0, 4, 234.97, 107464, 1066
1184, 1, 8, 130, 82, 0, 1.63%, 45, 0, 4, 223.18, 108304, 1066
1189, 1, 2, 130, 82, 0, 1.63%, 45, 0, 4, 252.14, 109501, 1066
1195, 1, 31, 130, 82, 0, 1.63%, 45, 0, 4, 32.14, 110290, 1066
1201, 1, 42, 131, 82, 0, 1.63%, 45, 0, 4, 202.43, 110981, 1066
1206, 1, 2, 131, 82, 0, 1.63%, 45, 0, 4, 272.28, 111615, 1066
1211, 1, 63, 131, 82, 0, 1.63%, 45, 0, 4, 111.52, 112747, 1066
1216, 1, 31, 131, 82, 0, 1.63%, 45, 0, 4, 54.49, 113679, 1066
1221, 1, 31, 131, 82, 0, 1.63%, 45, 0, 4, 39.75, 114426, 1066
1226, 1, 94, 131, 82, 0, 1.63%, 45, 0, 4, 74.15, 115135, 1066
1231, 1, 2, 131, 82, 0, 1.63%, 45, 0, 4, 163.66, 116075, 1066
1236, 1, 8, 131, 82, 0, 1.63%, 45, 0, 4, 153.97, 116461, 1066
1242, 1, 8, 131, 82, 0, 1.63%, 45, 0, 4, 177.95, 117344, 1066
1247, 2, 19, 131, 82, 0, 1.63%, 45, 0, 4, 213.21, 118498, 1066
1252, 2, 31, 131, 82, 0, 1.63%, 45, 0, 4, 346.49, 119463, 1066
1257, 2, 19, 132, 82, 0, 1.63%, 45, 0, 4, 188.78, 120284, 1066
1262, 2, 19, 132, 82, 0, 1.63%, 45, 0, 4, 183.10, 121161, 1066
1267, 2, 19, 132, 82, 0, 1.63%, 45, 0, 4, 28.99, 121782, 1066
1272, 2, 100, 132, 82, 0, 1.63%, 45, 0, 4, 22.99, 122193, 1066
1277, 2, 100, 132, 82, 0, 1.63%, 45, 0, 4, 43.47, 122454, 1066
1282, 2, 31, 132, 82, 0, 1.63%, 45, 0, 4, 58.49, 123361, 1066
1288, 2, 31, 132, 82, 0, 1.63%, 45, 0, 4, 392.99, 123961, 1066
1293, 2, 19, 133, 83, 0, 1.63%, 45, 0, 4, 158.42, 124676, 1066
1298, 2, 31, 133, 83, 0, 1.63%, 45, 0, 4, 187.61, 125568, 1066
1303, 2, 41, 133, 83, 0, 1.63%, 45, 0, 4, 3.87, 125937, 1066
1308, 2, 79, 133, 83, 0, 1.63%, 45, 0, 4, 30.85, 126151, 1066
1313, 2, 79, 133, 83, 0, 1.63%, 45, 0, 4, 36.40, 126335, 1066
1318, 2, 79, 133, 83, 0, 1.63%, 45, 0, 4, 42.20, 126597, 1066
1323, 2, 63, 133, 83, 0, 1.63%, 45, 0, 4, 228.12, 127147, 1066
1328, 2, 31, 133, 83, 0, 1.63%, 45, 0, 4, 187.01, 127938, 1066
1334, 2, 31, 133, 83, 0, 1.63%, 46, 0, 4, 212.13, 128776, 1066
1339, 2, 67, 133, 83, 0, 1.63%, 46, 0, 4, 25.99, 128902, 1066
1344, 2, 19, 133, 83, 0, 1.63%, 46, 0, 4, 103.89, 129429, 1066
1349, 2, 19, 133, 83, 0, 1.63%, 46, 0, 4, 236.56, 130465, 1066
1354, 2, 100, 133, 83, 0, 1.63%, 46, 0, 4, 38.52, 130836, 1066
1359, 2, 94, 133, 83, 0, 1.63%, 46, 0, 4, 373.86, 131730, 1066
1364, 2, 94, 133, 83, 0, 1.63%, 46, 0, 4, 159.31, 132858, 1066
1371, 2, 79, 133, 83, 0, 1.63%, 46, 0, 4, 1.61, 133755, 1066
1376, 2, 79, 133, 83, 0, 1.63%, 46, 0, 4, 32.81, 133942, 1066
1381, 2, 79, 133, 83, 0, 1.63%, 46, 0, 4, 37.81, 134126, 1066
1386, 2, 79, 133, 83, 0, 1.63%, 46, 0, 4, 41.56, 134347, 1066
1391, 2, 2, 133, 83, 0, 1.63%, 46, 0, 4, 289.34, 135781, 1066
1396, 2, 2, 133, 83, 0, 1.63%, 46, 0, 4, 106.96, 137047, 1066
1401, 2, 116, 133, 83, 0, 1.63%, 46, 0, 4, 33.42, 137704, 1066
1407, 2, 116, 133, 83, 0, 1.63%, 46, 0, 4, 71.58, 137908, 1066
1412, 2, 31, 133, 83, 0, 1.63%, 46, 0, 4, 32.79, 138218, 1066
1417, 2, 19, 134, 84, 0, 1.63%, 46, 0, 4, 183.17, 138915, 1066
1422, 2, 19, 134, 84, 0, 1.63%, 46, 0, 4, 80.14, 139729, 1066
1427, 2, 82, 134, 84, 0, 1.63%, 46, 0, 4, 32.55, 140661, 1066
1432, 2, 82, 134, 84, 0, 1.63%, 46, 0, 4, 53.44, 140926, 1066
1439, 2, 41, 134, 84, 0, 1.63%, 46, 0, 4, 2.37, 141367, 1066
1444, 2, 131, 134, 84, 0, 1.63%, 46, 0, 4, 101.16, 141860, 1066
1449, 2, 131, 134, 84, 0, 1.63%, 46, 0, 4, 66.35, 142140, 1066
1454, 2, 131, 134, 84, 0, 1.63%, 46, 0, 4, 55.26, 142411, 1066
1459, 2, 31, 134, 84, 0, 1.63%, 46, 0, 4, 146.20, 142886, 1066
1464, 2, 31, 140, 90, 0, 1.63%, 46, 0, 4, 41.81, 143360, 1066
1469, 2, 31, 144, 94, 0, 1.63%, 46, 0, 4, 63.48, 143683, 1066
1475, 2, 31, 144, 94, 0, 1.63%, 46, 0, 4, 22.75, 143812, 1066
1480, 2, 31, 144, 94, 0, 1.63%, 46, 0, 4, 23.75, 143931, 1066
1485, 2, 28, 144, 94, 0, 1.63%, 46, 0, 4, 21.22, 144129, 1066
1490, 2, 19, 144, 94, 0, 1.63%, 46, 0, 4, 191.57, 144847, 1066
1495, 2, 134, 144, 94, 0, 1.63%, 46, 0, 4, 23.47, 145246, 1066
1500, 2, 134, 144, 94, 0, 1.63%, 46, 0, 4, 44.08, 145517, 1066
1507, 2, 19, 144, 93, 0, 1.63%, 46, 0, 4, 13.84, 146193, 1066
1512, 2, 19, 144, 93, 0, 1.63%, 46, 0, 4, 112.60, 146942, 1066
1517, 2, 8, 144, 93, 0, 1.63%, 46, 0, 4, 174.72, 147978, 1066
1522, 2, 94, 144, 93, 0, 1.63%, 46, 0, 4, 27.52, 148716, 1066
1527, 2, 116, 144, 93, 0, 1.63%, 46, 0, 4, 51.40, 149444, 1066
1532, 2, 116, 144, 93, 0, 1.63%, 46, 0, 4, 45.82, 149665, 1066
1537, 2, 2, 144, 93, 0, 1.63%, 46, 0, 4, 44.03, 149914, 1066
1542, 2, 8, 144, 93, 0, 1.63%, 46, 0, 4, 23.81, 150450, 1066
1547, 2, 19, 144, 93, 0, 1.63%, 46, 0, 4, 43.42, 151545, 1066
1553, 2, 34, 144, 93, 0, 1.63%, 46, 0, 4, 322.84, 151978, 1066
1558, 2, 102, 144, 93, 0, 1.63%, 46, 0, 4, 61.28, 152541, 1066
1563, 2, 31, 145, 94, 0, 1.63%, 46, 0, 4, 51.44, 152984, 1066
1568, 2, 8, 145, 94, 0, 1.63%, 46, 0, 4, 299.93, 153648, 1066
1573, 2, 8, 147, 96, 0, 1.63%, 46, 0, 4, 51.65, 153988, 1066
1578, 2, 8, 147, 96, 0, 1.63%, 46, 0, 4, 271.52, 154371, 1066
1583, 2, 102, 148, 97, 0, 1.63%, 46, 0, 4, 49.11, 154809, 1066
1588, 2, 102, 148, 97, 0, 1.63%, 46, 0, 4, 46.37, 155087, 1066
1593, 2, 19, 148, 97, 0, 1.63%, 46, 0, 4, 409.43, 156099, 1066
1598, 2, 19, 149, 97, 0, 1.63%, 46, 0, 4, 220.58, 156843, 1066
1603, 2, 19, 149, 97, 0, 1.63%, 46, 0, 4, 107.59, 157644, 1066
1609, 2, 88, 149, 97, 0, 1.63%, 46, 0, 4, 108.69, 158282, 1066
1614, 2, 88, 149, 97, 0, 1.63%, 46, 0, 4, 52.33, 158480, 1066
1619, 2, 40, 149, 97, 0, 1.63%, 46, 0, 4, 40.91, 158673, 1066
1624, 2, 19, 149, 97, 0, 1.63%, 46, 0, 4, 122.51, 159335, 1066
1629, 2, 2, 149, 97, 0, 1.63%, 46, 0, 4, 308.73, 160422, 1066
1634, 2, 94, 149, 97, 0, 1.63%, 46, 0, 4, 366.65, 161438, 1066
1639, 2, 67, 150, 98, 0, 1.63%, 46, 0, 4, 35.88, 162328, 1066
1644, 2, 34, 150, 98, 0, 1.63%, 46, 0, 4, 55.36, 162524, 1066
1649, 2, 18, 150, 98, 0, 1.63%, 46, 0, 4, 91.60, 163112, 1066
1655, 2, 18, 150, 98, 0, 1.63%, 46, 0, 4, 75.91, 163463, 1066
1660, 2, 19, 151, 99, 0, 1.63%, 46, 0, 4, 64.02, 163717, 1066
1665, 2, 31, 151, 99, 0, 1.63%, 46, 0, 4, 35.09, 164523, 1066
1670, 2, 19, 151, 99, 0, 1.63%, 46, 0, 4, 118.24, 165259, 1066
1676, 2, 94, 151, 99, 0, 1.63%, 46, 0, 4, 29.63, 165950, 1066
1681, 2, 2, 151, 99, 0, 1.63%, 46, 0, 4, 114.15, 166786, 1066
1686, 2, 94, 151, 99, 0, 1.63%, 46, 0, 4, 125.00, 167635, 1066
1691, 2, 31, 151, 99, 0, 1.63%, 46, 0, 4, 167.78, 168346, 1066
1696, 2, 2, 151, 99, 0, 1.63%, 46, 0, 4, 89.07, 169167, 1066
1701, 2, 18, 151, 99, 0, 1.63%, 46, 0, 4, 109.36, 169788, 1066
1706, 2, 18, 151, 99, 0, 1.63%, 46, 0, 4, 80.63, 170163, 1066
1711, 2, 18, 152, 100, 0, 1.63%, 46, 0, 4, 13.82, 170269, 1066
1717, 2, 67, 152, 100, 0, 1.63%, 46, 0, 4, 59.55, 170836, 1066
1722, 2, 19, 152, 100, 0, 1.63%, 46, 0, 4, 213.94, 171333, 1066
1727, 2, 8, 152, 100, 0, 1.63%, 46, 0, 4, 23.06, 172024, 1066
1732, 2, 8, 152, 100, 0, 1.63%, 47, 0, 4, 68.70, 172410, 1066
1737, 2, 8, 153, 101, 0, 1.63%, 47, 0, 4, 440.00, 173205, 1066
1744, 2, 19, 153, 101, 0, 1.63%, 47, 0, 4, 9.70, 174090, 1066
1749, 2, 19, 153, 101, 0, 1.63%, 47, 0, 4, 323.38, 174805, 1066
1754, 2, 94, 153, 101, 0, 1.63%, 47, 0, 4, 23.81, 175607, 1066
1759, 2, 19, 153, 101, 0, 1.63%, 47, 0, 4, 134.96, 176420, 1066
1764, 3, 63, 153, 101, 0, 1.63%, 47, 0, 4, 198.31, 177105, 1066
1769, 3, 19, 153, 101, 0, 1.63%, 47, 0, 4, 44.88, 177864, 1066
1774, 3, 2, 153, 101, 0, 1.63%, 47, 0, 4, 186.02, 178699, 1066
1779, 3, 19, 153, 101, 0, 1.63%, 47, 0, 4, 150.54, 179361, 1066
1784, 3, 131, 154, 102, 0, 1.63%, 47, 0, 5, 26.61, 179780, 1066
1789, 3, 131, 154, 102, 0, 1.63%, 47, 0, 5, 26.93, 179921, 1066
1794, 3, 131, 157, 105, 0, 1.63%, 47, 0, 5, 29.92, 180083, 1066
1800, 3, 131, 157, 105, 0, 1.63%, 47, 0, 5, 30.15, 180238, 1066
1805, 3, 131, 157, 105, 0, 1.63%, 47, 0, 5, 29.17, 180389, 1066
1810, 3, 131, 157, 105, 0, 1.63%, 47, 0, 5, 28.12, 180537, 1066
1815, 3, 131, 157, 105, 0, 1.63%, 47, 0, 5, 28.94, 180680, 1066
1820, 3, 131, 158, 106, 0, 1.63%, 47, 0, 5, 27.52, 180826, 1066
1827, 3, 131, 158, 106, 0, 1.63%, 47, 0, 5, 1.73, 180973, 1066
1832, 3, 131, 158, 106, 0, 1.63%, 47, 0, 5, 28.81, 181117, 1066
1837, 3, 131, 158, 106, 0, 1.63%, 47, 0, 5, 28.63, 181259, 1066
1842, 3, 131, 158, 106, 0, 1.63%, 47, 0, 5, 29.03, 181408, 1066
1847, 3, 131, 158, 106, 0, 1.63%, 47, 0, 5, 31.43, 181570, 1066
1852, 3, 131, 158, 106, 0, 1.63%, 47, 0, 5, 27.62, 181702, 1066
1857, 3, 131, 158, 106, 0, 1.63%, 47, 0, 5, 28.21, 181851, 1066
1863, 3, 131, 158, 106, 0, 1.63%, 47, 0, 5, 25.29, 181966, 1066
1868, 3, 131, 158, 106, 0, 1.63%, 47, 0, 5, 25.70, 182094, 1066
1873, 3, 131, 158, 106, 0, 1.63%, 47, 0, 5, 28.52, 182242, 1066
1878, 3, 131, 158, 106, 0, 1.63%, 47, 0, 5, 24.14, 182357, 1066
1883, 3, 131, 158, 106, 0, 1.63%, 47, 0, 5, 28.69, 182502, 1066
1888, 3, 131, 158, 106, 0, 1.63%, 47, 0, 5, 29.26, 182647, 1066
1895, 3, 131, 158, 106, 0, 1.63%, 47, 0, 5, 30.96, 182809, 1066
1898, 3, 131, 158, 106, 0, 1.63%, 47, 0, 5, 34.81, 182919, 1066
1903, 3, 131, 158, 106, 0, 1.63%, 47, 0, 5, 30.17, 183065, 1066
1908, 3, 131, 158, 106, 0, 1.63%, 47, 0, 5, 29.56, 183211, 1066
1913, 3, 131, 158, 106, 0, 1.63%, 47, 0, 5, 27.64, 183358, 1066
1919, 3, 131, 158, 106, 0, 1.63%, 47, 0, 5, 29.48, 183508, 1066
1924, 3, 131, 158, 106, 0, 1.63%, 47, 0, 5, 32.60, 183669, 1066
1929, 3, 131, 158, 106, 0, 1.63%, 47, 0, 5, 36.58, 183773, 1066
1934, 3, 131, 158, 106, 0, 1.63%, 47, 0, 5, 30.50, 183921, 1066
1939, 3, 131, 158, 106, 0, 1.63%, 47, 0, 5, 31.13, 184075, 1066
1944, 3, 131, 158, 106, 0, 1.63%, 47, 0, 5, 25.81, 184204, 1066
1949, 3, 131, 159, 107, 0, 1.63%, 47, 0, 5, 32.06, 184368, 1066
1954, 3, 131, 159, 107, 0, 1.63%, 47, 0, 5, 27.46, 184503, 1066
1959, 3, 131, 159, 107, 0, 1.63%, 47, 0, 5, 30.75, 184662, 1066
1965, 3, 131, 159, 107, 0, 1.63%, 47, 0, 5, 25.38, 184757, 1066
1970, 3, 131, 159, 107, 0, 1.63%, 47, 0, 5, 28.19, 184904, 1066
1975, 3, 131, 159, 107, 0, 1.63%, 47, 0, 5, 31.30, 185062, 1066
1980, 3, 131, 159, 107, 0, 1.63%, 47, 0, 5, 29.78, 185210, 1066
1985, 3, 131, 159, 107, 0, 1.63%, 47, 0, 5, 33.85, 185402, 1066
1990, 3, 131, 159, 107, 0, 1.63%, 47, 0, 5, 31.13, 185552, 1066
1996, 3, 131, 159, 107, 0, 1.63%, 47, 0, 5, 1.81, 185716, 1066
2001, 3, 40, 159, 107, 0, 1.63%, 47, 0, 5, 143.54, 186339, 1066
2006, 3, 97, 159, 107, 0, 1.63%, 47, 0, 5, 182.16, 186880, 1066
2011, 3, 63, 159, 107, 0, 1.63%, 47, 0, 5, 213.95, 187466, 1066
2017, 3, 2, 159, 107, 0, 1.63%, 47, 0, 5, 160.17, 188282, 1066
2022, 3, 8, 159, 107, 0, 1.63%, 48, 0, 5, 242.50, 189218, 1066
2027, 3, 8, 159, 107, 0, 1.63%, 48, 0, 5, 24.61, 190029, 1066
2032, 3, 19, 159, 107, 0, 1.63%, 48, 0, 5, 196.16, 190714, 1066
2037, 3, 19, 159, 107, 0, 1.63%, 48, 0, 5, 75.45, 191227, 1066
2042, 3, 63, 159, 107, 0, 1.63%, 48, 0, 5, 147.06, 191986, 1066
2047, 3, 67, 159, 107, 0, 1.63%, 48, 0, 5, 46.86, 192329, 1066
2053, 3, 8, 159, 107, 0, 1.63%, 48, 0, 5, 375.00, 193141, 1066
2058, 3, 8, 159, 107, 0, 1.63%, 48, 0, 5, 421.05, 193987, 1066
2064, 3, 122, 159, 107, 0, 1.63%, 48, 0, 5, 8.77, 194622, 1066
2069, 3, 122, 159, 107, 0, 1.63%, 48, 0, 5, 48.01, 194825, 1066
2074, 3, 122, 159, 107, 0, 1.63%, 48, 0, 5, 37.22, 194989, 1066
2079, 3, 122, 159, 107, 0, 1.63%, 48, 0, 5, 40.79, 195205, 1066
2084, 3, 8, 159, 107, 0, 1.63%, 48, 0, 5, 178.52, 196054, 1066
2089, 3, 2, 159, 107, 0, 1.63%, 48, 0, 5, 30.05, 197132, 1066
2094, 3, 94, 159, 107, 0, 1.63%, 48, 0, 5, 124.68, 197888, 1066
2099, 3, 126, 160, 108, 0, 1.63%, 48, 0, 5, 33.17, 198171, 1066
2104, 3, 2, 160, 107, 0, 1.63%, 48, 0, 5, 44.76, 198415, 1066
2109, 3, 2, 160, 107, 0, 1.63%, 48, 0, 5, 157.71, 199111, 1066
2115, 3, 8, 160, 107, 0, 1.63%, 48, 0, 5, 293.86, 200087, 1066
2120, 3, 8, 160, 107, 0, 1.63%, 48, 0, 5, 32.53, 200624, 1066
2125, 3, 31, 160, 107, 0, 1.63%, 48, 0, 5, 50.00, 201449, 1066
2131, 3, 158, 160, 107, 0, 1.63%, 48, 0, 5, 2.50, 202000, 1066
2136, 3, 158, 160, 107, 0, 1.63%, 48, 0, 5, 35.91, 202182, 1066
2141, 3, 158, 160, 107, 0, 1.63%, 48, 0, 5, 36.16, 202360, 1066
2146, 3, 42, 160, 106, 0, 1.63%, 48, 0, 5, 114.79, 203241, 1066
2152, 3, 19, 160, 106, 0, 1.63%, 48, 0, 5, 261.80, 203889, 1066
2157, 3, 100, 160, 106, 0, 1.63%, 48, 0, 5, 43.29, 204139, 1066
2162, 3, 67, 160, 106, 0, 1.63%, 48, 0, 5, 40.71, 204350, 1066
2167, 3, 67, 160, 106, 0, 1.63%, 48, 0, 5, 30.97, 204500, 1066
2172, 3, 19, 160, 106, 0, 1.63%, 48, 0, 5, 177.38, 204960, 1066
2177, 3, 8, 160, 106, 0, 1.63%, 48, 0, 5, 537.31, 205648, 1066
2182, 3, 8, 160, 106, 0, 1.63%, 48, 0, 5, 38.34, 206177, 1066
2187, 3, 19, 160, 106, 0, 1.63%, 48, 0, 5, 75.37, 207277, 1066
2192, 3, 102, 160, 106, 0, 1.63%, 48, 0, 5, 69.22, 207708, 1066
2199, 3, 102, 160, 106, 0, 1.63%, 48, 0, 5, 5.66, 207981, 1066
2204, 3, 8, 160, 106, 0, 1.63%, 48, 0, 5, 22.22, 208826, 1066
2209, 3, 8, 161, 107, 0, 1.63%, 48, 0, 5, 57.33, 209313, 1066
2214, 3, 8, 161, 107, 0, 1.63%, 48, 0, 5, 30.90, 209431, 1066
2219, 3, 8, 161, 107, 0, 1.63%, 48, 0, 5, 415.53, 209771, 1066
2224, 3, 31, 161, 107, 0, 1.63%, 48, 0, 5, 26.15, 210417, 1066
2230, 3, 2, 161, 107, 0, 1.63%, 48, 0, 5, 22.45, 210588, 1066
2235, 3, 2, 161, 107, 0, 1.63%, 48, 0, 5, 22.51, 210716, 1066
2240, 3, 2, 161, 107, 0, 1.63%, 48, 0, 5, 23.21, 210836, 1066
2245, 3, 31, 161, 107, 0, 1.63%, 48, 0, 5, 25.73, 211144, 1066
2250, 3, 94, 161, 107, 0, 1.63%, 48, 0, 5, 28.74, 211294, 1066
2255, 3, 94, 161, 107, 0, 1.63%, 48, 0, 5, 238.81, 211542, 1066
2260, 3, 31, 161, 107, 0, 1.63%, 48, 0, 5, 23.03, 211792, 1066
2267, 3, 94, 161, 107, 0, 1.63%, 48, 0, 5, 2.29, 211963, 1066
2272, 3, 94, 161, 107, 0, 1.63%, 48, 0, 5, 21.94, 212076, 1066
2277, 3, 2, 161, 107, 0, 1.63%, 48, 0, 5, 23.18, 212248, 1066
2282, 3, 2, 161, 107, 0, 1.63%, 48, 0, 5, 23.49, 212371, 1066
2287, 3, 100, 161, 107, 0, 1.63%, 48, 0, 5, 23.04, 212486, 1066
2292, 3, 100, 161, 107, 0, 1.63%, 48, 0, 5, 24.28, 212607, 1066
2297, 3, 100, 161, 107, 0, 1.63%, 48, 0, 5, 24.57, 212729, 1066
2302, 3, 151, 161, 107, 0, 1.63%, 48, 0, 5, 23.00, 212806, 1066
2307, 3, 151, 161, 107, 0, 1.63%, 48, 0, 5, 22.95, 212921, 1066
2312, 3, 151, 161, 107, 0, 1.63%, 48, 0, 5, 22.84, 213036, 1066
2317, 3, 2, 161, 106, 0, 1.63%, 48, 0, 5, 23.18, 213154, 1066
2322, 3, 2, 161, 106, 0, 1.63%, 48, 0, 5, 22.73, 213297, 1066
2328, 3, 19, 161, 106, 0, 1.63%, 48, 0, 5, 23.23, 213420, 1066
2334, 3, 19, 161, 106, 0, 1.63%, 48, 0, 5, 2.72, 213535, 1066
2339, 3, 8, 161, 106, 0, 1.63%, 48, 0, 5, 22.26, 213649, 1066
2344, 3, 8, 161, 106, 0, 1.63%, 48, 0, 5, 102.59, 214390, 1066
2350, 3, 2, 161, 106, 0, 1.63%, 48, 0, 5, 169.68, 215404, 1066
2355, 3, 19, 162, 107, 0, 1.63%, 48, 0, 5, 184.60, 216345, 1066
2360, 3, 19, 162, 107, 0, 1.63%, 48, 0, 5, 280.17, 217124, 1066
2365, 3, 19, 162, 107, 0, 1.63%, 48, 0, 5, 218.56, 217934, 1066
2370, 3, 19, 162, 107, 0, 1.63%, 48, 0, 5, 34.99, 218327, 1066
2375, 3, 19, 162, 107, 0, 1.63%, 48, 0, 5, 308.32, 219165, 1066
2380, 3, 39, 162, 107, 0, 1.63%, 48, 0, 5, 50.88, 219563, 1066
2385, 3, 15, 162, 106, 0, 1.63%, 48, 0, 5, 88.73, 220060, 1066
2390, 3, 2, 162, 105, 0, 1.63%, 48, 0, 5, 23.29, 220597, 1066
2395, 3, 82, 162, 105, 0, 1.63%, 48, 0, 5, 29.90, 221501, 1066
2402, 3, 31, 162, 105, 0, 1.63%, 48, 0, 5, 5.12, 221841, 1066
2408, 3, 19, 162, 105, 0, 1.63%, 48, 0, 5, 109.94, 222331, 1066
2413, 3, 8, 162, 105, 0, 1.63%, 48, 0, 5, 190.00, 223311, 1066
2418, 3, 2, 162, 105, 0, 1.63%, 48, 0, 5, 289.72, 224148, 1066
2423, 3, 19, 162, 105, 0, 1.63%, 48, 0, 5, 134.53, 225357, 1066
2428, 3, 97, 162, 105, 0, 1.63%, 48, 0, 5, 275.07, 226601, 1066
2433, 3, 19, 162, 105, 0, 1.63%, 48, 0, 5, 85.42, 227593, 1066
2438, 3, 64, 162, 105, 0, 1.63%, 48, 0, 5, 90.30, 227889, 1066
2443, 3, 19, 162, 105, 0, 1.63%, 48, 0, 5, 302.35, 228445, 1066
2449, 3, 2, 162, 105, 0, 1.63%, 48, 0, 5, 204.78, 229207, 1066
2454, 3, 8, 162, 105, 0, 1.63%, 48, 0, 5, 265.03, 230214, 1066
2459, 3, 8, 162, 105, 0, 1.63%, 48, 0, 5, 50.64, 230853, 1066
2464, 3, 19, 162, 105, 0, 1.63%, 48, 0, 5, 202.58, 231732, 1066
2470, 3, 19, 162, 105, 0, 1.63%, 48, 0, 5, 26.57, 231995, 1066
2475, 3, 92, 162, 105, 0, 1.63%, 48, 0, 5, 46.38, 232762, 1066
2480, 3, 31, 162, 105, 0, 1.63%, 48, 0, 5, 346.02, 234092, 1066
2485, 3, 94, 162, 105, 0, 1.63%, 48, 0, 5, 376.01, 234992, 1066
2490, 3, 19, 162, 105, 0, 1.63%, 48, 0, 5, 260.75, 236060, 1066
2495, 3, 2, 162, 105, 0, 1.63%, 48, 0, 5, 210.82, 237093, 1066
2500, 3, 8, 162, 105, 0, 1.63%, 48, 0, 5, 38.28, 237993, 1066
2505, 3, 8, 162, 105, 0, 1.63%, 48, 0, 5, 75.78, 238636, 1066
2510, 3, 19, 162, 105, 0, 1.63%, 48, 0, 5, 259.91, 239236, 1066
2516, 3, 18, 162, 105, 0, 1.63%, 48, 0, 5, 222.72, 240159, 1066
2521, 3, 18, 163, 106, 0, 1.63%, 48, 0, 5, 23.10, 240595, 1066
2526, 3, 144, 163, 106, 0, 1.63%, 48, 0, 5, 38.62, 241092, 1066
2531, 3, 144, 163, 106, 0, 1.63%, 48, 0, 5, 37.80, 241264, 1066
2536, 3, 31, 163, 105, 0, 1.63%, 48, 0, 5, 26.03, 241575, 1066
2541, 3, 100, 163, 105, 0, 1.63%, 48, 0, 5, 44.47, 241777, 1066
2546, 3, 31, 163, 105, 0, 1.63%, 48, 0, 5, 64.78, 242173, 1066
2552, 3, 8, 163, 105, 0, 1.63%, 48, 0, 5, 195.26, 243305, 1066
2557, 3, 31, 163, 105, 0, 1.63%, 48, 0, 5, 72.22, 244022, 1066
2562, 3, 47, 163, 105, 0, 1.63%, 48, 0, 5, 25.24, 244626, 1066
2567, 3, 31, 163, 104, 0, 1.63%, 48, 0, 5, 273.17, 245364, 1066
2572, 3, 31, 163, 104, 0, 1.63%, 48, 0, 5, 200.00, 245651, 1066
2577, 3, 19, 163, 104, 0, 1.63%, 48, 0, 5, 188.95, 246135, 1066
2582, 3, 8, 163, 104, 0, 1.63%, 48, 0, 5, 167.36, 246980, 1066
2587, 3, 19, 163, 104, 0, 1.63%, 48, 0, 5, 489.27, 248223, 1066
2593, 3, 2, 163, 104, 0, 1.63%, 48, 0, 5, 173.45, 249424, 1066
2598, 4, 19, 163, 104, 0, 1.63%, 48, 0, 5, 177.07, 250276, 1066
2603, 4, 2, 163, 104, 0, 1.63%, 48, 0, 5, 21.66, 250978, 1066
2608, 4, 8, 163, 104, 0, 1.63%, 48, 0, 5, 195.79, 251840, 1066
2613, 4, 31, 163, 104, 0, 1.63%, 48, 0, 5, 25.69, 252792, 1066
2618, 4, 94, 163, 104, 0, 1.63%, 48, 0, 5, 158.96, 253981, 1066
2623, 4, 8, 163, 104, 0, 1.63%, 48, 0, 5, 24.08, 254997, 1066
2628, 4, 19, 163, 104, 0, 1.63%, 48, 0, 5, 146.18, 255789, 1066
2633, 4, 8, 163, 104, 0, 1.63%, 48, 0, 5, 115.19, 256327, 1066
2640, 4, 8, 163, 104, 0, 1.63%, 48, 0, 5, 2.21, 257306, 1066
2645, 4, 19, 163, 104, 0, 1.63%, 48, 0, 5, 176.50, 257783, 1066
2650, 4, 19, 163, 104, 0, 1.63%, 48, 0, 5, 23.28, 257973, 1066
2655, 4, 19, 163, 104, 0, 1.63%, 48, 0, 5, 34.02, 258204, 1066
2660, 4, 94, 163, 104, 0, 1.63%, 48, 0, 5, 20.10, 258870, 1066
2665, 4, 31, 163, 104, 0, 1.63%, 48, 0, 5, 25.35, 259220, 1066
2670, 4, 31, 163, 104, 0, 1.63%, 48, 0, 5, 363.18, 259588, 1066
2675, 4, 34, 163, 104, 0, 1.63%, 48, 0, 5, 23.52, 259798, 1066
2680, 4, 94, 163, 104, 0, 1.63%, 48, 0, 5, 236.75, 260438, 1066
2685, 4, 2, 163, 104, 0, 1.63%, 48, 0, 5, 72.60, 261410, 1066
2691, 4, 8, 163, 104, 0, 1.63%, 48, 0, 5, 191.39, 262082, 1066
2696, 4, 8, 163, 104, 0, 1.63%, 48, 0, 5, 256.97, 263438, 1066
2701, 4, 19, 163, 104, 0, 1.63%, 48, 0, 5, 376.77, 264279, 1066
2707, 4, 2, 163, 104, 0, 1.63%, 48, 0, 5, 18.74, 265176, 1066
2712, 4, 8, 163, 104, 0, 1.63%, 48, 0, 5, 22.87, 266020, 1066
2717, 4, 8, 163, 104, 0, 1.63%, 48, 0, 5, 252.95, 266677, 1066
2723, 4, 94, 163, 104, 0, 1.63%, 48, 0, 5, 298.09, 267889, 1066
2728, 4, 8, 163, 104, 0, 1.63%, 48, 0, 5, 158.04, 269060, 1066
2733, 4, 8, 163, 104, 0, 1.63%, 48, 0, 5, 88.96, 269728, 1066
2738, 4, 57, 163, 104, 0, 1.63%, 48, 0, 5, 177.97, 270723, 1066
2743, 4, 2, 163, 104, 0, 1.63%, 48, 0, 5, 181.45, 271393, 1066
2748, 4, 8, 163, 104, 0, 1.63%, 48, 0, 5, 233.77, 272574, 1066
2753, 4, 2, 163, 104, 0, 1.63%, 48, 0, 5, 305.09, 273766, 1066
2758, 4, 2, 163, 104, 0, 1.63%, 48, 0, 5, 238.58, 274562, 1066
2763, 4, 131, 163, 104, 0, 1.63%, 48, 0, 5, 31.05, 274761, 1066
2769, 4, 131, 163, 104, 0, 1.63%, 48, 0, 5, 31.49, 274914, 1066
2775, 4, 131, 163, 104, 0, 1.63%, 48, 0, 5, 26.06, 275053, 1066
2780, 4, 131, 163, 104, 0, 1.63%, 48, 0, 5, 30.25, 275221, 1066
2785, 4, 2, 163, 104, 0, 1.63%, 48, 0, 5, 183.63, 275544, 1066
2790, 4, 79, 163, 104, 0, 1.63%, 48, 0, 5, 27.37, 276085, 1066
2795, 4, 79, 164, 105, 0, 1.63%, 48, 0, 5, 39.04, 276278, 1066
2801, 4, 79, 164, 105, 0, 1.63%, 48, 0, 5, 33.87, 276438, 1066
2806, 4, 19, 164, 105, 0, 1.63%, 48, 0, 5, 239.86, 277353, 1066
2811, 4, 19, 164, 105, 0, 1.63%, 48, 0, 5, 121.96, 277675, 1066
2816, 4, 31, 164, 105, 0, 1.63%, 48, 0, 5, 55.56, 278726, 1066
2821, 4, 97, 164, 105, 0, 1.63%, 48, 0, 5, 160.92, 279505, 1066
2826, 4, 2, 164, 105, 0, 1.63%, 48, 0, 5, 212.36, 280520, 1066
2831, 4, 19, 164, 105, 0, 1.63%, 48, 0, 5, 22.65, 281213, 1066
2836, 4, 31, 164, 105, 0, 1.63%, 48, 0, 5, 369.33, 282114, 1066
2843, 4, 8, 164, 105, 0, 1.63%, 48, 0, 5, 10.75, 282801, 1066
2848, 4, 2, 165, 106, 0, 1.63%, 48, 0, 5, 220.99, 284001, 1066
2853, 4, 2, 165, 106, 0, 1.63%, 48, 0, 5, 244.64, 284955, 1066
2858, 4, 19, 165, 106, 0, 1.63%, 48, 0, 5, 405.71, 285891, 1066
2863, 4, 19, 165, 106, 0, 1.63%, 48, 0, 5, 23.26, 286593, 1066
2869, 4, 34, 165, 106, 0, 1.63%, 48, 0, 5, 22.63, 287284, 1066
2874, 4, 31, 165, 105, 0, 1.63%, 48, 0, 5, 31.91, 287846, 1066
2879, 4, 19, 165, 105, 0, 1.63%, 48, 0, 5, 165.30, 288357, 1066
2884, 4, 2, 165, 105, 0, 1.63%, 48, 0, 5, 194.03, 288970, 1066
2889, 4, 2, 165, 105, 0, 1.63%, 48, 0, 5, 49.25, 289829, 1066
2894, 4, 19, 165, 105, 0, 1.63%, 48, 0, 5, 97.90, 290520, 1066
2899, 4, 8, 165, 105, 0, 1.63%, 48, 0, 5, 163.88, 291558, 1066
2904, 4, 2, 165, 105, 0, 1.63%, 48, 0, 5, 167.09, 292376, 1066
2911, 4, 19, 165, 105, 0, 1.63%, 48, 0, 5, 3.57, 293257, 1066
2916, 4, 31, 165, 105, 0, 1.63%, 48, 0, 5, 253.77, 294400, 1066
2921, 4, 43, 165, 105, 0, 1.63%, 48, 0, 5, 27.70, 294959, 1066
2926, 4, 19, 165, 104, 0, 1.63%, 48, 0, 5, 288.56, 295449, 1066
2931, 4, 19, 165, 104, 0, 1.63%, 48, 0, 5, 28.98, 295776, 1066
2936, 4, 19, 165, 104, 0, 1.63%, 48, 0, 5, 195.16, 296484, 1066
2941, 4, 31, 165, 104, 0, 1.63%, 48, 0, 5, 22.56, 297419, 1066
2946, 4, 88, 165, 104, 0, 1.63%, 48, 0, 5, 23.70, 297620, 1066
2951, 4, 8, 165, 104, 0, 1.63%, 48, 0, 5, 190.00, 298828, 1066
2957, 4, 8, 165, 104, 0, 1.63%, 48, 0, 5, 100.06, 299705, 1066
2962, 4, 8, 165, 104, 0, 1.63%, 48, 0, 5, 23.64, 300339, 1066
2967, 4, 19, 165, 104, 0, 1.63%, 48, 0, 5, 257.34, 301124, 1066
2972, 4, 19, 165, 104, 0, 1.63%, 48, 0, 5, 97.81, 301878, 1066
2979, 4, 8, 165, 104, 0, 1.63%, 48, 0, 5, 7.68, 302629, 1066
2984, 4, 19, 165, 104, 0, 1.63%, 48, 0, 5, 61.86, 304092, 1066
2989, 4, 31, 165, 104, 0, 1.63%, 48, 0, 5, 140.76, 304890, 1066
2994, 4, 19, 165, 104, 0, 1.63%, 48, 0, 5, 39.32, 305319, 1066
2999, 4, 8, 165, 104, 0, 1.63%, 48, 0, 5, 160.06, 306272, 1066
3004, 4, 8, 165, 104, 0, 1.63%, 48, 0, 5, 212.53, 307419, 1066
3009, 4, 8, 165, 104, 0, 1.63%, 48, 0, 5, 38.59, 308240, 1066
3014, 4, 94, 165, 104, 0, 1.63%, 48, 0, 5, 494.06, 308939, 1066
3020, 4, 67, 165, 104, 0, 1.63%, 48, 0, 5, 42.52, 309375, 1066
3025, 4, 19, 165, 104, 0, 1.63%, 48, 0, 5, 23.08, 309843, 1066
3030, 4, 19, 165, 104, 0, 1.63%, 48, 0, 5, 323.53, 310252, 1066
3035, 4, 67, 165, 104, 0, 1.63%, 48, 0, 5, 47.45, 310537, 1066
3040, 4, 31, 165, 104, 0, 1.63%, 48, 0, 5, 111.51, 311144, 1066
3046, 4, 102, 165, 104, 0, 1.63%, 48, 0, 5, 9.51, 311809, 1066
3051, 4, 102, 165, 104, 0, 1.63%, 48, 0, 5, 87.84, 312198, 1066
3057, 4, 2, 165, 104, 0, 1.63%, 48, 0, 5, 80.40, 312567, 1066
3062, 4, 6, 165, 104, 0, 1.63%, 48, 0, 5, 44.43, 312729, 1066
3067, 4, 2, 165, 103, 0, 1.63%, 48, 0, 5, 52.40, 312953, 1066
3072, 4, 8, 165, 103, 0, 1.63%, 48, 0, 5, 100.70, 313692, 1066
3077, 4, 8, 165, 103, 0, 1.63%, 48, 0, 5, 21.58, 314205, 1066
3082, 4, 8, 165, 103, 0, 1.63%, 48, 0, 5, 203.19, 314759, 1066
3087, 4, 8, 165, 103, 0, 1.63%, 48, 0, 5, 279.80, 315634, 1066
3092, 4, 8, 165, 103, 0, 1.63%, 48, 0, 5, 69.75, 316465, 1066
3097, 4, 19, 165, 103, 0, 1.63%, 48, 0, 5, 87.10, 317120, 1066
3103, 4, 19, 165, 103, 0, 1.63%, 48, 0, 5, 159.21, 318037, 1066
3108, 4, 31, 165, 103, 0, 1.63%, 48, 0, 5, 194.17, 318997, 1066
3114, 4, 19, 165, 103, 0, 1.63%, 48, 0, 5, 62.14, 319809, 1066
3119, 4, 77, 165, 103, 0, 1.63%, 48, 0, 5, 53.46, 320140, 1066
3125, 4, 77, 165, 103, 0, 1.63%, 48, 0, 5, 35.44, 320304, 1066
3130, 4, 77, 165, 103, 0, 1.63%, 48, 0, 5, 31.59, 320463, 1066
3135, 4, 63, 165, 103, 0, 1.63%, 48, 0, 5, 265.79, 321238, 1066
3140, 4, 19, 165, 103, 0, 1.63%, 48, 0, 5, 88.79, 321894, 1066
3145, 4, 2, 165, 103, 0, 1.63%, 48, 0, 5, 152.32, 322711, 1066
3150, 5, 19, 165, 103, 0, 1.63%, 48, 0, 5, 279.41, 323257, 1066
3155, 5, 2, 165, 103, 0, 1.63%, 48, 0, 5, 22.20, 323803, 1066
3160, 5, 2, 165, 103, 0, 1.63%, 48, 0, 5, 24.06, 323924, 1066
3165, 5, 19, 165, 103, 0, 1.63%, 48, 0, 5, 21.71, 324031, 1066
3171, 5, 63, 165, 103, 0, 1.63%, 48, 0, 5, 238.79, 324775, 1066
3176, 5, 164, 165, 103, 0, 1.63%, 48, 0, 5, 74.41, 324985, 1066
3182, 5, 80, 165, 102, 0, 1.63%, 48, 0, 5, 0.57, 325119, 1066
3187, 5, 80, 165, 102, 0, 1.63%, 48, 0, 5, 32.02, 325295, 1066
3193, 5, 102, 165, 101, 0, 1.63%, 48, 0, 5, 37.38, 325803, 1066
3198, 5, 102, 165, 101, 0, 1.63%, 48, 0, 5, 32.58, 325962, 1066
3203, 5, 19, 165, 101, 0, 1.63%, 48, 0, 5, 125.87, 326401, 1066
3208, 5, 19, 165, 101, 0, 1.63%, 48, 0, 5, 34.05, 326892, 1066
3213, 5, 8, 165, 101, 0, 1.63%, 48, 0, 5, 272.83, 328147, 1066
3218, 5, 8, 165, 101, 0, 1.63%, 48, 0, 5, 27.86, 328926, 1066
3223, 5, 19, 165, 101, 0, 1.63%, 48, 0, 5, 25.18, 329366, 1066
3228, 5, 88, 165, 101, 0, 1.63%, 48, 0, 5, 43.46, 329897, 1066
3234, 5, 31, 165, 101, 0, 1.63%, 48, 0, 5, 45.70, 330121, 1066
3239, 5, 2, 165, 101, 0, 1.63%, 48, 0, 5, 206.90, 330491, 1066
3244, 5, 2, 165, 101, 0, 1.63%, 48, 0, 5, 146.05, 331091, 1066
3250, 5, 2, 165, 101, 0, 1.63%, 48, 0, 5, 45.06, 331681, 1066
3255, 5, 31, 165, 101, 0, 1.63%, 48, 0, 5, 251.94, 332136, 1066
3260, 5, 94, 165, 101, 0, 1.63%, 48, 0, 5, 266.15, 332582, 1066
3265, 5, 31, 165, 101, 0, 1.63%, 48, 0, 5, 28.39, 333076, 1066
3270, 5, 19, 165, 101, 0, 1.63%, 48, 0, 5, 22.18, 333351, 1066
3275, 5, 19, 165, 101, 0, 1.63%, 48, 0, 5, 100.30, 333914, 1066
3280, 5, 19, 165, 101, 0, 1.63%, 48, 0, 5, 68.55, 334241, 1066
3285, 5, 63, 165, 101, 0, 1.63%, 48, 0, 5, 23.44, 334531, 1066
3291, 5, 2, 165, 101, 0, 1.63%, 48, 0, 5, 37.92, 334930, 1066
3296, 5, 2, 165, 101, 0, 1.63%, 48, 0, 5, 26.17, 335045, 1066
3301, 5, 2, 165, 101, 0, 1.63%, 48, 0, 5, 178.55, 335761, 1066
3306, 5, 19, 165, 101, 0, 1.63%, 48, 0, 5, 133.43, 336696, 1066
3311, 5, 19, 165, 101, 0, 1.63%, 48, 0, 5, 23.50, 337326, 1066
3316, 5, 2, 165, 101, 0, 1.63%, 48, 0, 5, 329.43, 337914, 1066
3321, 5, 99, 165, 101, 0, 1.63%, 48, 0, 5, 21.91, 338047, 1066
3326, 5, 99, 165, 101, 0, 1.63%, 48, 0, 5, 22.52, 338163, 1066
3331, 5, 2, 165, 100, 0, 1.63%, 48, 0, 5, 61.68, 338954, 1066
3337, 5, 19, 165, 100, 0, 1.63%, 48, 0, 5, 158.23, 339828, 1066
3342, 5, 40, 165, 100, 0, 1.63%, 48, 0, 5, 36.07, 340707, 1066
3347, 5, 2, 165, 100, 0, 1.63%, 48, 0, 5, 63.36, 341003, 1066
3352, 5, 2, 165, 100, 0, 1.63%, 48, 0, 5, 3.59, 341139, 1066
3357, 5, 77, 165, 100, 0, 1.63%, 48, 0, 5, 59.35, 341906, 1066
3362, 5, 77, 165, 100, 0, 1.63%, 48, 0, 5, 36.63, 342047, 1066
3367, 5, 77, 165, 100, 0, 1.63%, 48, 0, 5, 32.42, 342205, 1066
3372, 5, 77, 165, 100, 0, 1.63%, 48, 0, 5, 30.23, 342353, 1066
3378, 5, 2, 165, 100, 0, 1.63%, 48, 0, 5, 154.93, 343142, 1066
3383, 5, 31, 165, 100, 0, 1.63%, 48, 0, 5, 48.39, 343746, 1066
3388, 5, 19, 165, 100, 0, 1.63%, 48, 0, 5, 153.78, 344223, 1066
3393, 5, 41, 165, 100, 0, 1.63%, 48, 0, 5, 197.84, 344785, 1066
3398, 5, 94, 165, 100, 0, 1.63%, 48, 0, 5, 218.45, 345659, 1066
3403, 5, 2, 165, 100, 0, 1.63%, 48, 0, 5, 175.38, 346568, 1066
3408, 5, 2, 165, 100, 0, 1.63%, 48, 0, 5, 187.98, 347458, 1066
3413, 5, 19, 165, 100, 0, 1.63%, 48, 0, 5, 209.92, 348093, 1066
3420, 5, 2, 165, 100, 0, 1.63%, 48, 0, 5, 1.11, 348417, 1066
3425, 5, 31, 165, 100, 0, 1.63%, 48, 0, 5, 20.57, 348525, 1066
3430, 5, 31, 165, 100, 0, 1.63%, 48, 0, 5, 28.50, 348743, 1066
3435, 5, 94, 165, 100, 0, 1.63%, 48, 0, 5, 330.78, 349721, 1066
3440, 5, 31, 165, 100, 0, 1.63%, 48, 0, 5, 26.94, 350429, 1066
3445, 5, 2, 165, 100, 0, 1.63%, 48, 0, 5, 39.18, 351061, 1066
3450, 5, 94, 165, 100, 0, 1.63%, 48, 0, 5, 116.16, 351506, 1066
3455, 5, 63, 165, 100, 0, 1.63%, 48, 0, 5, 23.48, 351793, 1066
3461, 5, 31, 165, 100, 0, 1.63%, 48, 0, 5, 54.26, 352232, 1066
3466, 5, 107, 165, 100, 0, 1.63%, 48, 0, 5, 40.24, 352422, 1066
3471, 5, 107, 165, 100, 0, 1.63%, 48, 0, 5, 41.42, 352663, 1066
3476, 5, 131, 165, 99, 0, 1.63%, 48, 0, 5, 34.95, 352850, 1066
3481, 5, 131, 165, 99, 0, 1.63%, 48, 0, 5, 27.60, 352989, 1066
3488, 5, 131, 165, 99, 0, 1.63%, 48, 0, 5, 0.56, 353145, 1066
3493, 5, 131, 165, 99, 0, 1.63%, 48, 0, 5, 27.34, 353290, 1066
3498, 5, 94, 165, 99, 0, 1.63%, 48, 0, 5, 214.82, 353714, 1066
3503, 5, 131, 165, 99, 0, 1.63%, 48, 0, 5, 40.12, 354225, 1066
3508, 5, 131, 165, 99, 0, 1.63%, 48, 0, 5, 29.95, 354361, 1066
3513, 5, 131, 165, 99, 0, 1.63%, 48, 0, 5, 27.94, 354500, 1066
3518, 5, 131, 165, 99, 0, 1.63%, 48, 0, 5, 40.72, 354745, 1066
3523, 5, 131, 165, 99, 0, 1.63%, 48, 0, 5, 23.72, 354824, 1066
3529, 5, 19, 165, 99, 0, 1.63%, 48, 0, 5, 45.70, 355153, 1066
3534, 5, 57, 165, 99, 0, 1.63%, 48, 0, 5, 55.61, 356013, 1066
3539, 5, 8, 165, 99, 0, 1.63%, 48, 0, 5, 288.06, 357284, 1066
3544, 5, 8, 165, 99, 0, 1.63%, 48, 0, 5, 337.46, 358104, 1066
3549, 5, 93, 165, 99, 0, 1.63%, 48, 0, 5, 136.45, 358853, 1066
3554, 5, 19, 165, 99, 0, 1.63%, 48, 0, 5, 44.20, 359537, 1066
3559, 5, 19, 165, 99, 0, 1.63%, 48, 0, 5, 365.00, 359832, 1066
3564, 5, 2, 165, 99, 0, 1.63%, 48, 0, 5, 129.35, 360552, 1066
3569, 5, 79, 165, 99, 0, 1.63%, 48, 0, 5, 38.73, 360780, 1066
3574, 5, 79, 165, 99, 0, 1.63%, 48, 0, 5, 34.14, 360947, 1066
3580, 5, 2, 165, 99, 0, 1.63%, 48, 0, 5, 282.93, 361198, 1066
3585, 5, 100, 165, 99, 0, 1.63%, 48, 0, 5, 30.84, 361747, 1066
3590, 5, 100, 165, 99, 0, 1.63%, 48, 0, 5, 2.11, 361830, 1066
3595, 5, 19, 165, 99, 0, 1.63%, 48, 0, 5, 279.08, 362147, 1066
3600, 5, 148, 165, 99, 0, 1.63%, 48, 0, 5, 25.21, 362800, 1066
3605, 5, 148, 165, 99, 0, 1.63%, 48, 0, 5, 29.35, 362964, 1066
3610, 5, 148, 165, 99, 0, 1.63%, 48, 0, 5, 41.92, 363179, 1066
3615, 5, 148, 165, 99, 0, 1.63%, 48, 0, 5, 34.69, 363342, 1066
3621, 5, 8, 165, 99, 0, 1.63%, 48, 0, 5, 22.21, 363845, 1066
3626, 5, 8, 165, 99, 0, 1.63%, 48, 0, 5, 55.78, 364177, 1066
3631, 5, 19, 165, 99, 0, 1.63%, 48, 0, 5, 34.38, 364908, 1066
3636, 5, 19, 165, 99, 0, 1.63%, 48, 0, 5, 195.40, 365494, 1066
3641, 5, 19, 165, 99, 0, 1.63%, 48, 0, 5, 26.24, 365721, 1066
3646, 5, 34, 165, 99, 0, 1.63%, 48, 0, 5, 23.02, 365835, 1066
3651, 5, 31, 165, 99, 0, 1.63%, 48, 0, 5, 22.48, 365950, 1066
3658, 5, 31, 165, 99, 0, 1.63%, 48, 0, 5, 1.11, 366052, 1066
3663, 5, 31, 165, 99, 0, 1.63%, 48, 0, 5, 21.95, 366168, 1066
3668, 5, 2, 165, 99, 0, 1.63%, 48, 0, 5, 21.51, 366416, 1066
3673, 5, 2, 165, 99, 0, 1.63%, 48, 0, 5, 22.83, 366586, 1066
3678, 5, 2, 165, 99, 0, 1.63%, 48, 0, 5, 22.65, 366701, 1066
3683, 5, 67, 165, 99, 0, 1.63%, 48, 0, 5, 22.80, 366816, 1066
3688, 5, 67, 165, 99, 0, 1.63%, 48, 0, 5, 22.86, 366931, 1066
3693, 5, 19, 165, 99, 0, 1.63%, 48, 0, 5, 22.64, 367008, 1066
3698, 5, 19, 165, 99, 0, 1.63%, 48, 0, 5, 22.70, 367123, 1066
3703, 5, 131, 165, 99, 0, 1.63%, 48, 0, 5, 22.84, 367238, 1066
3708, 5, 131, 165, 99, 0, 1.63%, 48, 0, 5, 23.01, 367358, 1066
3714, 5, 2, 165, 99, 0, 1.63%, 48, 0, 5, 23.16, 367478, 1066
3719, 5, 2, 165, 99, 0, 1.63%, 48, 0, 5, 22.54, 367593, 1066
3726, 5, 2, 165, 99, 0, 1.63%, 48, 0, 5, 2.81, 367775, 1066
3731, 5, 8, 165, 99, 0, 1.63%, 48, 0, 5, 23.03, 367894, 1066
3736, 5, 8, 165, 99, 0, 1.63%, 48, 0, 5, 126.09, 368206, 1066
3741, 5, 8, 165, 99, 0, 1.63%, 48, 0, 5, 22.75, 368389, 1066
3746, 5, 8, 165, 99, 0, 1.63%, 48, 0, 5, 22.91, 368598, 1066
3751, 5, 8, 165, 99, 0, 1.63%, 48, 0, 5, 23.07, 368737, 1066
3756, 5, 8, 165, 99, 0, 1.63%, 48, 0, 5, 164.36, 369031, 1066
3761, 5, 8, 165, 99, 0, 1.63%, 48, 0, 5, 23.69, 369286, 1066
3767, 5, 8, 165, 99, 0, 1.63%, 48, 0, 5, 256.28, 370302, 1066
3772, 5, 19, 165, 99, 0, 1.63%, 48, 0, 5, 182.63, 370843, 1066
3777, 5, 19, 165, 99, 0, 1.63%, 48, 0, 5, 178.70, 371356, 1066
3782, 5, 19, 165, 99, 0, 1.63%, 48, 0, 5, 22.12, 371590, 1066
3787, 5, 19, 165, 99, 0, 1.63%, 48, 0, 5, 24.15, 372150, 1066
3794, 5, 19, 165, 99, 0, 1.63%, 48, 0, 5, 24.49, 372733, 1066
3799, 5, 86, 165, 99, 0, 1.63%, 48, 0, 5, 25.60, 373025, 1066
3804, 5, 31, 165, 98, 0, 1.63%, 48, 0, 5, 369.46, 373304, 1066
3809, 5, 100, 165, 98, 0, 1.63%, 48, 0, 5, 64.68, 373790, 1066
3814, 5, 100, 165, 98, 0, 1.63%, 48, 0, 5, 41.77, 373976, 1066
3819, 5, 2, 165, 98, 0, 1.63%, 48, 0, 5, 222.82, 374372, 1066
3825, 5, 97, 165, 98, 0, 1.63%, 48, 0, 5, 483.01, 375357, 1066
3830, 5, 19, 165, 98, 0, 1.63%, 48, 0, 5, 69.28, 375729, 1066
3835, 5, 19, 165, 98, 0, 1.63%, 48, 0, 5, 86.02, 376148, 1066
3840, 5, 19, 165, 98, 0, 1.63%, 48, 0, 5, 216.59, 376704, 1066
3845, 5, 31, 165, 98, 0, 1.63%, 48, 0, 5, 35.03, 377213, 1066
3850, 5, 2, 165, 98, 0, 1.63%, 48, 0, 5, 46.38, 377461, 1066
3855, 5, 19, 165, 98, 0, 1.63%, 48, 0, 5, 67.08, 377841, 1066
3861, 5, 19, 165, 98, 0, 1.63%, 48, 0, 5, 2.62, 378141, 1066
3867, 5, 19, 165, 98, 0, 1.63%, 48, 0, 5, 53.25, 378441, 1066
3872, 5, 31, 165, 98, 0, 1.63%, 48, 0, 5, 25.40, 378798, 1066
3877, 5, 67, 165, 98, 0, 1.63%, 48, 0, 5, 25.32, 379176, 1066
3882, 5, 67, 165, 98, 0, 1.63%, 48, 0, 5, 26.55, 379324, 1066
3887, 5, 19, 165, 98, 0, 1.63%, 48, 0, 5, 55.53, 379661, 1066
3892, 5, 19, 165, 98, 0, 1.63%, 48, 0, 5, 403.89, 380193, 1066
3897, 5, 19, 165, 98, 0, 1.63%, 48, 0, 5, 104.24, 380471, 1066
3903, 5, 19, 165, 98, 0, 1.63%, 48, 0, 5, 92.28, 380922, 1066
3908, 5, 19, 165, 98, 0, 1.63%, 48, 0, 5, 88.59, 381324, 1066
3913, 5, 94, 165, 98, 0, 1.63%, 48, 0, 5, 23.46, 381837, 1066
3918, 5, 67, 165, 98, 0, 1.63%, 48, 0, 5, 24.28, 382212, 1066
3923, 5, 67, 165, 98, 0, 1.63%, 48, 0, 5, 27.30, 382383, 1066
3929, 5, 2, 165, 98, 0, 1.63%, 48, 0, 5, 26.33, 382592, 1066
3934, 5, 2, 165, 98, 0, 1.63%, 48, 0, 5, 291.67, 383050, 1066
3939, 5, 2, 165, 98, 0, 1.63%, 48, 0, 5, 60.01, 383459, 1066
3944, 5, 19, 165, 98, 0, 1.63%, 48, 0, 5, 82.11, 384095, 1066
3950, 5, 100, 165, 98, 0, 1.63%, 48, 0, 5, 47.66, 384317, 1066
3955, 5, 100, 165, 98, 0, 1.63%, 48, 0, 5, 40.82, 384490, 1066
3960, 5, 50, 165, 98, 0, 1.63%, 48, 0, 5, 30.21, 384635, 1066
3965, 5, 50, 165, 98, 0, 1.63%, 48, 0, 5, 31.09, 384761, 1066
3970, 5, 31, 165, 97, 0, 1.63%, 48, 0, 5, 81.90, 385220, 1066
3975, 5, 2, 165, 97, 0, 1.63%, 48, 0, 5, 65.16, 385559, 1066
3980, 5, 2, 165, 97, 0, 1.63%, 48, 0, 5, 54.02, 385797, 1066
3985, 5, 2, 165, 97, 0, 1.63%, 48, 0, 5, 58.65, 386039, 1066
3990, 5, 2, 165, 97, 0, 1.63%, 48, 0, 5, 69.44, 386411, 1066
3997, 5, 19, 165, 97, 0, 1.63%, 48, 0, 5, 1.13, 386860, 1066
4002, 5, 31, 165, 97, 0, 1.63%, 48, 0, 5, 66.52, 387251, 1066
4007, 6, 31, 165, 97, 0, 1.63%, 48, 0, 5, 101.81, 387820, 1066
4012, 6, 19, 165, 97, 0, 1.63%, 48, 0, 5, 101.05, 388349, 1066
4017, 6, 19, 165, 97, 0, 1.63%, 48, 0, 5, 160.17, 388801, 1066
4022, 6, 19, 165, 97, 0, 1.63%, 48, 0, 5, 24.45, 389012, 1066
4028, 6, 63, 165, 97, 0, 1.63%, 48, 0, 5, 308.87, 389688, 1066
4033, 6, 19, 165, 97, 0, 1.63%, 48, 0, 5, 84.36, 390132, 1066
4038, 6, 19, 165, 97, 0, 1.63%, 48, 0, 5, 86.78, 390569, 1066
4043, 6, 19, 165, 97, 0, 1.63%, 48, 0, 5, 97.99, 391056, 1066
4048, 6, 40, 165, 97, 0, 1.63%, 48, 0, 5, 49.04, 391271, 1066
4053, 6, 40, 165, 97, 0, 1.63%, 48, 0, 5, 36.11, 391448, 1066
4059, 6, 19, 165, 97, 0, 1.63%, 48, 0, 5, 58.42, 391768, 1066
4065, 6, 19, 166, 98, 0, 1.63%, 48, 0, 5, 11.31, 392310, 1066
4070, 6, 19, 166, 98, 0, 1.63%, 48, 0, 5, 23.22, 392864, 1066
4075, 6, 8, 166, 98, 0, 1.63%, 48, 0, 5, 370.73, 393282, 1066
4080, 6, 8, 166, 98, 0, 1.63%, 48, 0, 5, 73.81, 393752, 1066
4085, 6, 8, 166, 98, 0, 1.63%, 48, 0, 5, 73.01, 394381, 1066
4090, 6, 31, 166, 98, 0, 1.63%, 48, 0, 5, 39.47, 394850, 1066
4096, 6, 11, 166, 98, 0, 1.63%, 48, 0, 5, 25.45, 395047, 1066
4101, 6, 11, 166, 98, 0, 1.63%, 48, 0, 5, 23.31, 395125, 1066
4106, 6, 11, 166, 98, 0, 1.63%, 48, 0, 5, 33.06, 395309, 1066
4111, 6, 11, 166, 98, 0, 1.63%, 48, 0, 5, 36.96, 395501, 1066
4116, 6, 2, 166, 98, 0, 1.63%, 48, 0, 5, 26.85, 395624, 1066
4121, 6, 93, 166, 98, 0, 1.63%, 48, 0, 5, 76.11, 396506, 1066
4126, 6, 19, 166, 98, 0, 1.63%, 48, 0, 5, 105.85, 397086, 1066
4133, 6, 31, 166, 98, 0, 1.63%, 48, 0, 5, 1.66, 397534, 1066
4138, 6, 57, 166, 98, 0, 1.63%, 48, 0, 5, 55.99, 397876, 1066
4143, 6, 2, 166, 98, 0, 1.63%, 48, 0, 5, 38.29, 398250, 1066
4148, 6, 19, 166, 98, 0, 1.63%, 48, 0, 5, 163.80, 398826, 1066
4153, 6, 19, 166, 98, 0, 1.63%, 48, 0, 5, 22.64, 399213, 1066
4158, 6, 8, 166, 98, 0, 1.63%, 48, 0, 5, 22.86, 399885, 1066
4164, 6, 8, 166, 98, 0, 1.63%, 48, 0, 5, 23.60, 400140, 1066
4169, 6, 8, 166, 98, 0, 1.63%, 48, 0, 5, 46.93, 400450, 1066
4174, 6, 31, 166, 98, 0, 1.63%, 48, 0, 5, 30.19, 400856, 1066
4179, 6, 31, 166, 98, 0, 1.63%, 48, 0, 5, 26.65, 400989, 1066
4184, 6, 93, 166, 98, 0, 1.63%, 48, 0, 5, 288.56, 401300, 1066
4189, 6, 2, 166, 98, 0, 1.63%, 48, 0, 5, 24.49, 401685, 1066
4194, 6, 2, 166, 98, 0, 1.63%, 48, 0, 5, 25.42, 401933, 1066
4201, 6, 2, 166, 98, 0, 1.63%, 48, 0, 5, 2.49, 402061, 1066
4206, 6, 2, 166, 98, 0, 1.63%, 48, 0, 5, 24.03, 402194, 1066
4211, 6, 2, 166, 98, 0, 1.63%, 48, 0, 5, 22.98, 402309, 1066
4216, 6, 19, 166, 98, 0, 1.63%, 48, 0, 5, 22.66, 402493, 1066
4221, 6, 19, 166, 98, 0, 1.63%, 48, 0, 5, 22.96, 402610, 1066
4226, 6, 19, 166, 98, 0, 1.63%, 48, 0, 5, 23.48, 402732, 1066
4232, 6, 19, 166, 98, 0, 1.63%, 48, 0, 5, 23.08, 402849, 1066
4237, 6, 2, 166, 98, 0, 1.63%, 48, 0, 5, 23.11, 402930, 1066
4242, 6, 2, 166, 98, 0, 1.63%, 48, 0, 5, 22.69, 403044, 1066
4247, 6, 126, 166, 98, 0, 1.63%, 48, 0, 5, 22.49, 403160, 1066
4252, 6, 126, 166, 98, 0, 1.63%, 48, 0, 5, 22.11, 403274, 1066
4257, 6, 19, 166, 98, 0, 1.63%, 48, 0, 5, 22.71, 403389, 1066
4262, 6, 19, 166, 98, 0, 1.63%, 48, 0, 5, 23.17, 403547, 1066
4269, 6, 19, 166, 98, 0, 1.63%, 48, 0, 5, 2.60, 403669, 1066
4274, 6, 19, 166, 98, 0, 1.63%, 48, 0, 5, 23.03, 403810, 1066
4279, 6, 19, 166, 98, 0, 1.63%, 48, 0, 5, 22.91, 403929, 1066
4284, 6, 19, 166, 98, 0, 1.63%, 48, 0, 5, 22.88, 404044, 1066
4289, 6, 148, 166, 98, 0, 1.63%, 48, 0, 5, 22.90, 404159, 1066
4294, 6, 148, 166, 98, 0, 1.63%, 48, 0, 5, 22.55, 404273, 1066
4299, 6, 2, 166, 98, 0, 1.63%, 48, 0, 5, 22.29, 404387, 1066
4304, 6, 2, 166, 98, 0, 1.63%, 48, 0, 5, 30.09, 404598, 1066
4309, 6, 2, 166, 98, 0, 1.63%, 48, 0, 5, 22.79, 404986, 1066
4315, 6, 19, 166, 98, 0, 1.63%, 48, 0, 5, 145.94, 405376, 1066
4320, 6, 8, 166, 98, 0, 1.63%, 48, 0, 5, 80.61, 405806, 1066
4325, 6, 8, 166, 98, 0, 1.63%, 48, 0, 5, 137.78, 406675, 1066
4330, 6, 19, 166, 98, 0, 1.63%, 48, 0, 5, 262.58, 407387, 1066
4336, 6, 19, 166, 98, 0, 1.63%, 48, 0, 5, 12.28, 408091, 1066
4342, 6, 2, 166, 98, 0, 1.63%, 48, 0, 5, 32.61, 408423, 1066
4347, 6, 2, 166, 98, 0, 1.63%, 48, 0, 5, 28.34, 408599, 1066
4352, 6, 2, 166, 98, 0, 1.63%, 48, 0, 5, 190.19, 408964, 1066
4357, 6, 67, 166, 98, 0, 1.63%, 48, 0, 5, 60.53, 409519, 1066
4362, 6, 31, 166, 98, 0, 1.63%, 48, 0, 5, 39.67, 409722, 1066
4367, 6, 19, 166, 98, 0, 1.63%, 48, 0, 5, 230.77, 410350, 1066
4372, 6, 2, 166, 98, 0, 1.63%, 48, 0, 5, 174.25, 410937, 1066
4377, 6, 131, 166, 98, 0, 1.63%, 48, 0, 5, 26.44, 411256, 1066
4382, 6, 131, 166, 98, 0, 1.63%, 48, 0, 5, 29.60, 411421, 1066
4388, 6, 131, 166, 98, 0, 1.63%, 48, 0, 5, 37.68, 411645, 1066
4393, 6, 31, 166, 98, 0, 1.63%, 48, 0, 5, 75.30, 412042, 1066
4398, 6, 2, 166, 98, 0, 1.63%, 48, 0, 5, 160.21, 412983, 1066
4404, 6, 19, 166, 98, 0, 1.63%, 48, 0, 5, 27.66, 413895, 1066
4410, 6, 8, 166, 98, 0, 1.63%, 48, 0, 5, 276.07, 414937, 1066
4415, 6, 19, 166, 98, 0, 1.63%, 48, 0, 5, 244.24, 416108, 1066
4420, 6, 2, 166, 98, 0, 1.63%, 48, 0, 5, 233.95, 416968, 1066
4425, 6, 137, 166, 98, 0, 1.63%, 48, 0, 5, 58.79, 417641, 1066
4430, 6, 2, 166, 97, 0, 1.63%, 48, 0, 5, 59.55, 418616, 1066
4435, 6, 19, 166, 97, 0, 1.63%, 48, 0, 5, 213.45, 419510, 1066
4440, 6, 31, 166, 97, 0, 1.63%, 48, 0, 5, 161.30, 420050, 1066
4445, 6, 19, 166, 97, 0, 1.63%, 48, 0, 5, 178.92, 420689, 1066
4450, 6, 19, 166, 97, 0, 1.63%, 48, 0, 5, 191.41, 421643, 1066
4455, 6, 8, 166, 97, 0, 1.63%, 48, 0, 5, 215.78, 422740, 1066
4460, 6, 19, 166, 97, 0, 1.63%, 48, 0, 5, 234.50, 423772, 1066
4466, 6, 8, 166, 97, 0, 1.63%, 48, 0, 5, 265.98, 424999, 1066
4472, 6, 19, 166, 97, 0, 1.63%, 48, 0, 5, 22.75, 425899, 1066
4477, 6, 31, 166, 97, 0, 1.63%, 48, 0, 5, 29.52, 426910, 1066
4482, 6, 8, 166, 97, 0, 1.63%, 48, 0, 5, 417.76, 427985, 1066
4487, 6, 8, 166, 97, 0, 1.63%, 48, 0, 5, 54.61, 429011, 1066
4493, 6, 105, 166, 97, 0, 1.63%, 48, 0, 5, 33.52, 429418, 1066
4498, 6, 2, 166, 96, 0, 1.63%, 48, 0, 5, 300.11, 430016, 1066
4503, 6, 31, 166, 96, 0, 1.63%, 48, 0, 5, 244.17, 430954, 1066
4508, 6, 2, 166, 96, 0, 1.63%, 48, 0, 5, 25.01, 431291, 1066
4513, 6, 8, 166, 96, 0, 1.63%, 48, 0, 5, 263.76, 431992, 1066
4518, 6, 2, 166, 96, 0, 1.63%, 48, 0, 5, 261.51, 433269, 1066
4523, 6, 67, 166, 96, 0, 1.63%, 48, 0, 5, 29.05, 434042, 1066
4528, 6, 19, 166, 96, 0, 1.63%, 48, 0, 5, 120.39, 434646, 1066
4534, 6, 131, 166, 96, 0, 1.63%, 48, 0, 5, 58.38, 434920, 1066
4540, 6, 131, 166, 96, 0, 1.63%, 48, 0, 5, 4.99, 435147, 1066
4545, 6, 31, 166, 96, 0, 1.63%, 48, 0, 5, 165.20, 435659, 1066
4550, 6, 122, 166, 96, 0, 1.63%, 48, 0, 5, 35.14, 435967, 1066
4556, 6, 122, 166, 96, 0, 1.63%, 48, 0, 5, 50.51, 436262, 1066
4561, 6, 19, 166, 96, 0, 1.63%, 48, 0, 5, 202.73, 437525, 1066
4566, 6, 19, 166, 96, 0, 1.63%, 48, 0, 5, 22.98, 438519, 1066
4571, 6, 19, 166, 96, 0, 1.63%, 48, 0, 5, 28.04, 439122, 1066
4576, 6, 19, 166, 96, 0, 1.63%, 48, 0, 5, 208.65, 439513, 1066
4581, 6, 11, 166, 96, 0, 1.63%, 48, 0, 5, 45.71, 439742, 1066
4586, 6, 11, 166, 96, 0, 1.63%, 48, 0, 5, 33.92, 439913, 1066
4592, 6, 11, 166, 96, 0, 1.63%, 48, 0, 5, 35.01, 440094, 1066
4597, 6, 8, 166, 96, 0, 1.63%, 48, 0, 5, 125.59, 440501, 1066
4602, 6, 19, 166, 96, 0, 1.63%, 48, 0, 5, 202.63, 441790, 1066
4608, 6, 28, 166, 96, 0, 1.63%, 48, 0, 5, 25.90, 442746, 1066
4613, 6, 40, 166, 96, 0, 1.63%, 48, 0, 5, 54.68, 443070, 1066
4618, 6, 8, 166, 96, 0, 1.63%, 48, 0, 5, 278.78, 443893, 1066
4623, 6, 19, 166, 96, 0, 1.63%, 48, 0, 5, 467.81, 444707, 1066
4629, 6, 2, 166, 96, 0, 1.63%, 48, 0, 5, 224.49, 445758, 1066
4634, 6, 148, 166, 96, 0, 1.63%, 48, 0, 5, 32.59, 446142, 1066
4639, 6, 148, 166, 96, 0, 1.63%, 48, 0, 5, 48.32, 446383, 1066
4644, 6, 148, 166, 96, 0, 1.63%, 48, 0, 5, 32.03, 446509, 1066
4649, 6, 19, 166, 96, 0, 1.63%, 48, 0, 5, 223.95, 447326, 1066
4654, 6, 31, 166, 96, 0, 1.63%, 48, 0, 5, 64.45, 448241, 1066
4659, 6, 2, 166, 96, 0, 1.63%, 48, 0, 5, 178.11, 449264, 1066
4664, 6, 19, 166, 96, 0, 1.63%, 48, 0, 5, 23.70, 450860, 1066
4669, 6, 8, 166, 96, 0, 1.63%, 48, 0, 5, 240.42, 452094, 1066
4676, 6, 79, 166, 96, 0, 1.63%, 48, 0, 5, 0.58, 452889, 1066
4681, 6, 79, 166, 96, 0, 1.63%, 48, 0, 5, 48.46, 453101, 1066
4686, 6, 2, 166, 96, 0, 1.63%, 48, 0, 5, 118.41, 453664, 1066
4691, 6, 31, 166, 96, 0, 1.63%, 48, 0, 5, 185.36, 454680, 1066
4696, 6, 19, 166, 96, 0, 1.63%, 48, 0, 5, 247.00, 456079, 1066
4701, 6, 19, 166, 96, 0, 1.63%, 48, 0, 5, 140.23, 457052, 1066
4706, 6, 2, 166, 96, 0, 1.63%, 48, 0, 5, 45.19, 457668, 1066
4712, 6, 126, 166, 96, 0, 1.63%, 48, 0, 5, 63.80, 457891, 1066
4717, 6, 126, 166, 96, 0, 1.63%, 48, 0, 5, 64.28, 458207, 1066
4722, 6, 57, 166, 96, 0, 1.63%, 48, 0, 5, 58.58, 459264, 1066
4727, 6, 8, 166, 96, 0, 1.63%, 48, 0, 5, 344.05, 460715, 1066
4732, 6, 19, 166, 96, 0, 1.63%, 48, 0, 5, 107.56, 461588, 1066
4737, 6, 162, 166, 96, 0, 1.63%, 48, 0, 5, 121.43, 462206, 1066
4744, 6, 31, 166, 95, 0, 1.63%, 48, 0, 5, 18.84, 463188, 1066
4749, 7, 19, 166, 95, 0, 1.63%, 48, 0, 5, 172.64, 464185, 1066
4754, 7, 57, 166, 95, 0, 1.63%, 48, 0, 5, 32.85, 465112, 1066
4759, 7, 148, 166, 95, 0, 1.63%, 48, 0, 5, 59.17, 465873, 1066
4764, 7, 2, 166, 95, 0, 1.63%, 48, 0, 5, 88.80, 466275, 1066
4769, 7, 31, 166, 95, 0, 1.63%, 48, 0, 5, 22.79, 466902, 1066
4774, 7, 42, 166, 95, 0, 1.63%, 48, 0, 5, 179.09, 468085, 1066
4780, 7, 19, 166, 95, 0, 1.63%, 48, 0, 5, 208.70, 468851, 1066
4785, 7, 2, 166, 95, 0, 1.63%, 48, 0, 5, 85.43, 469285, 1066
4790, 7, 8, 166, 95, 0, 1.63%, 48, 0, 5, 133.62, 470200, 1066
4795, 7, 8, 166, 95, 0, 1.63%, 48, 0, 5, 212.29, 471085, 1066
4800, 7, 94, 166, 95, 0, 1.63%, 48, 0, 5, 195.26, 472239, 1066
4805, 7, 102, 166, 95, 0, 1.63%, 48, 0, 5, 55.53, 472883, 1066
4812, 7, 2, 166, 95, 0, 1.63%, 48, 0, 5, 1.08, 473262, 1066
4817, 7, 31, 166, 95, 0, 1.63%, 48, 0, 5, 29.35, 474352, 1066
4822, 7, 93, 166, 95, 0, 1.63%, 48, 0, 5, 299.79, 475536, 1066
4827, 7, 131, 166, 95, 0, 1.63%, 48, 0, 5, 48.33, 477077, 1066
4833, 7, 131, 166, 95, 0, 1.63%, 48, 0, 5, 38.69, 477265, 1066
4838, 7, 131, 166, 95, 0, 1.63%, 48, 0, 5, 34.62, 477456, 1066
4843, 7, 131, 166, 95, 0, 1.63%, 48, 0, 5, 33.16, 477680, 1066
4848, 7, 31, 166, 95, 0, 1.63%, 48, 0, 5, 318.41, 477844, 1066
4853, 7, 31, 166, 95, 0, 1.63%, 48, 0, 5, 108.12, 478524, 1066
4858, 7, 8, 166, 95, 0, 1.63%, 48, 0, 5, 176.87, 479521, 1066
4864, 7, 8, 166, 95, 0, 1.63%, 48, 0, 5, 450.00, 480600, 1066
4869, 7, 19, 166, 95, 0, 1.63%, 48, 0, 5, 156.18, 481751, 1066
4874, 7, 19, 166, 95, 0, 1.63%, 48, 0, 5, 25.66, 482540, 1066
4880, 7, 19, 166, 95, 0, 1.63%, 48, 0, 5, 12.05, 483212, 1066
4885, 7, 64, 166, 95, 0, 1.63%, 48, 0, 5, 38.64, 483530, 1066
4890, 7, 8, 166, 95, 0, 1.63%, 48, 0, 5, 181.87, 484587, 1066
4895, 7, 2, 166, 95, 0, 1.63%, 48, 0, 5, 197.98, 485799, 1066
4901, 7, 19, 166, 95, 0, 1.63%, 48, 0, 5, 101.58, 486660, 1066
4906, 7, 2, 166, 95, 0, 1.63%, 48, 0, 5, 109.44, 487126, 1066
4911, 7, 8, 166, 95, 0, 1.63%, 48, 0, 5, 391.68, 488311, 1066
4916, 7, 2, 166, 95, 0, 1.63%, 48, 0, 5, 336.84, 489076, 1066
4921, 7, 8, 166, 95, 0, 1.63%, 48, 0, 5, 103.20, 490047, 1066
4926, 7, 8, 166, 95, 0, 1.63%, 48, 0, 5, 364.84, 491299, 1066
4931, 7, 19, 166, 95, 0, 1.63%, 48, 0, 5, 33.46, 492331, 1066
4936, 7, 31, 166, 95, 0, 1.63%, 48, 0, 5, 26.52, 493288, 1066
4942, 7, 19, 166, 95, 0, 1.63%, 48, 0, 5, 416.31, 493983, 1066
4948, 7, 19, 166, 95, 0, 1.63%, 48, 0, 5, 2.35, 494823, 1066
4953, 7, 100, 166, 95, 0, 1.63%, 48, 0, 5, 332.56, 495705, 1066
4958, 7, 31, 166, 95, 0, 1.63%, 48, 0, 5, 59.84, 496032, 1066
4963, 7, 2, 166, 95, 0, 1.63%, 48, 0, 5, 132.29, 496932, 1066
4968, 7, 2, 166, 95, 0, 1.63%, 48, 0, 5, 38.64, 497552, 1066
4974, 7, 19, 166, 95, 0, 1.63%, 48, 0, 5, 235.49, 498743, 1066
4979, 7, 19, 166, 95, 0, 1.63%, 48, 0, 5, 27.50, 499450, 1066
4984, 7, 2, 166, 95, 0, 1.63%, 48, 0, 5, 193.81, 500039, 1066
4989, 7, 8, 166, 95, 0, 1.63%, 48, 0, 5, 275.20, 501163, 1066
4994, 7, 31, 166, 95, 0, 1.63%, 48, 0, 5, 88.05, 502207, 1066
4999, 7, 123, 166, 95, 0, 1.63%, 48, 0, 5, 57.16, 502443, 1066
5004, 7, 19, 166, 94, 0, 1.63%, 48, 0, 5, 59.96, 503435, 1066
5009, 7, 94, 166, 94, 0, 1.63%, 48, 0, 5, 211.42, 504682, 1066
5016, 7, 123, 166, 94, 0, 1.63%, 48, 0, 5, 2.68, 505487, 1066
5021, 7, 123, 166, 94, 0, 1.63%, 48, 0, 5, 38.45, 505694, 1066
5026, 7, 123, 166, 94, 0, 1.63%, 48, 0, 5, 230.40, 505981, 1066
5031, 7, 123, 166, 94, 0, 1.63%, 48, 0, 5, 33.83, 506257, 1066
5036, 7, 123, 166, 94, 0, 1.63%, 48, 0, 5, 34.21, 506427, 1066
5041, 7, 63, 166, 94, 0, 1.63%, 48, 0, 5, 193.75, 507467, 1066
5046, 7, 31, 166, 94, 0, 1.63%, 48, 0, 5, 443.99, 508463, 1066
5052, 7, 8, 166, 94, 0, 1.63%, 48, 0, 5, 264.22, 509068, 1066
5057, 7, 94, 166, 94, 0, 1.63%, 48, 0, 5, 248.84, 510139, 1066
5062, 7, 92, 166, 94, 0, 1.63%, 48, 0, 5, 269.55, 511306, 1066
5067, 7, 123, 166, 94, 0, 1.63%, 48, 0, 5, 39.05, 511742, 1066
5072, 7, 123, 166, 94, 0, 1.63%, 48, 0, 5, 48.62, 511984, 1066
5077, 7, 123, 166, 94, 0, 1.63%, 48, 0, 5, 57.01, 512259, 1066
5084, 7, 102, 166, 94, 0, 1.63%, 48, 0, 5, 3.43, 512540, 1066
5089, 7, 102, 166, 94, 0, 1.63%, 48, 0, 5, 56.04, 512829, 1066
5094, 7, 8, 166, 94, 0, 1.63%, 48, 0, 5, 102.69, 513497, 1066
5099, 7, 8, 166, 94, 0, 1.63%, 48, 0, 5, 167.45, 514626, 1066
5104, 7, 8, 166, 94, 0, 1.63%, 48, 0, 5, 216.34, 515454, 1066
5109, 7, 8, 166, 94, 0, 1.63%, 48, 0, 5, 282.54, 516467, 1066
5114, 7, 102, 166, 94, 0, 1.63%, 49, 0, 5, 63.83, 516973, 1066
5120, 7, 2, 166, 94, 0, 1.63%, 49, 0, 5, 66.88, 517242, 1066
5125, 7, 31, 166, 94, 0, 1.63%, 49, 0, 5, 30.89, 517938, 1066
5130, 7, 31, 166, 94, 0, 1.63%, 49, 0, 5, 48.48, 518911, 1066
5135, 7, 19, 166, 94, 0, 1.63%, 49, 0, 5, 34.37, 519955, 1066
5140, 7, 123, 166, 94, 0, 1.63%, 49, 0, 5, 47.28, 520434, 1066
5145, 7, 123, 166, 94, 0, 1.63%, 49, 0, 5, 58.43, 520726, 1066
5152, 7, 123, 166, 94, 0, 1.63%, 49, 0, 5, 2.62, 520877, 1066
5157, 7, 123, 166, 94, 0, 1.63%, 49, 0, 5, 27.23, 521094, 1066
5162, 7, 2, 166, 94, 0, 1.63%, 49, 0, 5, 79.40, 521828, 1066
5167, 7, 2, 166, 94, 0, 1.63%, 49, 0, 5, 112.97, 522445, 1066
5172, 7, 18, 166, 94, 0, 1.63%, 49, 0, 5, 145.59, 523147, 1066
5177, 7, 18, 166, 94, 0, 1.63%, 49, 0, 5, 237.48, 523612, 1066
5182, 7, 77, 166, 94, 0, 1.63%, 49, 0, 5, 40.91, 523844, 1066
5187, 7, 77, 166, 94, 0, 1.63%, 49, 0, 5, 36.50, 523966, 1066
5193, 7, 77, 166, 94, 0, 1.63%, 49, 0, 5, 29.14, 524111, 1066
5198, 7, 31, 166, 94, 0, 1.63%, 49, 0, 5, 174.30, 524423, 1066
5203, 7, 79, 166, 94, 0, 1.63%, 49, 0, 5, 36.92, 525036, 1066
5208, 7, 79, 166, 94, 0, 1.63%, 49, 0, 5, 37.08, 525230, 1066
5213, 7, 79, 166, 94, 0, 1.63%, 49, 0, 5, 34.16, 525398, 1066
5219, 7, 89, 166, 94, 0, 1.63%, 49, 0, 5, 4.69, 525630, 1066
5225, 7, 2, 166, 93, 0, 1.63%, 49, 0, 5, 28.50, 526437, 1066
5230, 7, 19, 166, 93, 0, 1.63%, 49, 0, 5, 122.83, 527017, 1066
5235, 7, 8, 166, 93, 0, 1.63%, 49, 0, 5, 63.06, 527654, 1066
5240, 7, 97, 166, 93, 0, 1.63%, 49, 0, 5, 358.29, 528872, 1066
5245, 7, 131, 166, 93, 0, 1.63%, 49, 0, 5, 37.30, 529245, 1066
5250, 7, 131, 166, 93, 0, 1.63%, 49, 0, 5, 44.55, 529476, 1066
5255, 7, 131, 166, 93, 0, 1.63%, 49, 0, 5, 24.64, 529633, 1066
5260, 7, 19, 166, 93, 0, 1.63%, 49, 0, 5, 392.82, 530285, 1066
5266, 7, 2, 166, 93, 0, 1.63%, 49, 0, 5, 259.82, 531123, 1066
5271, 7, 19, 166, 93, 0, 1.63%, 49, 0, 5, 206.71, 531974, 1066
5276, 7, 2, 166, 93, 0, 1.63%, 49, 0, 5, 169.55, 532955, 1066
5281, 7, 19, 166, 93, 0, 1.63%, 49, 0, 5, 264.71, 533929, 1066
5287, 7, 123, 166, 93, 0, 1.63%, 49, 0, 5, 7.00, 534307, 1066
5292, 7, 123, 166, 93, 0, 1.63%, 49, 0, 5, 47.81, 534532, 1066
5297, 7, 123, 166, 93, 0, 1.63%, 49, 0, 5, 50.91, 534815, 1066
5303, 7, 123, 166, 93, 0, 1.63%, 49, 0, 5, 58.26, 535082, 1066
5308, 7, 19, 166, 93, 0, 1.63%, 49, 0, 5, 207.13, 535569, 1066
5313, 7, 2, 166, 93, 0, 1.63%, 49, 0, 5, 100.91, 536335, 1066
5318, 7, 31, 166, 93, 0, 1.63%, 49, 0, 5, 207.71, 537088, 1066
5323, 7, 19, 166, 93, 0, 1.63%, 49, 0, 5, 95.40, 537533, 1066
5328, 7, 148, 166, 93, 0, 1.63%, 49, 0, 5, 33.98, 538110, 1066
5333, 7, 148, 166, 93, 0, 1.63%, 49, 0, 5, 43.27, 538445, 1066
5338, 8, 31, 166, 93, 0, 1.63%, 49, 0, 5, 142.12, 539335, 1066
5343, 8, 19, 166, 93, 0, 1.63%, 49, 0, 5, 196.51, 539843, 1066
5348, 8, 19, 166, 93, 0, 1.63%, 49, 0, 5, 192.77, 540792, 1066
5353, 8, 31, 166, 93, 0, 1.63%, 49, 0, 5, 25.70, 541934, 1066
5358, 8, 2, 166, 93, 0, 1.63%, 49, 0, 5, 254.22, 542569, 1066
5363, 8, 131, 166, 93, 0, 1.63%, 49, 0, 5, 29.25, 542967, 1066
5368, 8, 131, 166, 93, 0, 1.63%, 49, 0, 5, 47.98, 543243, 1066
5374, 8, 131, 166, 93, 0, 1.63%, 49, 0, 5, 37.75, 543453, 1066
5379, 8, 31, 166, 93, 0, 1.63%, 49, 0, 5, 22.89, 543813, 1066
5384, 8, 31, 166, 93, 0, 1.63%, 49, 0, 5, 261.87, 544690, 1066
5389, 8, 19, 166, 93, 0, 1.63%, 49, 0, 5, 20.54, 545239, 1066
5394, 8, 19, 166, 93, 0, 1.63%, 49, 0, 5, 40.68, 545528, 1066
5399, 8, 19, 166, 93, 0, 1.63%, 49, 0, 5, 194.29, 546473, 1066
5404, 8, 67, 166, 93, 0, 1.63%, 49, 0, 5, 36.27, 546888, 1066
5409, 8, 8, 166, 93, 0, 1.63%, 49, 0, 5, 610.58, 548275, 1066
5415, 8, 8, 166, 93, 0, 1.63%, 49, 0, 5, 26.98, 549401, 1066
5420, 8, 57, 166, 93, 0, 1.63%, 49, 0, 5, 77.80, 549967, 1066
5425, 8, 2, 166, 93, 0, 1.63%, 49, 0, 5, 39.31, 550199, 1066
5430, 8, 19, 166, 93, 0, 1.63%, 49, 0, 5, 44.64, 551085, 1066
5435, 8, 94, 166, 93, 0, 1.63%, 49, 0, 5, 146.49, 551863, 1066
5440, 8, 34, 166, 93, 0, 1.63%, 49, 0, 5, 96.70, 552639, 1066
5445, 8, 8, 166, 93, 0, 1.63%, 49, 0, 5, 192.70, 553571, 1066
5450, 8, 31, 166, 93, 0, 1.63%, 49, 0, 5, 23.57, 554410, 1066
5457, 8, 2, 166, 93, 0, 1.63%, 49, 0, 5, 5.14, 555055, 1066
5462, 8, 2, 166, 93, 0, 1.63%, 49, 0, 5, 303.93, 555737, 1066
5467, 8, 2, 166, 93, 0, 1.63%, 49, 0, 5, 155.74, 556552, 1066
5472, 8, 131, 166, 93, 0, 1.63%, 49, 0, 5, 30.87, 557274, 1066
5477, 8, 131, 166, 93, 0, 1.63%, 49, 0, 5, 30.78, 557432, 1066
5482, 8, 131, 166, 93, 0, 1.63%, 49, 0, 5, 24.05, 557649, 1066
5487, 8, 131, 166, 93, 0, 1.63%, 49, 0, 5, 32.59, 557827, 1066
5492, 8, 31, 166, 93, 0, 1.63%, 49, 0, 5, 316.08, 558024, 1066
5497, 8, 8, 166, 93, 0, 1.63%, 49, 0, 5, 295.44, 558910, 1066
5503, 8, 2, 166, 93, 0, 1.63%, 49, 0, 5, 344.52, 560067, 1066
5508, 8, 64, 166, 93, 0, 1.63%, 49, 0, 5, 28.64, 561121, 1066
5513, 8, 94, 166, 93, 0, 1.63%, 49, 0, 5, 431.36, 561474, 1066
5518, 8, 19, 166, 93, 0, 1.63%, 49, 0, 5, 223.33, 562456, 1066
5525, 8, 67, 166, 93, 0, 1.63%, 49, 0, 5, 2.14, 563112, 1066
5530, 8, 2, 166, 93, 0, 1.63%, 49, 0, 5, 95.31, 563555, 1066
5535, 8, 31, 166, 93, 0, 1.63%, 49, 0, 5, 23.72, 564263, 1066
5540, 8, 19, 166, 93, 0, 1.63%, 49, 0, 5, 167.22, 565107, 1066
5545, 8, 8, 166, 93, 0, 1.63%, 49, 0, 5, 230.97, 566046, 1066
5550, 8, 8, 166, 93, 0, 1.63%, 49, 0, 5, 22.39, 567028, 1066
5556, 8, 8, 166, 93, 0, 1.63%, 49, 0, 5, 283.50, 568058, 1066
5561, 8, 8, 166, 93, 0, 1.63%, 49, 0, 5, 190.08, 568390, 1066
5566, 8, 77, 166, 93, 0, 1.63%, 49, 0, 5, 27.61, 568943, 1066
5571, 8, 77, 166, 93, 0, 1.63%, 49, 0, 5, 30.71, 569106, 1066
5576, 8, 77, 166, 93, 0, 1.63%, 49, 0, 5, 29.01, 569256, 1066
5581, 8, 2, 166, 93, 0, 1.63%, 49, 0, 5, 68.07, 569583, 1066
5586, 8, 2, 166, 93, 0, 1.63%, 49, 0, 5, 89.89, 570020, 1066
5593, 8, 19, 166, 93, 0, 1.63%, 49, 0, 5, 8.78, 570899, 1066
5598, 8, 19, 166, 93, 0, 1.63%, 49, 0, 5, 260.38, 571766, 1066
5603, 8, 8, 166, 93, 0, 1.63%, 49, 0, 5, 214.52, 572858, 1066
5608, 8, 2, 166, 93, 0, 1.63%, 49, 0, 5, 198.56, 573820, 1066
5613, 8, 19, 166, 93, 0, 1.63%, 49, 0, 5, 116.30, 574871, 1066
5618, 8, 2, 166, 93, 0, 1.63%, 49, 0, 5, 164.16, 575736, 1066
5623, 8, 31, 166, 93, 0, 1.63%, 49, 0, 5, 150.49, 576495, 1066
5628, 8, 2, 166, 93, 0, 1.63%, 49, 0, 5, 140.00, 576810, 1066
5633, 8, 31, 166, 92, 0, 1.63%, 49, 0, 5, 153.75, 577386, 1066
5638, 8, 19, 166, 92, 0, 1.63%, 49, 0, 5, 446.00, 578298, 1066
5644, 8, 19, 166, 92, 0, 1.63%, 49, 0, 5, 172.53, 579300, 1066
5649, 8, 2, 166, 92, 0, 1.63%, 49, 0, 5, 29.80, 580047, 1066
5654, 8, 18, 166, 92, 0, 1.63%, 49, 0, 5, 28.84, 580609, 1066
5661, 8, 18, 166, 92, 0, 1.63%, 49, 0, 5, 2.13, 580777, 1066
5666, 8, 19, 166, 92, 0, 1.63%, 49, 0, 5, 196.77, 581474, 1066
5671, 8, 102, 166, 92, 0, 1.63%, 49, 0, 5, 28.69, 581846, 1066
5676, 8, 102, 166, 92, 0, 1.63%, 49, 0, 5, 53.17, 582142, 1066
5681, 8, 2, 166, 92, 0, 1.63%, 49, 0, 5, 184.47, 582803, 1066
5686, 8, 19, 166, 92, 0, 1.63%, 49, 0, 5, 195.54, 583889, 1066
5691, 8, 148, 166, 92, 0, 1.63%, 49, 0, 5, 29.26, 584329, 1066
5696, 8, 148, 166, 92, 0, 1.63%, 49, 0, 5, 35.57, 584442, 1066
5701, 8, 148, 166, 92, 0, 1.63%, 49, 0, 5, 44.02, 584693, 1066
5706, 8, 93, 166, 92, 0, 1.63%, 49, 0, 5, 267.20, 585656, 1066
5712, 8, 31, 166, 92, 0, 1.63%, 49, 0, 5, 27.45, 586858, 1066
5717, 8, 19, 166, 92, 0, 1.63%, 49, 0, 5, 38.96, 587707, 1066
5722, 8, 31, 166, 92, 0, 1.63%, 49, 0, 5, 27.27, 588454, 1066
5728, 8, 94, 166, 92, 0, 1.63%, 49, 0, 5, 12.60, 589219, 1066
5734, 8, 19, 166, 92, 0, 1.63%, 49, 0, 5, 163.48, 590275, 1066
5739, 8, 8, 166, 92, 0, 1.63%, 49, 0, 5, 302.07, 591235, 1066
5744, 8, 94, 166, 92, 0, 1.63%, 49, 0, 5, 381.22, 592593, 1066
5749, 8, 67, 166, 92, 0, 1.63%, 49, 0, 5, 65.96, 593366, 1066
5754, 8, 154, 166, 92, 0, 1.63%, 49, 0, 5, 82.51, 593830, 1066
5759, 8, 154, 166, 92, 0, 1.63%, 49, 0, 5, 41.38, 593996, 1066
5764, 8, 2, 166, 91, 0, 1.63%, 49, 0, 5, 30.53, 594281, 1066
5769, 8, 8, 166, 91, 0, 1.63%, 49, 0, 5, 418.63, 595061, 1066
5774, 8, 8, 166, 91, 0, 1.63%, 49, 0, 5, 339.20, 596260, 1066
5779, 8, 31, 166, 91, 0, 1.63%, 49, 0, 5, 186.52, 597276, 1066
5785, 8, 18, 166, 91, 0, 1.63%, 49, 0, 5, 65.42, 598324, 1066
5790, 8, 18, 166, 91, 0, 1.63%, 49, 0, 5, 63.25, 598656, 1066
5796, 8, 19, 166, 91, 0, 1.63%, 49, 0, 5, 26.87, 599127, 1066
5802, 8, 19, 166, 91, 0, 1.63%, 49, 0, 5, 165.33, 599819, 1066
5807, 8, 31, 166, 91, 0, 1.63%, 49, 0, 5, 136.52, 600544, 1066
5812, 8, 31, 166, 91, 0, 1.63%, 49, 0, 5, 164.37, 601383, 1066
5817, 8, 108, 166, 91, 0, 1.63%, 49, 0, 5, 80.92, 601638, 1066
5822, 8, 108, 166, 91, 0, 1.63%, 49, 0, 5, 61.78, 601916, 1066
5827, 8, 19, 166, 90, 0, 1.63%, 49, 0, 5, 27.49, 602591, 1066
5832, 8, 11, 166, 90, 0, 1.63%, 49, 0, 5, 63.44, 602998, 1066
5837, 8, 11, 166, 90, 0, 1.63%, 49, 0, 5, 43.97, 603226, 1066
5843, 8, 11, 166, 90, 0, 1.63%, 49, 0, 5, 37.11, 603397, 1066
5848, 8, 31, 166, 90, 0, 1.63%, 49, 0, 5, 313.43, 603775, 1066
5853, 8, 31, 166, 89, 0, 1.63%, 49, 0, 5, 72.28, 604165, 1066
5858, 8, 123, 166, 89, 0, 1.63%, 49, 0, 5, 93.06, 604701, 1066
5864, 8, 123, 166, 89, 0, 1.63%, 49, 0, 5, 1.17, 604926, 1066
5869, 8, 123, 166, 89, 0, 1.63%, 49, 0, 5, 40.04, 605143, 1066
5874, 8, 123, 166, 89, 0, 1.63%, 49, 0, 5, 33.43, 605317, 1066
5880, 8, 123, 166, 89, 0, 1.63%, 49, 0, 5, 44.26, 605568, 1066
5885, 8, 19, 166, 89, 0, 1.63%, 49, 0, 5, 250.10, 606210, 1066
5890, 8, 100, 166, 89, 0, 1.63%, 49, 0, 5, 42.04, 606733, 1066
5895, 8, 94, 166, 89, 0, 1.63%, 49, 0, 5, 254.71, 607328, 1066
5900, 8, 8, 166, 89, 0, 1.63%, 49, 0, 5, 180.57, 608150, 1066
5905, 8, 123, 166, 89, 0, 1.63%, 49, 0, 5, 77.73, 609235, 1066
5910, 8, 123, 166, 89, 0, 1.63%, 49, 0, 5, 76.28, 609597, 1066
5915, 8, 123, 166, 89, 0, 1.63%, 49, 0, 5, 68.11, 609925, 1066
5920, 9, 19, 166, 89, 0, 1.63%, 49, 0, 5, 330.00, 610392, 1066
5926, 9, 67, 166, 89, 0, 1.63%, 49, 0, 5, 67.12, 611023, 1066
5932, 9, 133, 166, 89, 0, 1.63%, 49, 0, 5, 4.90, 611348, 1066
5937, 9, 8, 166, 88, 0, 1.63%, 49, 0, 5, 152.19, 612201, 1066
5942, 9, 2, 166, 88, 0, 1.63%, 49, 0, 5, 258.27, 613373, 1066
5947, 9, 31, 166, 88, 0, 1.63%, 49, 0, 5, 191.38, 614444, 1066
5953, 9, 131, 166, 88, 0, 1.63%, 49, 0, 5, 47.92, 614944, 1066
5958, 9, 131, 166, 88, 0, 1.63%, 49, 0, 5, 43.51, 615189, 1066
5963, 9, 131, 166, 88, 0, 1.63%, 49, 0, 5, 35.02, 615361, 1066
5968, 9, 63, 166, 88, 0, 1.63%, 49, 0, 5, 410.68, 615785, 1066
5973, 9, 8, 166, 88, 0, 1.63%, 49, 0, 5, 144.86, 616408, 1066
5978, 9, 8, 166, 88, 0, 1.63%, 49, 0, 5, 192.94, 617172, 1066
5983, 9, 100, 166, 88, 0, 1.63%, 49, 0, 5, 66.95, 618167, 1066
5988, 9, 2, 166, 88, 0, 1.63%, 49, 0, 5, 80.78, 618534, 1066
5994, 9, 8, 166, 88, 0, 1.63%, 49, 0, 5, 145.02, 619172, 1066
6000, 9, 8, 166, 88, 0, 1.63%, 49, 0, 5, 23.28, 619907, 1066
6005, 9, 2, 166, 88, 0, 1.63%, 49, 0, 5, 234.91, 620890, 1066
6010, 9, 2, 166, 88, 0, 1.63%, 49, 0, 5, 254.39, 621886, 1066
6015, 9, 2, 166, 88, 0, 1.63%, 49, 0, 5, 250.37, 623079, 1066
6020, 9, 2, 166, 88, 0, 1.63%, 49, 0, 5, 166.67, 623644, 1066
6026, 9, 113, 166, 88, 0, 1.63%, 49, 0, 5, 124.43, 624343, 1066
6031, 9, 100, 166, 88, 0, 1.63%, 49, 0, 5, 43.29, 624615, 1066
6036, 9, 2, 166, 88, 0, 1.63%, 49, 0, 5, 229.47, 624954, 1066
6041, 9, 19, 166, 88, 0, 1.63%, 49, 0, 5, 116.46, 625602, 1066
6046, 9, 2, 166, 88, 0, 1.63%, 49, 0, 5, 153.61, 626491, 1066
6051, 9, 31, 166, 88, 0, 1.63%, 49, 0, 5, 341.77, 627478, 1066
6056, 9, 19, 166, 88, 0, 1.63%, 49, 0, 5, 185.91, 628536, 1066
6061, 9, 8, 166, 88, 0, 1.63%, 49, 0, 5, 171.36, 629365, 1066
6066, 9, 8, 166, 88, 0, 1.63%, 49, 0, 5, 194.31, 630033, 1066
6071, 9, 8, 166, 88, 0, 1.63%, 49, 0, 5, 355.29, 630709, 1066
6076, 9, 8, 166, 88, 0, 1.63%, 49, 0, 5, 23.10, 631382, 1066
6081, 9, 19, 166, 88, 0, 1.63%, 49, 0, 5, 283.58, 632452, 1066
6087, 9, 2, 166, 88, 0, 1.63%, 49, 0, 5, 23.00, 632970, 1066
6092, 9, 2, 166, 88, 0, 1.63%, 49, 0, 5, 209.88, 633555, 1066
6097, 9, 2, 166, 88, 0, 1.63%, 49, 0, 5, 22.95, 633700, 1066
6102, 9, 19, 166, 88, 0, 1.63%, 49, 0, 5, 0.56, 634165, 1066
6107, 9, 19, 166, 88, 0, 1.63%, 49, 0, 5, 192.47, 634953, 1066
6112, 9, 19, 166, 88, 0, 1.63%, 49, 0, 5, 147.97, 635674, 1066
6117, 9, 131, 166, 88, 0, 1.63%, 49, 0, 5, 28.37, 635844, 1066
6122, 9, 131, 166, 88, 0, 1.63%, 49, 0, 5, 32.25, 636002, 1066
6128, 9, 131, 166, 88, 0, 1.63%, 49, 0, 5, 30.67, 636150, 1066
6133, 9, 131, 166, 88, 0, 1.63%, 49, 0, 5, 26.69, 636285, 1066
6138, 9, 131, 166, 88, 0, 1.63%, 49, 0, 5, 23.13, 636363, 1066
6143, 9, 19, 166, 88, 0, 1.63%, 49, 0, 5, 232.13, 636842, 1066
6148, 9, 19, 166, 88, 0, 1.63%, 49, 0, 5, 38.99, 637055, 1066
6153, 9, 19, 166, 88, 0, 1.63%, 49, 0, 5, 32.09, 637219, 1066
6158, 9, 19, 166, 88, 0, 1.63%, 49, 0, 5, 22.73, 637595, 1066
6163, 9, 2, 166, 88, 0, 1.63%, 49, 0, 5, 51.21, 638072, 1066
6170, 9, 2, 166, 88, 0, 1.63%, 49, 0, 5, 1.60, 638186, 1066
6175, 9, 2, 166, 88, 0, 1.63%, 49, 0, 5, 23.38, 638334, 1066
6180, 9, 94, 166, 88, 0, 1.63%, 49, 0, 5, 241.11, 638746, 1066
6185, 9, 19, 166, 88, 0, 1.63%, 49, 0, 5, 23.22, 638959, 1066
6190, 9, 19, 166, 88, 0, 1.63%, 49, 0, 5, 23.26, 639153, 1066
6196, 9, 19, 166, 88, 0, 1.63%, 49, 0, 5, 22.89, 639387, 1066
6201, 9, 19, 166, 88, 0, 1.63%, 49, 0, 5, 29.30, 639626, 1066
6206, 9, 2, 166, 88, 0, 1.63%, 49, 0, 5, 22.75, 639701, 1066
6211, 9, 2, 166, 88, 0, 1.63%, 49, 0, 5, 35.72, 639874, 1066
6216, 9, 42, 166, 88, 0, 1.63%, 49, 0, 5, 36.67, 640056, 1066
6221, 9, 19, 166, 88, 0, 1.63%, 49, 0, 5, 33.25, 640310, 1066
6226, 9, 19, 166, 88, 0, 1.63%, 49, 0, 5, 33.22, 640477, 1066
6231, 9, 19, 166, 88, 0, 1.63%, 49, 0, 5, 205.54, 640728, 1066
6236, 9, 40, 166, 88, 0, 1.63%, 49, 0, 5, 22.65, 640844, 1066
6241, 9, 40, 166, 88, 0, 1.63%, 49, 0, 5, 22.86, 640920, 1066
6246, 9, 2, 166, 88, 0, 1.63%, 49, 0, 5, 26.41, 641060, 1066
6251, 9, 2, 166, 88, 0, 1.63%, 49, 0, 5, 23.53, 641175, 1066
6256, 9, 2, 166, 88, 0, 1.63%, 49, 0, 5, 22.75, 641290, 1066
6262, 9, 19, 166, 88, 0, 1.63%, 49, 0, 5, 231.99, 642065, 1066
6267, 9, 92, 166, 88, 0, 1.63%, 49, 0, 5, 286.41, 642632, 1066
6272, 9, 31, 166, 88, 0, 1.63%, 49, 0, 5, 1.11, 643364, 1066
6277, 9, 31, 166, 88, 0, 1.63%, 49, 0, 5, 226.51, 644189, 1066
6282, 9, 2, 166, 88, 0, 1.63%, 49, 0, 5, 24.29, 645177, 1066
6288, 9, 19, 166, 88, 0, 1.63%, 49, 0, 5, 162.50, 645780, 1066
6293, 9, 31, 166, 88, 0, 1.63%, 49, 0, 5, 204.80, 646613, 1066
6298, 9, 19, 166, 88, 0, 1.63%, 49, 0, 5, 52.66, 647322, 1066
6303, 9, 40, 166, 88, 0, 1.63%, 49, 0, 5, 25.81, 647997, 1066
6308, 9, 40, 166, 88, 0, 1.63%, 49, 0, 5, 153.06, 648180, 1066
6313, 9, 18, 166, 88, 0, 1.63%, 49, 0, 5, 26.61, 648574, 1066
6318, 9, 18, 167, 89, 0, 1.63%, 49, 0, 5, 126.45, 648803, 1066
6323, 9, 8, 167, 89, 0, 1.63%, 49, 0, 5, 23.06, 649440, 1066
6328, 9, 56, 167, 89, 0, 1.63%, 49, 0, 5, 247.38, 650454, 1066
6333, 9, 19, 167, 89, 0, 1.63%, 49, 0, 5, 176.88, 651177, 1066
6338, 9, 19, 167, 89, 0, 1.63%, 49, 0, 5, 211.72, 652299, 1066
6343, 9, 2, 167, 89, 0, 1.63%, 49, 0, 5, 271.96, 653015, 1066
6348, 9, 8, 167, 89, 0, 1.63%, 49, 0, 5, 289.58, 653958, 1066
6354, 9, 8, 167, 89, 0, 1.63%, 49, 0, 5, 69.44, 654708, 1066
6359, 9, 8, 167, 89, 0, 1.63%, 49, 0, 5, 277.06, 655814, 1066
6364, 9, 113, 167, 89, 0, 1.63%, 49, 0, 5, 41.83, 656911, 1066
6369, 9, 11, 167, 89, 0, 1.63%, 49, 0, 5, 33.97, 657473, 1066
6374, 9, 11, 167, 89, 0, 1.63%, 49, 0, 5, 2.59, 657566, 1066
6379, 9, 11, 167, 89, 0, 1.63%, 49, 0, 5, 57.47, 657785, 1066
6384, 9, 2, 167, 89, 0, 1.63%, 49, 0, 5, 309.13, 658243, 1066
6390, 9, 19, 167, 89, 0, 1.63%, 49, 0, 5, 62.49, 659216, 1066
6395, 9, 19, 167, 89, 0, 1.63%, 49, 0, 5, 196.97, 660100, 1066
6400, 9, 42, 167, 89, 0, 1.63%, 49, 0, 5, 217.23, 661132, 1066
6405, 9, 123, 167, 89, 0, 1.63%, 49, 0, 5, 34.59, 661988, 1066
6410, 9, 123, 167, 89, 0, 1.63%, 49, 0, 5, 40.26, 662109, 1066
6415, 9, 123, 167, 89, 0, 1.63%, 49, 0, 5, 35.45, 662296, 1066
6420, 9, 123, 167, 89, 0, 1.63%, 49, 0, 5, 44.49, 662517, 1066
6425, 9, 31, 167, 89, 0, 1.63%, 49, 0, 5, 98.95, 663141, 1066
6430, 9, 123, 167, 89, 0, 1.63%, 49, 0, 5, 37.74, 664069, 1066
6436, 9, 123, 167, 89, 0, 1.63%, 49, 0, 5, 38.30, 664279, 1066
6442, 9, 123, 167, 89, 0, 1.63%, 49, 0, 5, 2.70, 664556, 1066
6447, 9, 142, 167, 89, 0, 1.63%, 49, 0, 5, 117.28, 665158, 1066
6453, 9, 19, 167, 88, 0, 1.63%, 49, 0, 5, 71.17, 665451, 1066
6458, 9, 8, 167, 88, 0, 1.63%, 49, 0, 5, 303.70, 666838, 1066
6463, 9, 19, 167, 88, 0, 1.63%, 49, 0, 5, 62.45, 668235, 1066
6468, 9, 18, 167, 88, 0, 1.63%, 49, 0, 5, 115.53, 668940, 1066
6473, 9, 18, 167, 88, 0, 1.63%, 49, 0, 5, 134.98, 669283, 1066
6478, 9, 19, 167, 88, 0, 1.63%, 49, 0, 5, 273.19, 669898, 1066
6483, 9, 31, 167, 88, 0, 1.63%, 49, 0, 5, 33.62, 670537, 1066
6489, 9, 8, 167, 88, 0, 1.63%, 49, 0, 5, 335.21, 671536, 1066
6494, 9, 19, 167, 88, 0, 1.63%, 49, 0, 5, 110.80, 672637, 1066
6499, 9, 67, 167, 88, 0, 1.63%, 49, 0, 5, 30.89, 673828, 1066
6504, 9, 19, 167, 88, 0, 1.63%, 49, 0, 5, 133.12, 674532, 1066
6510, 9, 2, 167, 88, 0, 1.63%, 49, 0, 5, 3.41, 675361, 1066
6515, 9, 8, 167, 88, 0, 1.63%, 49, 0, 5, 252.93, 676684, 1066
6520, 9, 19, 167, 88, 0, 1.63%, 49, 0, 5, 235.00, 677966, 1066
6525, 9, 2, 167, 88, 0, 1.63%, 49, 0, 5, 206.74, 679010, 1066
6531, 9, 2, 167, 88, 0, 1.63%, 49, 0, 5, 103.92, 679713, 1066
6536, 9, 19, 167, 88, 0, 1.63%, 49, 0, 5, 349.71, 680781, 1066
6541, 9, 34, 167, 88, 0, 1.63%, 49, 0, 5, 66.31, 681262, 1066
6546, 9, 8, 167, 88, 0, 1.63%, 49, 0, 5, 75.58, 681615, 1066
6551, 9, 8, 167, 88, 0, 1.63%, 49, 0, 5, 195.12, 682571, 1066
6556, 9, 2, 167, 88, 0, 1.63%, 49, 0, 5, 270.28, 683869, 1066
6561, 9, 2, 167, 88, 0, 1.63%, 49, 0, 5, 294.39, 684695, 1066
6566, 9, 28, 167, 88, 0, 1.63%, 49, 0, 5, 260.00, 685453, 1066
6571, 10, 8, 167, 88, 0, 1.63%, 49, 0, 5, 494.52, 686821, 1066
6578, 10, 57, 167, 88, 0, 1.63%, 49, 0, 5, 4.05, 688083, 1066
6583, 10, 8, 167, 88, 0, 1.63%, 49, 0, 5, 276.01, 689255, 1066
6588, 10, 2, 167, 88, 0, 1.63%, 49, 0, 5, 281.56, 690743, 1066
6593, 10, 19, 167, 88, 0, 1.63%, 49, 0, 5, 409.65, 691629, 1066
6598, 10, 2, 167, 88, 0, 1.63%, 49, 0, 5, 175.36, 692179, 1066
6604, 10, 94, 167, 88, 0, 1.63%, 49, 0, 5, 243.92, 693239, 1066
6609, 10, 8, 167, 88, 0, 1.63%, 49, 0, 5, 164.17, 694397, 1066
6614, 10, 8, 167, 88, 0, 1.63%, 49, 0, 5, 400.01, 694877, 1066
6619, 10, 67, 167, 88, 0, 1.63%, 49, 0, 5, 33.77, 695593, 1066
6624, 10, 19, 167, 88, 0, 1.63%, 49, 0, 5, 293.88, 696088, 1066
6629, 10, 2, 167, 88, 0, 1.63%, 49, 0, 5, 333.29, 697051, 1066
6634, 10, 2, 167, 88, 0, 1.63%, 49, 0, 5, 43.58, 697774, 1066
6639, 10, 31, 167, 88, 0, 1.63%, 49, 0, 5, 73.57, 698375, 1066
6646, 10, 31, 167, 88, 0, 1.63%, 49, 0, 5, 1.13, 699274, 1066
6651, 10, 67, 167, 88, 0, 1.63%, 49, 0, 5, 46.10, 699701, 1066
6656, 10, 93, 167, 88, 0, 1.63%, 49, 0, 5, 173.52, 700642, 1066
6662, 10, 19, 167, 88, 0, 1.63%, 49, 0, 5, 203.13, 701874, 1066
6667, 10, 2, 167, 88, 0, 1.63%, 49, 0, 5, 27.62, 703030, 1066
6672, 10, 19, 167, 88, 0, 1.63%, 49, 0, 5, 144.80, 703861, 1066
6677, 10, 31, 167, 88, 0, 1.63%, 49, 0, 5, 22.95, 704216, 1066
6682, 10, 19, 167, 88, 0, 1.63%, 49, 0, 5, 72.58, 704546, 1066
6687, 10, 19, 167, 88, 0, 1.63%, 49, 0, 5, 192.47, 705621, 1066
6692, 10, 19, 167, 87, 0, 1.63%, 49, 0, 5, 82.86, 706582, 1066
6698, 10, 19, 167, 87, 0, 1.63%, 49, 0, 5, 149.00, 707429, 1066
6703, 10, 8, 167, 87, 0, 1.63%, 49, 0, 5, 159.69, 708262, 1066
6708, 10, 31, 167, 87, 0, 1.63%, 49, 0, 5, 248.05, 709639, 1066
6714, 10, 8, 167, 87, 0, 1.63%, 49, 0, 5, 5.97, 710563, 1066
6719, 10, 31, 167, 87, 0, 1.63%, 49, 0, 5, 268.39, 711455, 1066
6724, 10, 31, 167, 87, 0, 1.63%, 49, 0, 5, 241.24, 712362, 1066
6729, 10, 67, 167, 87, 0, 1.63%, 49, 0, 5, 36.54, 712782, 1066
6735, 10, 19, 167, 87, 0, 1.63%, 49, 0, 5, 233.57, 713708, 1066
6740, 10, 77, 167, 87, 0, 1.63%, 49, 0, 5, 26.38, 714565, 1066
6745, 10, 77, 167, 87, 0, 1.63%, 49, 0, 5, 26.86, 714705, 1066
6750, 10, 77, 167, 87, 0, 1.63%, 49, 0, 5, 31.18, 714845, 1066
6755, 10, 19, 167, 87, 0, 1.63%, 49, 0, 5, 106.08, 715544, 1066
6760, 10, 31, 167, 87, 0, 1.63%, 49, 0, 5, 39.77, 716433, 1066
6765, 10, 8, 167, 87, 0, 1.63%, 49, 0, 5, 331.72, 717790, 1066
6770, 10, 2, 167, 87, 0, 1.63%, 49, 0, 5, 405.64, 718848, 1066
6775, 10, 19, 167, 87, 0, 1.63%, 49, 0, 5, 385.00, 720072, 1066
6782, 10, 2, 167, 87, 0, 1.63%, 49, 0, 5, 20.47, 720936, 1066
6787, 10, 19, 167, 87, 0, 1.63%, 49, 0, 5, 322.44, 721724, 1066
6792, 10, 102, 167, 87, 0, 1.63%, 49, 0, 5, 41.43, 722241, 1066
6797, 10, 102, 167, 87, 0, 1.63%, 49, 0, 5, 73.11, 722596, 1066
6802, 10, 34, 167, 87, 0, 1.63%, 49, 0, 5, 122.50, 723177, 1066
6807, 10, 8, 167, 87, 0, 1.63%, 49, 0, 5, 27.87, 724506, 1066
6813, 10, 8, 167, 87, 0, 1.63%, 49, 0, 5, 216.72, 725533, 1066
6818, 10, 8, 167, 87, 0, 1.63%, 49, 0, 5, 79.32, 726415, 1066
6823, 10, 31, 167, 87, 0, 1.63%, 49, 0, 5, 60.00, 727404, 1066
6828, 10, 77, 167, 87, 0, 1.63%, 49, 0, 5, 27.80, 727676, 1066
6833, 10, 77, 167, 87, 0, 1.63%, 49, 0, 5, 29.44, 727837, 1066
6838, 10, 14, 167, 87, 0, 1.63%, 49, 0, 5, 33.47, 728378, 1066
6843, 10, 14, 167, 87, 0, 1.63%, 49, 0, 5, 39.85, 728586, 1066
6850, 10, 31, 167, 87, 0, 1.63%, 49, 0, 5, 2.11, 728909, 1066
6855, 10, 8, 167, 87, 0, 1.63%, 49, 0, 5, 281.98, 730185, 1066
6860, 10, 95, 167, 87, 0, 1.63%, 49, 0, 5, 419.58, 731550, 1066
6865, 10, 11, 167, 87, 0, 1.63%, 49, 0, 5, 23.72, 732493, 1066
6871, 10, 11, 167, 87, 0, 1.63%, 49, 0, 5, 33.62, 732659, 1066
6876, 10, 11, 167, 87, 0, 1.63%, 49, 0, 5, 40.58, 732889, 1066
6881, 10, 19, 167, 87, 0, 1.63%, 49, 0, 5, 45.17, 733137, 1066
6886, 10, 31, 167, 87, 0, 1.63%, 49, 0, 5, 228.46, 733633, 1066
6891, 10, 19, 167, 87, 0, 1.63%, 49, 0, 5, 23.07, 734312, 1066
6896, 10, 8, 167, 87, 0, 1.63%, 49, 0, 5, 291.91, 735082, 1066
6901, 10, 2, 167, 87, 0, 1.63%, 49, 0, 5, 296.24, 736394, 1066
6906, 10, 19, 167, 87, 0, 1.63%, 49, 0, 5, 224.51, 737347, 1066
6911, 10, 31, 167, 87, 0, 1.63%, 49, 0, 5, 134.62, 737852, 1066
6918, 10, 8, 167, 87, 0, 1.63%, 49, 0, 5, 19.77, 738893, 1066
6923, 10, 8, 167, 87, 0, 1.63%, 49, 0, 5, 56.14, 740049, 1066
6928, 10, 94, 167, 87, 0, 1.63%, 49, 0, 5, 167.21, 740891, 1066
6933, 10, 2, 167, 87, 0, 1.63%, 49, 0, 5, 209.27, 742059, 1066
6939, 10, 57, 167, 87, 0, 1.63%, 49, 0, 5, 300.57, 743356, 1066
6944, 10, 19, 167, 87, 0, 1.63%, 49, 0, 5, 259.02, 744098, 1066
6949, 10, 2, 167, 87, 0, 1.63%, 49, 0, 5, 350.27, 745145, 1066
6954, 10, 2, 167, 87, 0, 1.63%, 49, 0, 5, 195.99, 745907, 1066
6959, 10, 8, 167, 87, 0, 1.63%, 49, 0, 5, 26.53, 746796, 1066
6964, 10, 8, 167, 87, 0, 1.63%, 49, 0, 5, 219.19, 747589, 1066
6969, 10, 2, 167, 87, 0, 1.63%, 49, 0, 5, 389.01, 748862, 1066
6974, 10, 19, 167, 87, 0, 1.63%, 49, 0, 5, 152.85, 749803, 1066
6979, 10, 31, 167, 87, 0, 1.63%, 49, 0, 5, 23.70, 750700, 1066
6986, 10, 8, 167, 87, 0, 1.63%, 49, 0, 5, 26.75, 751754, 1066
6991, 10, 8, 167, 87, 0, 1.63%, 49, 0, 5, 258.68, 753029, 1066
6996, 10, 82, 167, 87, 0, 1.63%, 49, 0, 5, 38.74, 753410, 1066
7001, 10, 8, 167, 87, 0, 1.63%, 49, 0, 5, 252.28, 754352, 1066
7007, 10, 8, 167, 87, 0, 1.63%, 49, 0, 5, 195.99, 755309, 1066
7012, 10, 41, 167, 87, 0, 1.63%, 49, 0, 5, 97.96, 756343, 1066
7017, 10, 19, 167, 87, 0, 1.63%, 49, 0, 5, 219.53, 757606, 1066
7022, 10, 19, 167, 87, 0, 1.63%, 49, 0, 5, 273.62, 758221, 1066
7027, 11, 31, 167, 87, 0, 1.63%, 49, 0, 5, 226.42, 759206, 1066
7032, 11, 94, 167, 87, 0, 1.63%, 49, 0, 5, 462.38, 760348, 1066
7037, 11, 8, 167, 87, 0, 1.63%, 49, 0, 5, 230.40, 761420, 1066
7042, 11, 19, 167, 87, 0, 1.63%, 49, 0, 5, 236.69, 762685, 1066
7048, 11, 131, 167, 87, 0, 1.63%, 49, 0, 5, 42.19, 763148, 1066
7054, 11, 131, 167, 87, 0, 1.63%, 49, 0, 5, 6.55, 763345, 1066
7059, 11, 131, 167, 87, 0, 1.63%, 49, 0, 5, 34.96, 763539, 1066
7064, 11, 113, 167, 87, 0, 1.63%, 49, 0, 5, 46.69, 763772, 1066
7069, 11, 8, 167, 87, 0, 1.63%, 49, 0, 5, 293.87, 765065, 1066
7075, 11, 31, 167, 87, 0, 1.63%, 49, 0, 5, 146.01, 765877, 1066
7080, 11, 63, 167, 87, 0, 1.63%, 49, 0, 5, 23.14, 766583, 1066
7085, 11, 2, 167, 87, 0, 1.63%, 49, 0, 5, 67.44, 767103, 1066
7090, 11, 19, 167, 87, 0, 1.63%, 49, 0, 5, 127.86, 767650, 1066
7095, 11, 8, 167, 87, 0, 1.63%, 49, 0, 5, 200.81, 768613, 1066
7100, 11, 31, 167, 87, 0, 1.63%, 49, 0, 5, 228.63, 770102, 1066
7105, 11, 100, 167, 87, 0, 1.63%, 49, 0, 5, 156.10, 771006, 1066
7110, 11, 8, 167, 87, 0, 1.63%, 49, 0, 5, 136.43, 771886, 1066
7115, 11, 8, 167, 87, 0, 1.63%, 49, 0, 5, 271.56, 773348, 1066
7122, 11, 18, 167, 87, 0, 1.63%, 49, 0, 5, 4.66, 773838, 1066
7127, 11, 8, 167, 87, 0, 1.63%, 49, 0, 5, 324.14, 774521, 1066
7132, 11, 19, 167, 87, 0, 1.63%, 49, 0, 5, 71.63, 775815, 1066
7137, 11, 70, 167, 87, 0, 1.63%, 49, 0, 5, 25.68, 776538, 1066
7142, 11, 2, 167, 86, 0, 1.63%, 49, 0, 5, 89.80, 777045, 1066
7147, 11, 19, 167, 86, 0, 1.63%, 49, 0, 5, 193.38, 778000, 1066
7152, 11, 19, 167, 86, 0, 1.63%, 49, 0, 5, 68.12, 779043, 1066
7157, 11, 19, 167, 86, 0, 1.63%, 49, 0, 5, 181.52, 779695, 1066
7162, 11, 8, 167, 86, 0, 1.63%, 49, 0, 5, 403.33, 780812, 1066
7168, 11, 19, 167, 86, 0, 1.63%, 49, 0, 5, 165.73, 782070, 1066
7173, 11, 131, 167, 86, 0, 1.63%, 49, 0, 5, 46.13, 782927, 1066
7178, 11, 131, 168, 87, 0, 1.63%, 49, 0, 5, 52.53, 783218, 1066
7183, 11, 131, 168, 87, 0, 1.63%, 49, 0, 5, 56.31, 783495, 1066
7190, 11, 79, 168, 87, 0, 1.63%, 49, 0, 5, 7.79, 784674, 1066
7195, 11, 79, 168, 87, 0, 1.63%, 49, 0, 5, 44.16, 784912, 1066
7200, 11, 97, 168, 87, 0, 1.63%, 49, 0, 5, 445.00, 785610, 1066
7205, 11, 123, 168, 87, 0, 1.63%, 49, 0, 5, 108.23, 786661, 1066
7210, 11, 123, 168, 87, 0, 1.63%, 49, 0, 5, 103.27, 787141, 1066
7215, 11, 2, 168, 87, 0, 1.63%, 49, 0, 5, 245.09, 788304, 1066
7220, 11, 19, 168, 87, 0, 1.63%, 49, 0, 5, 269.97, 789776, 1066
7225, 11, 34, 168, 87, 0, 1.63%, 49, 0, 5, 87.52, 790087, 1066
7230, 11, 2, 168, 87, 0, 1.63%, 49, 0, 5, 247.00, 791623, 1066
7235, 11, 2, 168, 87, 0, 1.63%, 49, 0, 5, 276.71, 793075, 1066
7241, 11, 19, 168, 87, 0, 1.63%, 49, 0, 5, 247.58, 794339, 1066
7246, 11, 19, 168, 87, 0, 1.63%, 49, 0, 5, 307.60, 795943, 1066
7251, 11, 102, 168, 87, 0, 1.63%, 49, 0, 5, 163.59, 796434, 1066
7256, 11, 19, 168, 87, 0, 1.63%, 49, 0, 5, 229.23, 797615, 1066
7261, 11, 19, 168, 87, 0, 1.63%, 49, 0, 5, 198.36, 798404, 1066
7266, 11, 2, 168, 87, 0, 1.63%, 49, 0, 5, 219.41, 799572, 1066
7271, 11, 19, 168, 87, 0, 1.63%, 49, 0, 5, 190.71, 800531, 1066
7276, 11, 19, 168, 87, 0, 1.63%, 49, 0, 5, 248.03, 801774, 1066
7281, 11, 8, 168, 87, 0, 1.63%, 49, 0, 5, 53.57, 803463, 1066
7287, 11, 8, 168, 87, 0, 1.63%, 49, 0, 5, 480.25, 805187, 1066
7292, 11, 8, 168, 87, 0, 1.63%, 49, 0, 5, 51.02, 806256, 1066
7297, 11, 19, 168, 87, 0, 1.63%, 49, 0, 5, 380.82, 808118, 1066
7302, 11, 2, 168, 87, 0, 1.63%, 49, 0, 5, 396.62, 809593, 1066
7307, 11, 8, 168, 87, 0, 1.63%, 49, 0, 5, 298.01, 810965, 1066
7313, 11, 8, 168, 87, 0, 1.63%, 49, 0, 5, 251.93, 812548, 1066
7318, 11, 8, 168, 87, 0, 1.63%, 49, 0, 5, 314.74, 813740, 1066
7323, 11, 19, 168, 87, 0, 1.63%, 49, 0, 5, 298.16, 815015, 1066
7328, 11, 8, 168, 87, 0, 1.63%, 49, 0, 5, 310.00, 815845, 1066
7333, 11, 8, 168, 87, 0, 1.63%, 49, 0, 5, 194.63, 816880, 1066
7338, 11, 94, 168, 87, 0, 1.63%, 49, 0, 5, 38.84, 817896, 1066
7343, 11, 102, 168, 87, 0, 1.63%, 49, 0, 5, 92.24, 818510, 1066
7348, 11, 11, 168, 87, 0, 1.63%, 49, 0, 5, 231.51, 819935, 1066
7353, 11, 11, 168, 87, 0, 1.63%, 49, 0, 5, 75.38, 820364, 1066
7358, 11, 18, 168, 87, 0, 1.63%, 49, 0, 5, 106.85, 820929, 1066
7364, 11, 19, 168, 87, 0, 1.63%, 49, 0, 5, 392.61, 821596, 1066
7369, 11, 19, 168, 87, 0, 1.63%, 49, 0, 5, 286.22, 823035, 1066
7374, 11, 18, 168, 87, 0, 1.63%, 49, 0, 5, 227.42, 824167, 1066
7379, 11, 19, 168, 87, 0, 1.63%, 49, 0, 5, 243.43, 825266, 1066
7384, 11, 2, 168, 87, 0, 1.63%, 49, 0, 5, 265.73, 826616, 1066
7389, 11, 67, 168, 87, 0, 1.63%, 49, 0, 5, 37.79, 827622, 1066
7394, 11, 131, 168, 87, 0, 1.63%, 49, 0, 5, 1.51, 827771, 1066
7399, 11, 131, 168, 87, 0, 1.63%, 49, 0, 5, 23.65, 828007, 1066
7405, 11, 131, 168, 87, 0, 1.63%, 49, 0, 5, 57.82, 828327, 1066
7410, 11, 2, 168, 87, 0, 1.63%, 49, 0, 5, 391.52, 829384, 1066
7415, 11, 148, 168, 87, 0, 1.63%, 49, 0, 5, 87.48, 829870, 1066
7420, 11, 19, 168, 87, 0, 1.63%, 49, 0, 5, 229.36, 831251, 1066
7425, 11, 8, 168, 87, 0, 1.63%, 49, 0, 5, 357.15, 833173, 1066
7430, 11, 8, 168, 87, 0, 1.63%, 49, 0, 5, 290.92, 834171, 1066
7435, 11, 8, 168, 87, 0, 1.63%, 49, 0, 5, 339.08, 835348, 1066
7440, 11, 19, 168, 87, 0, 1.63%, 49, 0, 5, 279.27, 836697, 1066
7446, 12, 19, 168, 87, 0, 1.63%, 49, 0, 5, 199.06, 838139, 1066
7451, 12, 67, 168, 87, 0, 1.63%, 49, 0, 5, 282.30, 839328, 1066
7456, 12, 102, 168, 87, 0, 1.63%, 49, 0, 5, 219.32, 840249, 1066
7462, 12, 19, 168, 87, 0, 1.63%, 49, 0, 5, 18.27, 840912, 1066
7468, 12, 8, 168, 87, 0, 1.63%, 49, 0, 5, 22.67, 841797, 1066
7473, 12, 8, 168, 87, 0, 1.63%, 49, 0, 5, 21.98, 841906, 1066
7478, 12, 19, 168, 87, 0, 1.63%, 49, 0, 5, 196.44, 842107, 1066
7483, 12, 19, 168, 87, 0, 1.63%, 49, 0, 5, 287.22, 843093, 1066
7488, 12, 64, 168, 87, 0, 1.63%, 49, 0, 5, 46.66, 844105, 1066
7493, 12, 31, 168, 87, 0, 1.63%, 49, 0, 5, 340.57, 845233, 1066
7498, 12, 31, 168, 87, 0, 1.63%, 49, 0, 5, 120.55, 845678, 1066
7503, 12, 2, 168, 87, 0, 1.63%, 49, 0, 5, 230.85, 846924, 1066
7509, 12, 8, 168, 87, 0, 1.63%, 49, 0, 5, 292.08, 848472, 1066
7514, 12, 19, 168, 87, 0, 1.63%, 49, 0, 5, 297.18, 850149, 1066
7519, 12, 77, 168, 87, 0, 1.63%, 49, 0, 5, 24.18, 851041, 1066
7524, 12, 8, 168, 87, 0, 1.63%, 49, 0, 5, 463.05, 851854, 1066
7530, 12, 2, 168, 87, 0, 1.63%, 49, 0, 5, 30.46, 853169, 1066
7536, 12, 31, 168, 87, 0, 1.63%, 49, 0, 5, 216.32, 854211, 1066
7541, 12, 31, 168, 87, 0, 1.63%, 49, 0, 5, 264.21, 855485, 1066
7546, 12, 8, 168, 87, 0, 1.63%, 49, 0, 5, 314.68, 857019, 1066
7551, 12, 19, 168, 87, 0, 1.63%, 49, 0, 5, 221.69, 858076, 1066
7556, 12, 94, 168, 87, 0, 1.63%, 49, 0, 5, 270.25, 859523, 1066
7561, 12, 8, 168, 87, 0, 1.63%, 49, 0, 5, 71.33, 860919, 1066
7562, 12, 8, 168, 87, 0, 1.63%, 49, 0, 5, 62.92, 860962, 1066
