11,12,2,4,0,1,5,6,3,9,10,7,8,13,14|-1,-1,1,1,1,1,1,1,1,-1,-1,1,-1,1,1|./seeds/seed_003.txt
11,12,2,4,0,1,5,6,3,9,10,7,14,13,8|-1,-1,1,1,1,1,1,1,1,-1,-1,1,-1,-1,-1|./seeds/seed_000.txt
13,14,10,9,8,3,0,4,12,2,11,5,1,6,7|1,1,1,1,1,-1,-1,-1,1,-1,1,-1,-1,-1,-1|./seeds/seed_003.txt
10,9,13,14,8,3,0,4,12,2,11,5,1,6,7|1,1,1,1,1,-1,-1,-1,1,-1,1,-1,-1,-1,-1|./seeds/seed_001.txt
11,12,2,4,0,1,5,6,3,9,10,7,14,13,8|-1,-1,1,1,1,1,1,1,1,-1,-1,1,-1,-1,-1|./seeds/seed_005.txt
11,12,2,4,0,1,5,6,3,9,10,7,8,13,14|-1,-1,1,1,1,1,1,1,1,-1,-1,1,-1,1,1|./seeds/seed_003.txt
11,12,7,2,1,6,5,13,14,0,4,3,8,10,9|-1,-1,1,1,1,1,1,1,1,1,1,1,1,-1,-1|./seeds/seed_006.txt
11,12,7,1,2,6,5,13,0,4,14,3,8,9,10|-1,-1,1,1,1,1,1,1,1,1,1,1,1,-1,-1|./seeds/seed_002.txt
11,12,7,2,1,6,13,5,14,0,4,3,8,10,9|-1,-1,1,1,1,1,1,1,1,1,1,1,1,-1,-1|./seeds/seed_003.txt
11,12,7,2,1,6,5,13,0,4,14,8,3,10,9|-1,-1,1,1,1,1,1,1,1,1,1,1,1,-1,-1|./seeds/seed_004.txt
14,13,12,0,3,4,2,11,10,1,9,5,6,7,8|1,1,1,-1,-1,-1,-1,1,1,-1,1,-1,-1,-1,1|./seeds/seed_000.txt
14,13,12,0,3,4,2,11,10,9,1,5,6,7,8|1,1,1,-1,-1,-1,-1,1,1,1,-1,-1,-1,-1,1|./seeds/seed_004.txt
10,9,13,14,8,3,0,4,12,2,11,5,1,6,7|1,1,1,1,1,-1,-1,-1,1,-1,1,-1,-1,-1,-1|./seeds/seed_001.txt
10,9,13,14,8,3,0,4,12,2,11,5,1,6,7|1,1,1,1,1,-1,-1,-1,1,-1,1,-1,-1,-1,-1|./seeds/seed_000.txt
13,14,8,9,10,11,12,6,2,3,1,5,0,7,4|1,1,1,1,1,-1,-1,1,1,-1,1,1,-1,1,-1|./seeds/seed_002.txt
8,13,14,9,10,11,6,12,2,3,1,5,0,7,4|1,1,1,1,1,-1,1,-1,1,-1,1,1,-1,1,-1|./seeds/seed_001.txt
10,9,13,14,8,3,0,4,12,2,11,5,1,6,7|1,1,1,1,1,-1,-1,-1,1,-1,1,-1,-1,-1,-1|./seeds/seed_001.txt
13,10,9,14,8,3,0,4,2,12,11,5,1,6,7|1,1,1,1,1,-1,-1,-1,-1,1,1,-1,-1,-1,-1|./seeds/seed_004.txt
11,12,2,4,0,1,5,6,3,9,10,7,14,13,8|-1,-1,1,1,1,1,1,1,1,-1,-1,1,-1,-1,-1|./seeds/seed_005.txt
11,12,2,4,0,1,5,6,3,9,10,7,8,13,14|-1,-1,1,1,1,1,1,1,1,-1,-1,1,-1,1,1|./seeds/seed_003.txt
14,13,8,9,10,11,12,6,2,3,1,5,0,4,7|1,1,1,1,1,-1,-1,1,1,-1,1,1,-1,-1,1|./seeds/seed_006.txt
13,14,8,9,10,11,6,12,2,3,1,5,0,4,7|1,1,1,1,1,-1,1,-1,1,-1,1,1,-1,-1,-1|./seeds/seed_003.txt
10,9,13,14,8,3,0,4,12,2,11,5,1,6,7|1,1,1,1,1,-1,-1,-1,1,-1,1,-1,-1,-1,-1|./seeds/seed_005.txt
13,10,9,14,8,3,0,4,2,12,11,5,1,6,7|1,1,1,1,1,-1,-1,-1,-1,1,1,-1,-1,-1,-1|./seeds/seed_004.txt
14,13,8,9,10,11,12,6,2,3,1,5,0,4,7|1,1,1,1,1,-1,-1,1,1,-1,1,1,-1,-1,1|./seeds/seed_006.txt
8,13,14,9,10,11,6,12,3,2,1,5,0,7,4|1,1,1,1,1,-1,1,-1,-1,1,1,1,-1,1,-1|./seeds/seed_000.txt
14,13,12,0,3,4,2,11,10,9,1,5,6,7,8|1,1,1,-1,-1,-1,-1,1,1,1,-1,-1,-1,-1,1|./seeds/seed_004.txt
14,13,12,0,3,4,2,11,10,9,1,5,6,7,8|1,1,1,-1,-1,-1,-1,1,1,1,-1,-1,-1,-1,1|./seeds/seed_006.txt
11,12,7,2,1,6,5,13,14,0,4,3,8,10,9|-1,-1,1,1,1,1,1,1,1,1,1,1,1,-1,-1|./seeds/seed_006.txt
11,12,7,1,2,6,5,0,4,13,8,14,3,9,10|-1,-1,1,1,1,1,1,1,1,1,1,1,1,-1,-1|./seeds/seed_005.txt
11,12,7,1,2,6,5,0,4,13,8,14,3,9,10|-1,-1,1,1,1,1,1,1,1,1,1,1,1,-1,-1|./seeds/seed_005.txt
11,12,7,2,1,6,5,13,14,0,4,3,8,10,9|-1,-1,1,1,1,1,1,1,1,1,1,1,1,-1,-1|./seeds/seed_006.txt
13,14,10,9,8,3,7,0,4,12,2,11,5,1,6|1,1,1,1,1,-1,-1,-1,-1,1,-1,1,-1,-1,1|./seeds/seed_002.txt
13,14,10,9,8,3,7,0,4,12,11,2,5,1,6|1,1,1,1,1,-1,-1,-1,-1,1,1,-1,-1,-1,1|./seeds/seed_003.txt
14,13,8,9,10,11,12,6,2,3,1,5,0,4,7|1,1,1,1,1,-1,-1,1,1,-1,1,1,-1,-1,1|./seeds/seed_006.txt
8,13,14,9,10,11,12,6,3,2,1,5,0,7,4|1,1,1,1,1,-1,-1,1,-1,1,1,1,-1,1,-1|./seeds/seed_005.txt
2,5,1,0,6,4,3,7,8,10,9,12,11,13,14|1,1,1,1,1,1,1,1,1,1,1,-1,-1,-1,-1|./seeds/seed_003.txt
2,5,1,0,6,4,3,7,8,10,9,12,11,13,14|1,1,1,1,1,1,1,1,1,1,1,-1,-1,-1,-1|./seeds/seed_000.txt
2,5,1,0,4,6,3,7,8,10,9,12,11,13,14|1,1,1,1,1,1,1,1,1,1,1,-1,-1,-1,-1|./seeds/seed_006.txt
2,5,1,0,6,4,3,7,8,10,9,12,11,13,14|1,1,1,1,1,1,1,1,1,1,1,-1,-1,-1,-1|./seeds/seed_000.txt
13,14,8,9,10,11,6,12,2,3,1,5,0,4,7|1,1,1,1,1,-1,1,-1,1,-1,1,1,-1,-1,-1|./seeds/seed_003.txt
8,13,14,9,10,11,6,12,3,2,1,5,0,7,4|1,1,1,1,1,-1,1,-1,-1,1,1,1,-1,1,-1|./seeds/seed_000.txt
2,5,1,0,6,4,3,7,8,10,9,12,11,13,14|1,1,1,1,1,1,1,1,1,1,1,-1,-1,-1,-1|./seeds/seed_005.txt
2,5,1,0,6,4,3,7,8,10,9,12,11,13,14|1,1,1,1,1,1,1,1,1,1,1,-1,-1,-1,-1|./seeds/seed_001.txt
14,13,12,0,3,4,2,11,10,9,1,5,6,7,8|1,1,1,-1,-1,-1,-1,1,1,1,-1,-1,-1,-1,1|./seeds/seed_005.txt
14,13,12,0,3,4,2,11,10,1,9,5,6,7,8|1,1,1,-1,-1,-1,-1,1,1,-1,1,-1,-1,-1,1|./seeds/seed_001.txt
10,9,13,14,8,3,0,4,12,2,11,5,1,6,7|1,1,1,1,1,-1,-1,-1,1,-1,1,-1,-1,-1,-1|./seeds/seed_002.txt
10,9,13,14,8,3,0,4,12,2,11,5,1,6,7|1,1,1,1,1,-1,-1,-1,1,-1,1,-1,-1,-1,-1|./seeds/seed_000.txt
10,9,13,14,8,3,0,4,12,2,11,5,1,6,7|1,1,1,1,1,-1,-1,-1,1,-1,1,-1,-1,-1,-1|./seeds/seed_005.txt
13,10,9,14,8,3,0,4,2,12,11,5,1,6,7|1,1,1,1,1,-1,-1,-1,-1,1,1,-1,-1,-1,-1|./seeds/seed_006.txt
8,13,14,9,10,11,6,12,3,2,1,5,0,7,4|1,1,1,1,1,-1,1,-1,-1,1,1,1,-1,1,-1|./seeds/seed_000.txt
8,13,14,9,10,11,6,12,2,3,1,5,0,7,4|1,1,1,1,1,-1,1,-1,1,-1,1,1,-1,1,-1|./seeds/seed_001.txt
2,5,1,0,6,4,3,7,8,10,9,12,11,13,14|1,1,1,1,1,1,1,1,1,1,1,-1,-1,-1,-1|./seeds/seed_003.txt
2,5,1,0,6,4,3,7,8,10,9,12,11,13,14|1,1,1,1,1,1,1,1,1,1,1,-1,-1,-1,-1|./seeds/seed_001.txt
13,14,10,9,8,3,7,0,4,12,11,2,5,1,6|1,1,1,1,1,-1,-1,-1,-1,1,1,-1,-1,-1,1|./seeds/seed_003.txt
13,14,10,9,8,3,7,0,4,12,2,11,5,1,6|1,1,1,1,1,-1,-1,-1,-1,1,-1,1,-1,-1,1|./seeds/seed_006.txt
11,12,7,1,2,6,5,0,4,13,8,14,3,9,10|-1,-1,1,1,1,1,1,1,1,1,1,1,1,-1,-1|./seeds/seed_005.txt
11,12,7,1,2,6,5,13,0,4,14,3,8,9,10|-1,-1,1,1,1,1,1,1,1,1,1,1,1,-1,-1|./seeds/seed_002.txt
14,13,12,0,3,4,2,11,10,9,1,5,6,7,8|1,1,1,-1,-1,-1,-1,1,1,1,-1,-1,-1,-1,1|./seeds/seed_005.txt
14,13,12,0,3,4,2,11,10,9,1,5,6,7,8|1,1,1,-1,-1,-1,-1,1,1,1,-1,-1,-1,-1,1|./seeds/seed_006.txt
11,12,7,2,1,6,13,5,14,0,4,3,8,10,9|-1,-1,1,1,1,1,1,1,1,1,1,1,1,-1,-1|./seeds/seed_003.txt
11,12,7,2,1,6,5,4,0,13,3,8,14,10,9|-1,-1,1,1,1,1,1,1,1,1,1,1,1,-1,-1|./seeds/seed_000.txt
13,14,8,9,10,11,12,6,2,3,1,5,0,4,7|1,1,1,1,1,-1,-1,1,1,-1,1,1,-1,-1,1|./seeds/seed_004.txt
8,13,14,9,10,11,6,12,2,3,1,5,0,7,4|1,1,1,1,1,-1,1,-1,1,-1,1,1,-1,1,-1|./seeds/seed_001.txt
13,10,9,14,8,3,0,4,2,12,11,5,1,6,7|1,1,1,1,1,-1,-1,-1,-1,1,1,-1,-1,-1,-1|./seeds/seed_006.txt
13,10,9,14,8,3,0,4,2,12,11,5,1,6,7|1,1,1,1,1,-1,-1,-1,-1,1,1,-1,-1,-1,-1|./seeds/seed_004.txt
13,14,10,9,8,3,7,0,4,12,11,2,5,1,6|1,1,1,1,1,-1,-1,-1,-1,1,1,-1,-1,-1,1|./seeds/seed_005.txt
13,14,10,9,8,3,7,0,4,12,11,2,5,1,6|1,1,1,1,1,-1,-1,-1,-1,1,1,-1,-1,-1,1|./seeds/seed_003.txt
13,14,10,9,8,3,7,0,4,12,2,11,5,1,6|1,1,1,1,1,-1,-1,-1,-1,1,-1,1,-1,-1,1|./seeds/seed_002.txt
13,14,10,9,8,3,7,0,4,12,11,2,5,1,6|1,1,1,1,1,-1,-1,-1,-1,1,1,-1,-1,-1,1|./seeds/seed_000.txt
14,13,8,9,10,11,12,6,2,3,1,5,0,4,7|1,1,1,1,1,-1,-1,1,1,-1,1,1,-1,-1,1|./seeds/seed_006.txt
13,14,8,9,10,11,6,12,2,3,1,5,0,4,7|1,1,1,1,1,-1,1,-1,1,-1,1,1,-1,-1,-1|./seeds/seed_003.txt
11,12,7,1,2,6,5,0,4,13,8,14,3,9,10|-1,-1,1,1,1,1,1,1,1,1,1,1,1,-1,-1|./seeds/seed_005.txt
11,12,7,1,2,6,5,13,0,4,14,3,8,9,10|-1,-1,1,1,1,1,1,1,1,1,1,1,1,-1,-1|./seeds/seed_002.txt
13,14,10,9,8,3,7,0,4,12,2,11,5,1,6|1,1,1,1,1,-1,-1,-1,-1,1,-1,1,-1,-1,1|./seeds/seed_002.txt
13,14,10,9,8,3,7,0,4,12,11,2,5,1,6|1,1,1,1,1,-1,-1,-1,-1,1,1,-1,-1,-1,1|./seeds/seed_001.txt
14,13,12,0,3,4,2,11,10,9,1,5,6,7,8|1,1,1,-1,-1,-1,-1,1,1,1,-1,-1,-1,-1,1|./seeds/seed_005.txt
14,13,12,0,3,4,2,11,10,9,1,5,6,7,8|1,1,1,-1,-1,-1,-1,1,1,1,-1,-1,-1,-1,1|./seeds/seed_004.txt
11,12,7,2,1,6,5,13,14,0,4,3,8,10,9|-1,-1,1,1,1,1,1,1,1,1,1,1,1,-1,-1|./seeds/seed_006.txt
11,12,7,2,1,6,5,13,0,4,14,8,3,10,9|-1,-1,1,1,1,1,1,1,1,1,1,1,1,-1,-1|./seeds/seed_004.txt
11,12,2,4,0,1,5,6,3,9,10,7,14,13,8|-1,-1,1,1,1,1,1,1,1,-1,-1,1,-1,-1,-1|./seeds/seed_002.txt
11,12,2,0,4,1,5,6,3,9,10,7,8,14,13|-1,-1,1,1,1,1,1,1,1,-1,-1,1,-1,-1,-1|./seeds/seed_004.txt
14,13,12,0,3,4,2,10,11,9,1,5,6,7,8|1,1,1,-1,-1,-1,-1,1,1,1,-1,-1,-1,-1,1|./seeds/seed_003.txt
14,13,12,0,3,4,2,11,10,9,1,5,6,7,8|1,1,1,-1,-1,-1,-1,1,1,1,-1,-1,-1,-1,1|./seeds/seed_004.txt
11,12,2,0,4,1,5,6,3,9,10,7,8,14,13|-1,-1,1,1,1,1,1,1,1,-1,-1,1,-1,-1,-1|./seeds/seed_004.txt
11,12,2,4,0,1,5,6,3,9,10,7,14,13,8|-1,-1,1,1,1,1,1,1,1,-1,-1,1,-1,-1,-1|./seeds/seed_001.txt
13,14,10,9,8,3,7,0,4,12,11,2,5,1,6|1,1,1,1,1,-1,-1,-1,-1,1,1,-1,-1,-1,1|./seeds/seed_001.txt
13,14,10,9,8,3,7,0,4,12,2,11,5,1,6|1,1,1,1,1,-1,-1,-1,-1,1,-1,1,-1,-1,1|./seeds/seed_004.txt
11,12,7,2,1,6,5,13,14,0,4,3,8,10,9|-1,-1,1,1,1,1,1,1,1,1,1,1,1,-1,-1|./seeds/seed_006.txt
11,12,7,2,1,6,13,5,14,0,4,3,8,10,9|-1,-1,1,1,1,1,1,1,1,1,1,1,1,-1,-1|./seeds/seed_003.txt
10,9,13,14,8,3,0,4,12,2,11,5,1,6,7|1,1,1,1,1,-1,-1,-1,1,-1,1,-1,-1,-1,-1|./seeds/seed_001.txt
10,9,13,14,8,3,0,4,12,2,11,5,1,6,7|1,1,1,1,1,-1,-1,-1,1,-1,1,-1,-1,-1,-1|./seeds/seed_000.txt
11,12,7,1,2,6,5,13,0,4,14,3,8,9,10|-1,-1,1,1,1,1,1,1,1,1,1,1,1,-1,-1|./seeds/seed_002.txt
11,12,7,2,1,6,5,4,0,13,3,8,14,10,9|-1,-1,1,1,1,1,1,1,1,1,1,1,1,-1,-1|./seeds/seed_000.txt
14,13,12,0,3,4,2,11,10,9,1,5,6,7,8|1,1,1,-1,-1,-1,-1,1,1,1,-1,-1,-1,-1,1|./seeds/seed_005.txt
14,13,12,0,3,4,2,11,10,1,9,5,6,7,8|1,1,1,-1,-1,-1,-1,1,1,-1,1,-1,-1,-1,1|./seeds/seed_001.txt
10,9,13,14,8,3,0,4,12,2,11,5,1,6,7|1,1,1,1,1,-1,-1,-1,1,-1,1,-1,-1,-1,-1|./seeds/seed_002.txt
10,9,13,14,8,3,0,4,12,2,11,5,1,6,7|1,1,1,1,1,-1,-1,-1,1,-1,1,-1,-1,-1,-1|./seeds/seed_000.txt
14,13,12,0,3,4,2,11,10,9,1,5,6,7,8|1,1,1,-1,-1,-1,-1,1,1,1,-1,-1,-1,-1,1|./seeds/seed_002.txt
14,13,12,0,3,4,2,11,10,1,9,5,6,7,8|1,1,1,-1,-1,-1,-1,1,1,-1,1,-1,-1,-1,1|./seeds/seed_000.txt
11,12,2,0,4,1,5,6,3,9,10,7,8,14,13|-1,-1,1,1,1,1,1,1,1,-1,-1,1,-1,-1,-1|./seeds/seed_004.txt
11,12,2,4,0,1,5,6,3,9,10,7,14,13,8|-1,-1,1,1,1,1,1,1,1,-1,-1,1,-1,-1,-1|./seeds/seed_000.txt
14,13,12,0,3,4,2,11,10,9,1,5,6,7,8|1,1,1,-1,-1,-1,-1,1,1,1,-1,-1,-1,-1,1|./seeds/seed_002.txt
14,13,12,0,3,4,2,11,10,9,1,5,6,7,8|1,1,1,-1,-1,-1,-1,1,1,1,-1,-1,-1,-1,1|./seeds/seed_004.txt
14,13,12,0,3,4,2,11,10,9,1,5,6,7,8|1,1,1,-1,-1,-1,-1,1,1,1,-1,-1,-1,-1,1|./seeds/seed_004.txt
14,13,12,0,3,4,2,11,10,9,1,5,6,7,8|1,1,1,-1,-1,-1,-1,1,1,1,-1,-1,-1,-1,1|./seeds/seed_002.txt
11,12,2,4,0,1,6,5,3,9,10,7,8,14,13|-1,-1,1,1,1,1,1,1,1,-1,-1,1,-1,-1,-1|./seeds/seed_006.txt
11,12,2,4,0,1,5,6,3,9,10,7,14,13,8|-1,-1,1,1,1,1,1,1,1,-1,-1,1,-1,-1,-1|./seeds/seed_001.txt
8,13,14,9,10,11,6,12,3,2,1,5,0,7,4|1,1,1,1,1,-1,1,-1,-1,1,1,1,-1,1,-1|./seeds/seed_000.txt
8,13,14,9,10,11,12,6,3,2,1,5,0,7,4|1,1,1,1,1,-1,-1,1,-1,1,1,1,-1,1,-1|./seeds/seed_005.txt
11,12,7,2,1,6,5,13,14,0,4,3,8,10,9|-1,-1,1,1,1,1,1,1,1,1,1,1,1,-1,-1|./seeds/seed_006.txt
11,12,7,2,1,6,5,4,0,13,3,8,14,10,9|-1,-1,1,1,1,1,1,1,1,1,1,1,1,-1,-1|./seeds/seed_000.txt
13,10,9,14,8,3,0,4,2,12,11,5,1,6,7|1,1,1,1,1,-1,-1,-1,-1,1,1,-1,-1,-1,-1|./seeds/seed_004.txt
10,9,13,14,8,3,0,4,12,2,11,5,1,6,7|1,1,1,1,1,-1,-1,-1,1,-1,1,-1,-1,-1,-1|./seeds/seed_000.txt
14,13,8,9,10,11,12,6,2,3,1,5,0,4,7|1,1,1,1,1,-1,-1,1,1,-1,1,1,-1,-1,1|./seeds/seed_006.txt
8,13,14,9,10,11,6,12,3,2,1,5,0,7,4|1,1,1,1,1,-1,1,-1,-1,1,1,1,-1,1,-1|./seeds/seed_000.txt
14,13,12,0,3,4,2,11,10,9,1,5,6,7,8|1,1,1,-1,-1,-1,-1,1,1,1,-1,-1,-1,-1,1|./seeds/seed_004.txt
14,13,12,0,3,4,2,11,10,9,1,5,6,7,8|1,1,1,-1,-1,-1,-1,1,1,1,-1,-1,-1,-1,1|./seeds/seed_005.txt
10,9,13,14,8,3,0,4,12,2,11,5,1,6,7|1,1,1,1,1,-1,-1,-1,1,-1,1,-1,-1,-1,-1|./seeds/seed_001.txt
10,9,13,14,8,3,0,4,12,2,11,5,1,6,7|1,1,1,1,1,-1,-1,-1,1,-1,1,-1,-1,-1,-1|./seeds/seed_005.txt
11,12,2,4,0,1,5,6,3,9,10,7,14,13,8|-1,-1,1,1,1,1,1,1,1,-1,-1,1,-1,-1,-1|./seeds/seed_001.txt
11,12,2,0,4,1,5,6,3,9,10,7,8,14,13|-1,-1,1,1,1,1,1,1,1,-1,-1,1,-1,-1,-1|./seeds/seed_004.txt
13,10,9,14,8,3,0,4,2,12,11,5,1,6,7|1,1,1,1,1,-1,-1,-1,-1,1,1,-1,-1,-1,-1|./seeds/seed_004.txt
10,9,13,14,8,3,0,4,12,2,11,5,1,6,7|1,1,1,1,1,-1,-1,-1,1,-1,1,-1,-1,-1,-1|./seeds/seed_002.txt
14,13,12,0,3,4,2,11,10,9,1,5,6,7,8|1,1,1,-1,-1,-1,-1,1,1,1,-1,-1,-1,-1,1|./seeds/seed_004.txt
14,13,12,0,3,4,2,10,11,9,1,5,6,7,8|1,1,1,-1,-1,-1,-1,1,1,1,-1,-1,-1,-1,1|./seeds/seed_003.txt
11,12,2,4,0,1,5,6,3,9,10,7,14,13,8|-1,-1,1,1,1,1,1,1,1,-1,-1,1,-1,-1,-1|./seeds/seed_000.txt
11,12,2,4,0,1,5,6,3,9,10,7,14,13,8|-1,-1,1,1,1,1,1,1,1,-1,-1,1,-1,-1,-1|./seeds/seed_002.txt
11,12,7,1,2,6,5,0,4,13,8,14,3,9,10|-1,-1,1,1,1,1,1,1,1,1,1,1,1,-1,-1|./seeds/seed_005.txt
11,12,7,2,1,6,5,13,14,0,4,3,8,10,9|-1,-1,1,1,1,1,1,1,1,1,1,1,1,-1,-1|./seeds/seed_006.txt
11,12,2,4,0,1,5,6,3,9,10,7,14,13,8|-1,-1,1,1,1,1,1,1,1,-1,-1,1,-1,-1,-1|./seeds/seed_000.txt
11,12,2,4,0,1,5,6,3,9,10,7,14,13,8|-1,-1,1,1,1,1,1,1,1,-1,-1,1,-1,-1,-1|./seeds/seed_001.txt
13,14,10,9,8,3,7,0,4,12,11,2,5,1,6|1,1,1,1,1,-1,-1,-1,-1,1,1,-1,-1,-1,1|./seeds/seed_000.txt
13,14,10,9,8,3,7,0,4,12,11,2,5,1,6|1,1,1,1,1,-1,-1,-1,-1,1,1,-1,-1,-1,1|./seeds/seed_005.txt
14,13,12,0,3,4,2,11,10,9,1,5,6,7,8|1,1,1,-1,-1,-1,-1,1,1,1,-1,-1,-1,-1,1|./seeds/seed_005.txt
14,13,12,0,3,4,2,11,10,1,9,5,6,7,8|1,1,1,-1,-1,-1,-1,1,1,-1,1,-1,-1,-1,1|./seeds/seed_001.txt
14,13,12,0,3,4,2,11,10,1,9,5,6,7,8|1,1,1,-1,-1,-1,-1,1,1,-1,1,-1,-1,-1,1|./seeds/seed_000.txt
14,13,12,0,3,4,2,11,10,9,1,5,6,7,8|1,1,1,-1,-1,-1,-1,1,1,1,-1,-1,-1,-1,1|./seeds/seed_006.txt
13,10,9,14,8,3,0,4,2,12,11,5,1,6,7|1,1,1,1,1,-1,-1,-1,-1,1,1,-1,-1,-1,-1|./seeds/seed_004.txt
13,10,9,14,8,3,0,4,2,12,11,5,1,6,7|1,1,1,1,1,-1,-1,-1,-1,1,1,-1,-1,-1,-1|./seeds/seed_006.txt
14,13,12,0,3,4,2,11,10,9,1,5,6,7,8|1,1,1,-1,-1,-1,-1,1,1,1,-1,-1,-1,-1,1|./seeds/seed_002.txt
14,13,12,0,3,4,2,11,10,9,1,5,6,7,8|1,1,1,-1,-1,-1,-1,1,1,1,-1,-1,-1,-1,1|./seeds/seed_005.txt
11,12,7,2,1,6,13,5,14,0,4,3,8,10,9|-1,-1,1,1,1,1,1,1,1,1,1,1,1,-1,-1|./seeds/seed_003.txt
11,12,7,1,2,6,5,0,4,13,8,14,3,9,10|-1,-1,1,1,1,1,1,1,1,1,1,1,1,-1,-1|./seeds/seed_005.txt
11,12,7,1,2,6,5,13,0,4,14,3,8,9,10|-1,-1,1,1,1,1,1,1,1,1,1,1,1,-1,-1|./seeds/seed_002.txt
11,12,7,2,1,6,5,13,0,4,14,8,3,10,9|-1,-1,1,1,1,1,1,1,1,1,1,1,1,-1,-1|./seeds/seed_004.txt
13,14,8,9,10,11,12,6,2,3,1,5,0,4,7|1,1,1,1,1,-1,-1,1,1,-1,1,1,-1,-1,1|./seeds/seed_004.txt
8,13,14,9,10,11,12,6,3,2,1,5,0,7,4|1,1,1,1,1,-1,-1,1,-1,1,1,1,-1,1,-1|./seeds/seed_005.txt
2,5,1,0,4,6,3,7,8,10,9,12,11,13,14|1,1,1,1,1,1,1,1,1,1,1,-1,-1,-1,-1|./seeds/seed_006.txt
2,5,1,0,6,4,3,7,8,10,9,12,11,13,14|1,1,1,1,1,1,1,1,1,1,1,-1,-1,-1,-1|./seeds/seed_001.txt
14,13,12,0,3,4,2,10,11,9,1,5,6,7,8|1,1,1,-1,-1,-1,-1,1,1,1,-1,-1,-1,-1,1|./seeds/seed_003.txt
14,13,12,0,3,4,2,11,10,1,9,5,6,7,8|1,1,1,-1,-1,-1,-1,1,1,-1,1,-1,-1,-1,1|./seeds/seed_001.txt
2,5,1,0,6,4,3,7,8,10,9,12,11,13,14|1,1,1,1,1,1,1,1,1,1,1,-1,-1,-1,-1|./seeds/seed_003.txt
2,5,1,0,4,6,3,7,8,10,9,12,11,13,14|1,1,1,1,1,1,1,1,1,1,1,-1,-1,-1,-1|./seeds/seed_004.txt
13,14,10,9,8,3,7,0,4,12,2,11,5,1,6|1,1,1,1,1,-1,-1,-1,-1,1,-1,1,-1,-1,1|./seeds/seed_004.txt
13,14,10,9,8,3,7,0,4,12,11,2,5,1,6|1,1,1,1,1,-1,-1,-1,-1,1,1,-1,-1,-1,1|./seeds/seed_003.txt
14,13,12,0,3,4,2,11,10,9,1,5,6,7,8|1,1,1,-1,-1,-1,-1,1,1,1,-1,-1,-1,-1,1|./seeds/seed_005.txt
14,13,12,0,3,4,2,11,10,1,9,5,6,7,8|1,1,1,-1,-1,-1,-1,1,1,-1,1,-1,-1,-1,1|./seeds/seed_000.txt
13,14,10,9,8,3,7,0,4,12,2,11,5,1,6|1,1,1,1,1,-1,-1,-1,-1,1,-1,1,-1,-1,1|./seeds/seed_006.txt
13,14,10,9,8,3,7,0,4,12,11,2,5,1,6|1,1,1,1,1,-1,-1,-1,-1,1,1,-1,-1,-1,1|./seeds/seed_003.txt
11,12,7,1,2,6,5,0,4,13,8,14,3,9,10|-1,-1,1,1,1,1,1,1,1,1,1,1,1,-1,-1|./seeds/seed_005.txt
11,12,7,2,1,6,13,5,14,0,4,3,8,10,9|-1,-1,1,1,1,1,1,1,1,1,1,1,1,-1,-1|./seeds/seed_003.txt
11,12,2,4,0,1,6,5,3,9,10,7,8,14,13|-1,-1,1,1,1,1,1,1,1,-1,-1,1,-1,-1,-1|./seeds/seed_006.txt
11,12,2,4,0,1,5,6,3,9,10,7,14,13,8|-1,-1,1,1,1,1,1,1,1,-1,-1,1,-1,-1,-1|./seeds/seed_005.txt
13,10,9,14,8,3,0,4,2,12,11,5,1,6,7|1,1,1,1,1,-1,-1,-1,-1,1,1,-1,-1,-1,-1|./seeds/seed_006.txt
10,9,13,14,8,3,0,4,12,2,11,5,1,6,7|1,1,1,1,1,-1,-1,-1,1,-1,1,-1,-1,-1,-1|./seeds/seed_000.txt
14,13,12,0,3,4,2,11,10,9,1,5,6,7,8|1,1,1,-1,-1,-1,-1,1,1,1,-1,-1,-1,-1,1|./seeds/seed_006.txt
14,13,12,0,3,4,2,11,10,9,1,5,6,7,8|1,1,1,-1,-1,-1,-1,1,1,1,-1,-1,-1,-1,1|./seeds/seed_005.txt
14,13,12,0,3,4,2,11,10,9,1,5,6,7,8|1,1,1,-1,-1,-1,-1,1,1,1,-1,-1,-1,-1,1|./seeds/seed_004.txt
14,13,12,0,3,4,2,10,11,9,1,5,6,7,8|1,1,1,-1,-1,-1,-1,1,1,1,-1,-1,-1,-1,1|./seeds/seed_003.txt
13,10,9,14,8,3,0,4,2,12,11,5,1,6,7|1,1,1,1,1,-1,-1,-1,-1,1,1,-1,-1,-1,-1|./seeds/seed_006.txt
10,9,13,14,8,3,0,4,12,2,11,5,1,6,7|1,1,1,1,1,-1,-1,-1,1,-1,1,-1,-1,-1,-1|./seeds/seed_002.txt
11,12,2,4,0,1,5,6,3,9,10,7,14,13,8|-1,-1,1,1,1,1,1,1,1,-1,-1,1,-1,-1,-1|./seeds/seed_001.txt
11,12,2,4,0,1,5,6,3,9,10,7,14,13,8|-1,-1,1,1,1,1,1,1,1,-1,-1,1,-1,-1,-1|./seeds/seed_002.txt
11,12,2,4,0,1,5,6,3,9,10,7,14,13,8|-1,-1,1,1,1,1,1,1,1,-1,-1,1,-1,-1,-1|./seeds/seed_001.txt
11,12,2,4,0,1,5,6,3,9,10,7,14,13,8|-1,-1,1,1,1,1,1,1,1,-1,-1,1,-1,-1,-1|./seeds/seed_002.txt
11,12,2,4,0,1,5,6,3,9,10,7,14,13,8|-1,-1,1,1,1,1,1,1,1,-1,-1,1,-1,-1,-1|./seeds/seed_005.txt
11,12,2,4,0,1,6,5,3,9,10,7,8,14,13|-1,-1,1,1,1,1,1,1,1,-1,-1,1,-1,-1,-1|./seeds/seed_006.txt
10,9,13,14,8,3,0,4,12,2,11,5,1,6,7|1,1,1,1,1,-1,-1,-1,1,-1,1,-1,-1,-1,-1|./seeds/seed_005.txt
10,9,13,14,8,3,0,4,12,2,11,5,1,6,7|1,1,1,1,1,-1,-1,-1,1,-1,1,-1,-1,-1,-1|./seeds/seed_000.txt
10,9,13,14,8,3,0,4,12,2,11,5,1,6,7|1,1,1,1,1,-1,-1,-1,1,-1,1,-1,-1,-1,-1|./seeds/seed_001.txt
13,10,9,14,8,3,0,4,2,12,11,5,1,6,7|1,1,1,1,1,-1,-1,-1,-1,1,1,-1,-1,-1,-1|./seeds/seed_004.txt
10,9,13,14,8,3,0,4,12,2,11,5,1,6,7|1,1,1,1,1,-1,-1,-1,1,-1,1,-1,-1,-1,-1|./seeds/seed_000.txt
13,10,9,14,8,3,0,4,2,12,11,5,1,6,7|1,1,1,1,1,-1,-1,-1,-1,1,1,-1,-1,-1,-1|./seeds/seed_004.txt
8,13,14,9,10,11,12,6,3,2,1,5,0,7,4|1,1,1,1,1,-1,-1,1,-1,1,1,1,-1,1,-1|./seeds/seed_005.txt
8,13,14,9,10,11,6,12,3,2,1,5,0,7,4|1,1,1,1,1,-1,1,-1,-1,1,1,1,-1,1,-1|./seeds/seed_000.txt
10,9,13,14,8,3,0,4,12,2,11,5,1,6,7|1,1,1,1,1,-1,-1,-1,1,-1,1,-1,-1,-1,-1|./seeds/seed_002.txt
10,9,13,14,8,3,0,4,12,2,11,5,1,6,7|1,1,1,1,1,-1,-1,-1,1,-1,1,-1,-1,-1,-1|./seeds/seed_001.txt
11,12,7,1,2,6,5,13,0,4,14,3,8,9,10|-1,-1,1,1,1,1,1,1,1,1,1,1,1,-1,-1|./seeds/seed_002.txt
11,12,7,2,1,6,5,4,0,13,3,8,14,10,9|-1,-1,1,1,1,1,1,1,1,1,1,1,1,-1,-1|./seeds/seed_001.txt
13,14,10,9,8,3,7,0,4,12,11,2,5,1,6|1,1,1,1,1,-1,-1,-1,-1,1,1,-1,-1,-1,1|./seeds/seed_005.txt
13,14,10,9,8,3,7,0,4,12,11,2,5,1,6|1,1,1,1,1,-1,-1,-1,-1,1,1,-1,-1,-1,1|./seeds/seed_001.txt
14,13,8,9,10,11,12,6,2,3,1,5,0,4,7|1,1,1,1,1,-1,-1,1,1,-1,1,1,-1,-1,1|./seeds/seed_006.txt
8,13,14,9,10,11,6,12,2,3,1,5,0,7,4|1,1,1,1,1,-1,1,-1,1,-1,1,1,-1,1,-1|./seeds/seed_001.txt
11,12,7,2,1,6,13,5,14,0,4,3,8,10,9|-1,-1,1,1,1,1,1,1,1,1,1,1,1,-1,-1|./seeds/seed_003.txt
11,12,7,2,1,6,5,4,0,13,3,8,14,10,9|-1,-1,1,1,1,1,1,1,1,1,1,1,1,-1,-1|./seeds/seed_001.txt
2,5,1,0,6,4,3,7,8,10,9,12,11,13,14|1,1,1,1,1,1,1,1,1,1,1,-1,-1,-1,-1|./seeds/seed_001.txt
2,5,1,0,4,6,3,7,8,10,9,12,11,13,14|1,1,1,1,1,1,1,1,1,1,1,-1,-1,-1,-1|./seeds/seed_006.txt
13,14,8,9,10,11,12,6,2,3,1,5,0,7,4|1,1,1,1,1,-1,-1,1,1,-1,1,1,-1,1,-1|./seeds/seed_002.txt
14,13,8,9,10,11,12,6,2,3,1,5,0,4,7|1,1,1,1,1,-1,-1,1,1,-1,1,1,-1,-1,1|./seeds/seed_006.txt
11,12,7,2,1,6,5,4,0,13,3,8,14,10,9|-1,-1,1,1,1,1,1,1,1,1,1,1,1,-1,-1|./seeds/seed_000.txt
11,12,7,1,2,6,5,0,4,13,8,14,3,9,10|-1,-1,1,1,1,1,1,1,1,1,1,1,1,-1,-1|./seeds/seed_005.txt
11,12,7,1,2,6,5,0,4,13,8,14,3,9,10|-1,-1,1,1,1,1,1,1,1,1,1,1,1,-1,-1|./seeds/seed_005.txt
11,12,7,2,1,6,5,13,14,0,4,3,8,10,9|-1,-1,1,1,1,1,1,1,1,1,1,1,1,-1,-1|./seeds/seed_006.txt
14,13,8,9,10,11,12,6,2,3,1,5,0,4,7|1,1,1,1,1,-1,-1,1,1,-1,1,1,-1,-1,1|./seeds/seed_006.txt
13,14,8,9,10,11,12,6,2,3,1,5,0,4,7|1,1,1,1,1,-1,-1,1,1,-1,1,1,-1,-1,1|./seeds/seed_004.txt
14,13,12,0,3,4,2,10,11,9,1,5,6,7,8|1,1,1,-1,-1,-1,-1,1,1,1,-1,-1,-1,-1,1|./seeds/seed_003.txt
14,13,12,0,3,4,2,11,10,9,1,5,6,7,8|1,1,1,-1,-1,-1,-1,1,1,1,-1,-1,-1,-1,1|./seeds/seed_005.txt
2,5,1,0,6,4,3,7,8,10,9,12,11,13,14|1,1,1,1,1,1,1,1,1,1,1,-1,-1,-1,-1|./seeds/seed_003.txt
2,5,1,0,6,4,3,7,8,10,9,12,11,13,14|1,1,1,1,1,1,1,1,1,1,1,-1,-1,-1,-1|./seeds/seed_001.txt
11,12,7,2,1,6,5,13,0,4,14,8,3,10,9|-1,-1,1,1,1,1,1,1,1,1,1,1,1,-1,-1|./seeds/seed_004.txt
11,12,7,2,1,6,13,5,14,0,4,3,8,10,9|-1,-1,1,1,1,1,1,1,1,1,1,1,1,-1,-1|./seeds/seed_003.txt
13,14,8,9,10,11,6,12,2,3,1,5,0,4,7|1,1,1,1,1,-1,1,-1,1,-1,1,1,-1,-1,-1|./seeds/seed_003.txt
13,14,8,9,10,11,12,6,2,3,1,5,0,4,7|1,1,1,1,1,-1,-1,1,1,-1,1,1,-1,-1,1|./seeds/seed_004.txt
8,13,14,9,10,11,6,12,2,3,1,5,0,7,4|1,1,1,1,1,-1,1,-1,1,-1,1,1,-1,1,-1|./seeds/seed_001.txt
13,14,8,9,10,11,6,12,2,3,1,5,0,4,7|1,1,1,1,1,-1,1,-1,1,-1,1,1,-1,-1,-1|./seeds/seed_003.txt
2,5,1,0,6,4,3,7,8,10,9,12,11,13,14|1,1,1,1,1,1,1,1,1,1,1,-1,-1,-1,-1|./seeds/seed_001.txt
2,5,1,0,6,4,3,7,8,10,9,12,11,13,14|1,1,1,1,1,1,1,1,1,1,1,-1,-1,-1,-1|./seeds/seed_000.txt
2,5,1,0,6,4,3,7,8,10,9,12,11,13,14|1,1,1,1,1,1,1,1,1,1,1,-1,-1,-1,-1|./seeds/seed_002.txt
2,5,1,0,4,6,3,7,8,10,9,12,11,13,14|1,1,1,1,1,1,1,1,1,1,1,-1,-1,-1,-1|./seeds/seed_006.txt
14,13,12,0,3,4,2,11,10,9,1,5,6,7,8|1,1,1,-1,-1,-1,-1,1,1,1,-1,-1,-1,-1,1|./seeds/seed_005.txt
14,13,12,0,3,4,2,11,10,9,1,5,6,7,8|1,1,1,-1,-1,-1,-1,1,1,1,-1,-1,-1,-1,1|./seeds/seed_006.txt
11,12,7,1,2,6,5,13,0,4,14,3,8,9,10|-1,-1,1,1,1,1,1,1,1,1,1,1,1,-1,-1|./seeds/seed_002.txt
11,12,7,2,1,6,5,4,0,13,3,8,14,10,9|-1,-1,1,1,1,1,1,1,1,1,1,1,1,-1,-1|./seeds/seed_000.txt
13,14,10,9,8,3,7,0,4,12,11,2,5,1,6|1,1,1,1,1,-1,-1,-1,-1,1,1,-1,-1,-1,1|./seeds/seed_001.txt
13,14,10,9,8,3,7,0,4,12,11,2,5,1,6|1,1,1,1,1,-1,-1,-1,-1,1,1,-1,-1,-1,1|./seeds/seed_000.txt
2,5,1,0,6,4,3,7,8,10,9,12,11,13,14|1,1,1,1,1,1,1,1,1,1,1,-1,-1,-1,-1|./seeds/seed_005.txt
2,5,1,0,4,6,3,7,8,10,9,12,11,13,14|1,1,1,1,1,1,1,1,1,1,1,-1,-1,-1,-1|./seeds/seed_006.txt
11,12,2,4,0,1,5,6,3,9,10,7,14,13,8|-1,-1,1,1,1,1,1,1,1,-1,-1,1,-1,-1,-1|./seeds/seed_005.txt
11,12,2,4,0,1,5,6,3,9,10,7,14,13,8|-1,-1,1,1,1,1,1,1,1,-1,-1,1,-1,-1,-1|./seeds/seed_000.txt
13,14,10,9,8,3,0,4,12,2,11,5,1,6,7|1,1,1,1,1,-1,-1,-1,1,-1,1,-1,-1,-1,-1|./seeds/seed_003.txt
13,10,9,14,8,3,0,4,2,12,11,5,1,6,7|1,1,1,1,1,-1,-1,-1,-1,1,1,-1,-1,-1,-1|./seeds/seed_004.txt
13,14,8,9,10,11,6,12,2,3,1,5,0,4,7|1,1,1,1,1,-1,1,-1,1,-1,1,1,-1,-1,-1|./seeds/seed_003.txt
8,13,14,9,10,11,6,12,2,3,1,5,0,7,4|1,1,1,1,1,-1,1,-1,1,-1,1,1,-1,1,-1|./seeds/seed_001.txt
11,12,7,1,2,6,5,0,4,13,8,14,3,9,10|-1,-1,1,1,1,1,1,1,1,1,1,1,1,-1,-1|./seeds/seed_005.txt
11,12,7,2,1,6,5,4,0,13,3,8,14,10,9|-1,-1,1,1,1,1,1,1,1,1,1,1,1,-1,-1|./seeds/seed_000.txt
14,13,12,0,3,4,2,11,10,1,9,5,6,7,8|1,1,1,-1,-1,-1,-1,1,1,-1,1,-1,-1,-1,1|./seeds/seed_001.txt
14,13,12,0,3,4,2,11,10,9,1,5,6,7,8|1,1,1,-1,-1,-1,-1,1,1,1,-1,-1,-1,-1,1|./seeds/seed_004.txt
10,9,13,14,8,3,0,4,12,2,11,5,1,6,7|1,1,1,1,1,-1,-1,-1,1,-1,1,-1,-1,-1,-1|./seeds/seed_005.txt
10,9,13,14,8,3,0,4,12,2,11,5,1,6,7|1,1,1,1,1,-1,-1,-1,1,-1,1,-1,-1,-1,-1|./seeds/seed_002.txt
11,12,7,1,2,6,5,0,4,13,8,14,3,9,10|-1,-1,1,1,1,1,1,1,1,1,1,1,1,-1,-1|./seeds/seed_005.txt
11,12,7,2,1,6,5,13,14,0,4,3,8,10,9|-1,-1,1,1,1,1,1,1,1,1,1,1,1,-1,-1|./seeds/seed_006.txt
2,5,1,0,6,4,3,7,8,10,9,12,11,13,14|1,1,1,1,1,1,1,1,1,1,1,-1,-1,-1,-1|./seeds/seed_003.txt
2,5,1,0,4,6,3,7,8,10,9,12,11,13,14|1,1,1,1,1,1,1,1,1,1,1,-1,-1,-1,-1|./seeds/seed_004.txt
14,13,12,0,3,4,2,10,11,9,1,5,6,7,8|1,1,1,-1,-1,-1,-1,1,1,1,-1,-1,-1,-1,1|./seeds/seed_003.txt
14,13,12,0,3,4,2,11,10,9,1,5,6,7,8|1,1,1,-1,-1,-1,-1,1,1,1,-1,-1,-1,-1,1|./seeds/seed_002.txt
2,5,1,0,4,6,3,7,8,10,9,12,11,13,14|1,1,1,1,1,1,1,1,1,1,1,-1,-1,-1,-1|./seeds/seed_004.txt
2,5,1,0,6,4,3,7,8,10,9,12,11,13,14|1,1,1,1,1,1,1,1,1,1,1,-1,-1,-1,-1|./seeds/seed_001.txt
14,13,12,0,3,4,2,11,10,9,1,5,6,7,8|1,1,1,-1,-1,-1,-1,1,1,1,-1,-1,-1,-1,1|./seeds/seed_005.txt
14,13,12,0,3,4,2,11,10,9,1,5,6,7,8|1,1,1,-1,-1,-1,-1,1,1,1,-1,-1,-1,-1,1|./seeds/seed_006.txt
11,12,2,4,0,1,5,6,3,9,10,7,14,13,8|-1,-1,1,1,1,1,1,1,1,-1,-1,1,-1,-1,-1|./seeds/seed_002.txt
11,12,2,4,0,1,5,6,3,9,10,7,14,13,8|-1,-1,1,1,1,1,1,1,1,-1,-1,1,-1,-1,-1|./seeds/seed_000.txt
2,5,1,0,4,6,3,7,8,10,9,12,11,13,14|1,1,1,1,1,1,1,1,1,1,1,-1,-1,-1,-1|./seeds/seed_006.txt
2,5,1,0,6,4,3,7,8,10,9,12,11,13,14|1,1,1,1,1,1,1,1,1,1,1,-1,-1,-1,-1|./seeds/seed_000.txt
8,13,14,9,10,11,6,12,3,2,1,5,0,7,4|1,1,1,1,1,-1,1,-1,-1,1,1,1,-1,1,-1|./seeds/seed_000.txt
14,13,8,9,10,11,12,6,2,3,1,5,0,4,7|1,1,1,1,1,-1,-1,1,1,-1,1,1,-1,-1,1|./seeds/seed_006.txt
11,12,7,1,2,6,5,0,4,13,8,14,3,9,10|-1,-1,1,1,1,1,1,1,1,1,1,1,1,-1,-1|./seeds/seed_005.txt
11,12,7,2,1,6,5,13,14,0,4,3,8,10,9|-1,-1,1,1,1,1,1,1,1,1,1,1,1,-1,-1|./seeds/seed_006.txt
11,12,2,4,0,1,6,5,3,9,10,7,8,14,13|-1,-1,1,1,1,1,1,1,1,-1,-1,1,-1,-1,-1|./seeds/seed_006.txt
11,12,2,0,4,1,5,6,3,9,10,7,8,14,13|-1,-1,1,1,1,1,1,1,1,-1,-1,1,-1,-1,-1|./seeds/seed_004.txt
2,5,1,0,4,6,3,7,8,10,9,12,11,13,14|1,1,1,1,1,1,1,1,1,1,1,-1,-1,-1,-1|./seeds/seed_004.txt
2,5,1,0,4,6,3,7,8,10,9,12,11,13,14|1,1,1,1,1,1,1,1,1,1,1,-1,-1,-1,-1|./seeds/seed_006.txt
11,12,7,2,1,6,5,13,14,0,4,3,8,10,9|-1,-1,1,1,1,1,1,1,1,1,1,1,1,-1,-1|./seeds/seed_006.txt
11,12,7,1,2,6,5,0,4,13,8,14,3,9,10|-1,-1,1,1,1,1,1,1,1,1,1,1,1,-1,-1|./seeds/seed_005.txt
13,10,9,14,8,3,0,4,2,12,11,5,1,6,7|1,1,1,1,1,-1,-1,-1,-1,1,1,-1,-1,-1,-1|./seeds/seed_006.txt
13,14,10,9,8,3,0,4,12,2,11,5,1,6,7|1,1,1,1,1,-1,-1,-1,1,-1,1,-1,-1,-1,-1|./seeds/seed_003.txt
13,14,10,9,8,3,7,0,4,12,11,2,5,1,6|1,1,1,1,1,-1,-1,-1,-1,1,1,-1,-1,-1,1|./seeds/seed_005.txt
13,14,10,9,8,3,7,0,4,12,11,2,5,1,6|1,1,1,1,1,-1,-1,-1,-1,1,1,-1,-1,-1,1|./seeds/seed_003.txt
14,13,12,0,3,4,2,11,10,1,9,5,6,7,8|1,1,1,-1,-1,-1,-1,1,1,-1,1,-1,-1,-1,1|./seeds/seed_000.txt
14,13,12,0,3,4,2,11,10,9,1,5,6,7,8|1,1,1,-1,-1,-1,-1,1,1,1,-1,-1,-1,-1,1|./seeds/seed_004.txt
11,12,2,4,0,1,5,6,3,9,10,7,14,13,8|-1,-1,1,1,1,1,1,1,1,-1,-1,1,-1,-1,-1|./seeds/seed_000.txt
11,12,2,4,0,1,5,6,3,9,10,7,14,13,8|-1,-1,1,1,1,1,1,1,1,-1,-1,1,-1,-1,-1|./seeds/seed_001.txt
13,14,8,9,10,11,12,6,2,3,1,5,0,4,7|1,1,1,1,1,-1,-1,1,1,-1,1,1,-1,-1,1|./seeds/seed_004.txt
8,13,14,9,10,11,12,6,3,2,1,5,0,7,4|1,1,1,1,1,-1,-1,1,-1,1,1,1,-1,1,-1|./seeds/seed_005.txt
11,12,7,2,1,6,5,4,0,13,3,8,14,10,9|-1,-1,1,1,1,1,1,1,1,1,1,1,1,-1,-1|./seeds/seed_000.txt
11,12,7,2,1,6,5,4,0,13,3,8,14,10,9|-1,-1,1,1,1,1,1,1,1,1,1,1,1,-1,-1|./seeds/seed_001.txt
14,13,12,0,3,4,2,10,11,9,1,5,6,7,8|1,1,1,-1,-1,-1,-1,1,1,1,-1,-1,-1,-1,1|./seeds/seed_003.txt
14,13,12,0,3,4,2,11,10,9,1,5,6,7,8|1,1,1,-1,-1,-1,-1,1,1,1,-1,-1,-1,-1,1|./seeds/seed_002.txt
14,13,12,0,3,4,2,11,10,1,9,5,6,7,8|1,1,1,-1,-1,-1,-1,1,1,-1,1,-1,-1,-1,1|./seeds/seed_001.txt
14,13,12,0,3,4,2,11,10,1,9,5,6,7,8|1,1,1,-1,-1,-1,-1,1,1,-1,1,-1,-1,-1,1|./seeds/seed_000.txt
13,14,10,9,8,3,0,4,12,2,11,5,1,6,7|1,1,1,1,1,-1,-1,-1,1,-1,1,-1,-1,-1,-1|./seeds/seed_003.txt
10,9,13,14,8,3,0,4,12,2,11,5,1,6,7|1,1,1,1,1,-1,-1,-1,1,-1,1,-1,-1,-1,-1|./seeds/seed_001.txt
14,13,12,0,3,4,2,10,11,9,1,5,6,7,8|1,1,1,-1,-1,-1,-1,1,1,1,-1,-1,-1,-1,1|./seeds/seed_003.txt
14,13,12,0,3,4,2,11,10,1,9,5,6,7,8|1,1,1,-1,-1,-1,-1,1,1,-1,1,-1,-1,-1,1|./seeds/seed_001.txt
10,9,13,14,8,3,0,4,12,2,11,5,1,6,7|1,1,1,1,1,-1,-1,-1,1,-1,1,-1,-1,-1,-1|./seeds/seed_001.txt
13,10,9,14,8,3,0,4,2,12,11,5,1,6,7|1,1,1,1,1,-1,-1,-1,-1,1,1,-1,-1,-1,-1|./seeds/seed_006.txt
11,12,7,2,1,6,5,13,14,0,4,3,8,10,9|-1,-1,1,1,1,1,1,1,1,1,1,1,1,-1,-1|./seeds/seed_006.txt
11,12,7,2,1,6,13,5,14,0,4,3,8,10,9|-1,-1,1,1,1,1,1,1,1,1,1,1,1,-1,-1|./seeds/seed_003.txt
13,14,8,9,10,11,12,6,2,3,1,5,0,4,7|1,1,1,1,1,-1,-1,1,1,-1,1,1,-1,-1,1|./seeds/seed_004.txt
13,14,8,9,10,11,12,6,2,3,1,5,0,7,4|1,1,1,1,1,-1,-1,1,1,-1,1,1,-1,1,-1|./seeds/seed_002.txt
14,13,12,0,3,4,2,11,10,9,1,5,6,7,8|1,1,1,-1,-1,-1,-1,1,1,1,-1,-1,-1,-1,1|./seeds/seed_005.txt
14,13,12,0,3,4,2,11,10,9,1,5,6,7,8|1,1,1,-1,-1,-1,-1,1,1,1,-1,-1,-1,-1,1|./seeds/seed_002.txt
13,10,9,14,8,3,0,4,2,12,11,5,1,6,7|1,1,1,1,1,-1,-1,-1,-1,1,1,-1,-1,-1,-1|./seeds/seed_004.txt
13,10,9,14,8,3,0,4,2,12,11,5,1,6,7|1,1,1,1,1,-1,-1,-1,-1,1,1,-1,-1,-1,-1|./seeds/seed_006.txt
13,14,10,9,8,3,7,0,4,12,2,11,5,1,6|1,1,1,1,1,-1,-1,-1,-1,1,-1,1,-1,-1,1|./seeds/seed_004.txt
13,14,10,9,8,3,7,0,4,12,11,2,5,1,6|1,1,1,1,1,-1,-1,-1,-1,1,1,-1,-1,-1,1|./seeds/seed_001.txt
11,12,2,0,4,1,5,6,3,9,10,7,8,14,13|-1,-1,1,1,1,1,1,1,1,-1,-1,1,-1,-1,-1|./seeds/seed_004.txt
11,12,2,4,0,1,5,6,3,9,10,7,8,13,14|-1,-1,1,1,1,1,1,1,1,-1,-1,1,-1,1,1|./seeds/seed_003.txt
11,12,7,2,1,6,5,13,0,4,14,8,3,10,9|-1,-1,1,1,1,1,1,1,1,1,1,1,1,-1,-1|./seeds/seed_004.txt
11,12,7,2,1,6,5,4,0,13,3,8,14,10,9|-1,-1,1,1,1,1,1,1,1,1,1,1,1,-1,-1|./seeds/seed_001.txt
14,13,12,0,3,4,2,11,10,1,9,5,6,7,8|1,1,1,-1,-1,-1,-1,1,1,-1,1,-1,-1,-1,1|./seeds/seed_000.txt
14,13,12,0,3,4,2,11,10,9,1,5,6,7,8|1,1,1,-1,-1,-1,-1,1,1,1,-1,-1,-1,-1,1|./seeds/seed_004.txt
11,12,2,4,0,1,5,6,3,9,10,7,14,13,8|-1,-1,1,1,1,1,1,1,1,-1,-1,1,-1,-1,-1|./seeds/seed_000.txt
11,12,2,4,0,1,6,5,3,9,10,7,8,14,13|-1,-1,1,1,1,1,1,1,1,-1,-1,1,-1,-1,-1|./seeds/seed_006.txt
14,13,12,0,3,4,2,10,11,9,1,5,6,7,8|1,1,1,-1,-1,-1,-1,1,1,1,-1,-1,-1,-1,1|./seeds/seed_003.txt
14,13,12,0,3,4,2,11,10,1,9,5,6,7,8|1,1,1,-1,-1,-1,-1,1,1,-1,1,-1,-1,-1,1|./seeds/seed_001.txt
14,13,12,0,3,4,2,11,10,9,1,5,6,7,8|1,1,1,-1,-1,-1,-1,1,1,1,-1,-1,-1,-1,1|./seeds/seed_005.txt
14,13,12,0,3,4,2,10,11,9,1,5,6,7,8|1,1,1,-1,-1,-1,-1,1,1,1,-1,-1,-1,-1,1|./seeds/seed_003.txt
14,13,8,9,10,11,12,6,2,3,1,5,0,4,7|1,1,1,1,1,-1,-1,1,1,-1,1,1,-1,-1,1|./seeds/seed_006.txt
13,14,8,9,10,11,12,6,2,3,1,5,0,7,4|1,1,1,1,1,-1,-1,1,1,-1,1,1,-1,1,-1|./seeds/seed_002.txt
13,10,9,14,8,3,0,4,2,12,11,5,1,6,7|1,1,1,1,1,-1,-1,-1,-1,1,1,-1,-1,-1,-1|./seeds/seed_006.txt
13,10,9,14,8,3,0,4,2,12,11,5,1,6,7|1,1,1,1,1,-1,-1,-1,-1,1,1,-1,-1,-1,-1|./seeds/seed_004.txt
13,14,10,9,8,3,7,0,4,12,2,11,5,1,6|1,1,1,1,1,-1,-1,-1,-1,1,-1,1,-1,-1,1|./seeds/seed_004.txt
13,14,10,9,8,3,7,0,4,12,11,2,5,1,6|1,1,1,1,1,-1,-1,-1,-1,1,1,-1,-1,-1,1|./seeds/seed_000.txt
14,13,12,0,3,4,2,10,11,9,1,5,6,7,8|1,1,1,-1,-1,-1,-1,1,1,1,-1,-1,-1,-1,1|./seeds/seed_003.txt
14,13,12,0,3,4,2,11,10,9,1,5,6,7,8|1,1,1,-1,-1,-1,-1,1,1,1,-1,-1,-1,-1,1|./seeds/seed_005.txt
8,13,14,9,10,11,12,6,3,2,1,5,0,7,4|1,1,1,1,1,-1,-1,1,-1,1,1,1,-1,1,-1|./seeds/seed_005.txt
13,14,8,9,10,11,12,6,2,3,1,5,0,4,7|1,1,1,1,1,-1,-1,1,1,-1,1,1,-1,-1,1|./seeds/seed_004.txt
10,9,13,14,8,3,0,4,12,2,11,5,1,6,7|1,1,1,1,1,-1,-1,-1,1,-1,1,-1,-1,-1,-1|./seeds/seed_005.txt
10,9,13,14,8,3,0,4,12,2,11,5,1,6,7|1,1,1,1,1,-1,-1,-1,1,-1,1,-1,-1,-1,-1|./seeds/seed_002.txt
11,12,7,1,2,6,5,13,0,4,14,3,8,9,10|-1,-1,1,1,1,1,1,1,1,1,1,1,1,-1,-1|./seeds/seed_002.txt
11,12,7,2,1,6,5,13,14,0,4,3,8,10,9|-1,-1,1,1,1,1,1,1,1,1,1,1,1,-1,-1|./seeds/seed_006.txt
14,13,12,0,3,4,2,11,10,1,9,5,6,7,8|1,1,1,-1,-1,-1,-1,1,1,-1,1,-1,-1,-1,1|./seeds/seed_000.txt
14,13,12,0,3,4,2,11,10,9,1,5,6,7,8|1,1,1,-1,-1,-1,-1,1,1,1,-1,-1,-1,-1,1|./seeds/seed_004.txt
11,12,2,4,0,1,5,6,3,9,10,7,14,13,8|-1,-1,1,1,1,1,1,1,1,-1,-1,1,-1,-1,-1|./seeds/seed_002.txt
11,12,2,4,0,1,6,5,3,9,10,7,8,14,13|-1,-1,1,1,1,1,1,1,1,-1,-1,1,-1,-1,-1|./seeds/seed_006.txt
11,12,7,2,1,6,5,13,0,4,14,8,3,10,9|-1,-1,1,1,1,1,1,1,1,1,1,1,1,-1,-1|./seeds/seed_004.txt
11,12,7,1,2,6,5,13,0,4,14,3,8,9,10|-1,-1,1,1,1,1,1,1,1,1,1,1,1,-1,-1|./seeds/seed_002.txt
11,12,7,2,1,6,5,4,0,13,3,8,14,10,9|-1,-1,1,1,1,1,1,1,1,1,1,1,1,-1,-1|./seeds/seed_001.txt
11,12,7,2,1,6,5,13,14,0,4,3,8,10,9|-1,-1,1,1,1,1,1,1,1,1,1,1,1,-1,-1|./seeds/seed_006.txt
11,12,2,4,0,1,5,6,3,9,10,7,14,13,8|-1,-1,1,1,1,1,1,1,1,-1,-1,1,-1,-1,-1|./seeds/seed_002.txt
11,12,2,0,4,1,5,6,3,9,10,7,8,14,13|-1,-1,1,1,1,1,1,1,1,-1,-1,1,-1,-1,-1|./seeds/seed_004.txt
10,9,13,14,8,3,0,4,12,2,11,5,1,6,7|1,1,1,1,1,-1,-1,-1,1,-1,1,-1,-1,-1,-1|./seeds/seed_005.txt
10,9,13,14,8,3,0,4,12,2,11,5,1,6,7|1,1,1,1,1,-1,-1,-1,1,-1,1,-1,-1,-1,-1|./seeds/seed_002.txt
11,12,7,2,1,6,13,5,14,0,4,3,8,10,9|-1,-1,1,1,1,1,1,1,1,1,1,1,1,-1,-1|./seeds/seed_003.txt
11,12,7,2,1,6,5,13,14,0,4,3,8,10,9|-1,-1,1,1,1,1,1,1,1,1,1,1,1,-1,-1|./seeds/seed_006.txt
11,12,7,1,2,6,5,13,0,4,14,3,8,9,10|-1,-1,1,1,1,1,1,1,1,1,1,1,1,-1,-1|./seeds/seed_002.txt
11,12,7,2,1,6,13,5,14,0,4,3,8,10,9|-1,-1,1,1,1,1,1,1,1,1,1,1,1,-1,-1|./seeds/seed_003.txt
13,14,10,9,8,3,7,0,4,12,11,2,5,1,6|1,1,1,1,1,-1,-1,-1,-1,1,1,-1,-1,-1,1|./seeds/seed_005.txt
13,14,10,9,8,3,7,0,4,12,11,2,5,1,6|1,1,1,1,1,-1,-1,-1,-1,1,1,-1,-1,-1,1|./seeds/seed_000.txt
10,9,13,14,8,3,0,4,12,2,11,5,1,6,7|1,1,1,1,1,-1,-1,-1,1,-1,1,-1,-1,-1,-1|./seeds/seed_005.txt
13,10,9,14,8,3,0,4,2,12,11,5,1,6,7|1,1,1,1,1,-1,-1,-1,-1,1,1,-1,-1,-1,-1|./seeds/seed_006.txt
11,12,2,0,4,1,5,6,3,9,10,7,8,14,13|-1,-1,1,1,1,1,1,1,1,-1,-1,1,-1,-1,-1|./seeds/seed_004.txt
11,12,2,4,0,1,5,6,3,9,10,7,14,13,8|-1,-1,1,1,1,1,1,1,1,-1,-1,1,-1,-1,-1|./seeds/seed_005.txt
14,13,12,0,3,4,2,11,10,1,9,5,6,7,8|1,1,1,-1,-1,-1,-1,1,1,-1,1,-1,-1,-1,1|./seeds/seed_000.txt
14,13,12,0,3,4,2,11,10,9,1,5,6,7,8|1,1,1,-1,-1,-1,-1,1,1,1,-1,-1,-1,-1,1|./seeds/seed_004.txt
13,14,10,9,8,3,7,0,4,12,11,2,5,1,6|1,1,1,1,1,-1,-1,-1,-1,1,1,-1,-1,-1,1|./seeds/seed_001.txt
13,14,10,9,8,3,7,0,4,12,11,2,5,1,6|1,1,1,1,1,-1,-1,-1,-1,1,1,-1,-1,-1,1|./seeds/seed_000.txt
2,5,1,0,4,6,3,7,8,10,9,12,11,13,14|1,1,1,1,1,1,1,1,1,1,1,-1,-1,-1,-1|./seeds/seed_004.txt
2,5,1,0,6,4,3,7,8,10,9,12,11,13,14|1,1,1,1,1,1,1,1,1,1,1,-1,-1,-1,-1|./seeds/seed_003.txt
13,14,10,9,8,3,7,0,4,12,2,11,5,1,6|1,1,1,1,1,-1,-1,-1,-1,1,-1,1,-1,-1,1|./seeds/seed_002.txt
13,14,10,9,8,3,7,0,4,12,11,2,5,1,6|1,1,1,1,1,-1,-1,-1,-1,1,1,-1,-1,-1,1|./seeds/seed_001.txt
11,12,7,2,1,6,5,4,0,13,3,8,14,10,9|-1,-1,1,1,1,1,1,1,1,1,1,1,1,-1,-1|./seeds/seed_001.txt
11,12,7,2,1,6,5,4,0,13,3,8,14,10,9|-1,-1,1,1,1,1,1,1,1,1,1,1,1,-1,-1|./seeds/seed_000.txt
11,12,2,0,4,1,5,6,3,9,10,7,8,14,13|-1,-1,1,1,1,1,1,1,1,-1,-1,1,-1,-1,-1|./seeds/seed_004.txt
11,12,2,4,0,1,5,6,3,9,10,7,14,13,8|-1,-1,1,1,1,1,1,1,1,-1,-1,1,-1,-1,-1|./seeds/seed_005.txt
11,12,2,0,4,1,5,6,3,9,10,7,8,14,13|-1,-1,1,1,1,1,1,1,1,-1,-1,1,-1,-1,-1|./seeds/seed_004.txt
11,12,2,4,0,1,5,6,3,9,10,7,8,13,14|-1,-1,1,1,1,1,1,1,1,-1,-1,1,-1,1,1|./seeds/seed_003.txt
2,5,1,0,6,4,3,7,8,10,9,12,11,13,14|1,1,1,1,1,1,1,1,1,1,1,-1,-1,-1,-1|./seeds/seed_005.txt
2,5,1,0,6,4,3,7,8,10,9,12,11,13,14|1,1,1,1,1,1,1,1,1,1,1,-1,-1,-1,-1|./seeds/seed_003.txt
8,13,14,9,10,11,12,6,3,2,1,5,0,7,4|1,1,1,1,1,-1,-1,1,-1,1,1,1,-1,1,-1|./seeds/seed_005.txt
8,13,14,9,10,11,6,12,2,3,1,5,0,7,4|1,1,1,1,1,-1,1,-1,1,-1,1,1,-1,1,-1|./seeds/seed_001.txt
14,13,12,0,3,4,2,11,10,1,9,5,6,7,8|1,1,1,-1,-1,-1,-1,1,1,-1,1,-1,-1,-1,1|./seeds/seed_000.txt
14,13,12,0,3,4,2,10,11,9,1,5,6,7,8|1,1,1,-1,-1,-1,-1,1,1,1,-1,-1,-1,-1,1|./seeds/seed_003.txt
10,9,13,14,8,3,0,4,12,2,11,5,1,6,7|1,1,1,1,1,-1,-1,-1,1,-1,1,-1,-1,-1,-1|./seeds/seed_001.txt
13,14,10,9,8,3,0,4,12,2,11,5,1,6,7|1,1,1,1,1,-1,-1,-1,1,-1,1,-1,-1,-1,-1|./seeds/seed_003.txt
13,14,10,9,8,3,7,0,4,12,2,11,5,1,6|1,1,1,1,1,-1,-1,-1,-1,1,-1,1,-1,-1,1|./seeds/seed_002.txt
13,14,10,9,8,3,7,0,4,12,11,2,5,1,6|1,1,1,1,1,-1,-1,-1,-1,1,1,-1,-1,-1,1|./seeds/seed_005.txt
8,13,14,9,10,11,6,12,3,2,1,5,0,7,4|1,1,1,1,1,-1,1,-1,-1,1,1,1,-1,1,-1|./seeds/seed_000.txt
13,14,8,9,10,11,12,6,2,3,1,5,0,4,7|1,1,1,1,1,-1,-1,1,1,-1,1,1,-1,-1,1|./seeds/seed_004.txt
11,12,7,2,1,6,13,5,14,0,4,3,8,10,9|-1,-1,1,1,1,1,1,1,1,1,1,1,1,-1,-1|./seeds/seed_003.txt
11,12,7,1,2,6,5,0,4,13,8,14,3,9,10|-1,-1,1,1,1,1,1,1,1,1,1,1,1,-1,-1|./seeds/seed_005.txt
11,12,2,4,0,1,5,6,3,9,10,7,8,13,14|-1,-1,1,1,1,1,1,1,1,-1,-1,1,-1,1,1|./seeds/seed_003.txt
11,12,2,0,4,1,5,6,3,9,10,7,8,14,13|-1,-1,1,1,1,1,1,1,1,-1,-1,1,-1,-1,-1|./seeds/seed_004.txt
10,9,13,14,8,3,0,4,12,2,11,5,1,6,7|1,1,1,1,1,-1,-1,-1,1,-1,1,-1,-1,-1,-1|./seeds/seed_000.txt
10,9,13,14,8,3,0,4,12,2,11,5,1,6,7|1,1,1,1,1,-1,-1,-1,1,-1,1,-1,-1,-1,-1|./seeds/seed_005.txt
14,13,12,0,3,4,2,11,10,1,9,5,6,7,8|1,1,1,-1,-1,-1,-1,1,1,-1,1,-1,-1,-1,1|./seeds/seed_001.txt
14,13,12,0,3,4,2,11,10,9,1,5,6,7,8|1,1,1,-1,-1,-1,-1,1,1,1,-1,-1,-1,-1,1|./seeds/seed_004.txt
14,13,8,9,10,11,12,6,2,3,1,5,0,4,7|1,1,1,1,1,-1,-1,1,1,-1,1,1,-1,-1,1|./seeds/seed_006.txt
8,13,14,9,10,11,6,12,3,2,1,5,0,7,4|1,1,1,1,1,-1,1,-1,-1,1,1,1,-1,1,-1|./seeds/seed_000.txt
11,12,2,4,0,1,5,6,3,9,10,7,14,13,8|-1,-1,1,1,1,1,1,1,1,-1,-1,1,-1,-1,-1|./seeds/seed_002.txt
11,12,2,4,0,1,5,6,3,9,10,7,14,13,8|-1,-1,1,1,1,1,1,1,1,-1,-1,1,-1,-1,-1|./seeds/seed_001.txt
11,12,2,4,0,1,5,6,3,9,10,7,14,13,8|-1,-1,1,1,1,1,1,1,1,-1,-1,1,-1,-1,-1|./seeds/seed_005.txt
11,12,2,4,0,1,5,6,3,9,10,7,14,13,8|-1,-1,1,1,1,1,1,1,1,-1,-1,1,-1,-1,-1|./seeds/seed_002.txt
14,13,12,0,3,4,2,11,10,9,1,5,6,7,8|1,1,1,-1,-1,-1,-1,1,1,1,-1,-1,-1,-1,1|./seeds/seed_004.txt
14,13,12,0,3,4,2,11,10,9,1,5,6,7,8|1,1,1,-1,-1,-1,-1,1,1,1,-1,-1,-1,-1,1|./seeds/seed_006.txt
2,5,1,0,4,6,3,7,8,10,9,12,11,13,14|1,1,1,1,1,1,1,1,1,1,1,-1,-1,-1,-1|./seeds/seed_004.txt
2,5,1,0,6,4,3,7,8,10,9,12,11,13,14|1,1,1,1,1,1,1,1,1,1,1,-1,-1,-1,-1|./seeds/seed_000.txt
2,5,1,0,4,6,3,7,8,10,9,12,11,13,14|1,1,1,1,1,1,1,1,1,1,1,-1,-1,-1,-1|./seeds/seed_004.txt
2,5,1,0,6,4,3,7,8,10,9,12,11,13,14|1,1,1,1,1,1,1,1,1,1,1,-1,-1,-1,-1|./seeds/seed_005.txt
14,13,12,0,3,4,2,11,10,9,1,5,6,7,8|1,1,1,-1,-1,-1,-1,1,1,1,-1,-1,-1,-1,1|./seeds/seed_004.txt
14,13,12,0,3,4,2,11,10,9,1,5,6,7,8|1,1,1,-1,-1,-1,-1,1,1,1,-1,-1,-1,-1,1|./seeds/seed_005.txt
14,13,12,0,3,4,2,11,10,9,1,5,6,7,8|1,1,1,-1,-1,-1,-1,1,1,1,-1,-1,-1,-1,1|./seeds/seed_004.txt
14,13,12,0,3,4,2,11,10,1,9,5,6,7,8|1,1,1,-1,-1,-1,-1,1,1,-1,1,-1,-1,-1,1|./seeds/seed_001.txt
11,12,7,1,2,6,5,0,4,13,8,14,3,9,10|-1,-1,1,1,1,1,1,1,1,1,1,1,1,-1,-1|./seeds/seed_005.txt
11,12,7,2,1,6,5,13,14,0,4,3,8,10,9|-1,-1,1,1,1,1,1,1,1,1,1,1,1,-1,-1|./seeds/seed_006.txt
8,13,14,9,10,11,12,6,3,2,1,5,0,7,4|1,1,1,1,1,-1,-1,1,-1,1,1,1,-1,1,-1|./seeds/seed_005.txt
8,13,14,9,10,11,6,12,2,3,1,5,0,7,4|1,1,1,1,1,-1,1,-1,1,-1,1,1,-1,1,-1|./seeds/seed_001.txt
2,5,1,0,6,4,3,7,8,10,9,12,11,13,14|1,1,1,1,1,1,1,1,1,1,1,-1,-1,-1,-1|./seeds/seed_005.txt
2,5,1,0,6,4,3,7,8,10,9,12,11,13,14|1,1,1,1,1,1,1,1,1,1,1,-1,-1,-1,-1|./seeds/seed_002.txt
11,12,2,4,0,1,5,6,3,9,10,7,14,13,8|-1,-1,1,1,1,1,1,1,1,-1,-1,1,-1,-1,-1|./seeds/seed_002.txt
11,12,2,4,0,1,5,6,3,9,10,7,14,13,8|-1,-1,1,1,1,1,1,1,1,-1,-1,1,-1,-1,-1|./seeds/seed_000.txt
11,12,7,1,2,6,5,13,0,4,14,3,8,9,10|-1,-1,1,1,1,1,1,1,1,1,1,1,1,-1,-1|./seeds/seed_002.txt
11,12,7,2,1,6,5,4,0,13,3,8,14,10,9|-1,-1,1,1,1,1,1,1,1,1,1,1,1,-1,-1|./seeds/seed_001.txt
13,14,8,9,10,11,6,12,2,3,1,5,0,4,7|1,1,1,1,1,-1,1,-1,1,-1,1,1,-1,-1,-1|./seeds/seed_003.txt
14,13,8,9,10,11,12,6,2,3,1,5,0,4,7|1,1,1,1,1,-1,-1,1,1,-1,1,1,-1,-1,1|./seeds/seed_006.txt
11,12,2,4,0,1,6,5,3,9,10,7,8,14,13|-1,-1,1,1,1,1,1,1,1,-1,-1,1,-1,-1,-1|./seeds/seed_006.txt
11,12,2,4,0,1,5,6,3,9,10,7,14,13,8|-1,-1,1,1,1,1,1,1,1,-1,-1,1,-1,-1,-1|./seeds/seed_001.txt
11,12,2,4,0,1,5,6,3,9,10,7,14,13,8|-1,-1,1,1,1,1,1,1,1,-1,-1,1,-1,-1,-1|./seeds/seed_002.txt
11,12,2,4,0,1,5,6,3,9,10,7,14,13,8|-1,-1,1,1,1,1,1,1,1,-1,-1,1,-1,-1,-1|./seeds/seed_001.txt
2,5,1,0,6,4,3,7,8,10,9,12,11,13,14|1,1,1,1,1,1,1,1,1,1,1,-1,-1,-1,-1|./seeds/seed_003.txt
2,5,1,0,4,6,3,7,8,10,9,12,11,13,14|1,1,1,1,1,1,1,1,1,1,1,-1,-1,-1,-1|./seeds/seed_004.txt
11,12,2,4,0,1,5,6,3,9,10,7,14,13,8|-1,-1,1,1,1,1,1,1,1,-1,-1,1,-1,-1,-1|./seeds/seed_001.txt
11,12,2,0,4,1,5,6,3,9,10,7,8,14,13|-1,-1,1,1,1,1,1,1,1,-1,-1,1,-1,-1,-1|./seeds/seed_004.txt
11,12,2,4,0,1,5,6,3,9,10,7,8,13,14|-1,-1,1,1,1,1,1,1,1,-1,-1,1,-1,1,1|./seeds/seed_003.txt
11,12,2,0,4,1,5,6,3,9,10,7,8,14,13|-1,-1,1,1,1,1,1,1,1,-1,-1,1,-1,-1,-1|./seeds/seed_004.txt
2,5,1,0,6,4,3,7,8,10,9,12,11,13,14|1,1,1,1,1,1,1,1,1,1,1,-1,-1,-1,-1|./seeds/seed_001.txt
2,5,1,0,6,4,3,7,8,10,9,12,11,13,14|1,1,1,1,1,1,1,1,1,1,1,-1,-1,-1,-1|./seeds/seed_000.txt
14,13,12,0,3,4,2,11,10,1,9,5,6,7,8|1,1,1,-1,-1,-1,-1,1,1,-1,1,-1,-1,-1,1|./seeds/seed_000.txt
14,13,12,0,3,4,2,11,10,9,1,5,6,7,8|1,1,1,-1,-1,-1,-1,1,1,1,-1,-1,-1,-1,1|./seeds/seed_004.txt
13,14,10,9,8,3,7,0,4,12,2,11,5,1,6|1,1,1,1,1,-1,-1,-1,-1,1,-1,1,-1,-1,1|./seeds/seed_004.txt
13,14,10,9,8,3,7,0,4,12,2,11,5,1,6|1,1,1,1,1,-1,-1,-1,-1,1,-1,1,-1,-1,1|./seeds/seed_006.txt
8,13,14,9,10,11,6,12,2,3,1,5,0,7,4|1,1,1,1,1,-1,1,-1,1,-1,1,1,-1,1,-1|./seeds/seed_001.txt
13,14,8,9,10,11,12,6,2,3,1,5,0,4,7|1,1,1,1,1,-1,-1,1,1,-1,1,1,-1,-1,1|./seeds/seed_004.txt
8,13,14,9,10,11,6,12,2,3,1,5,0,7,4|1,1,1,1,1,-1,1,-1,1,-1,1,1,-1,1,-1|./seeds/seed_001.txt
8,13,14,9,10,11,12,6,3,2,1,5,0,7,4|1,1,1,1,1,-1,-1,1,-1,1,1,1,-1,1,-1|./seeds/seed_005.txt
13,14,8,9,10,11,12,6,2,3,1,5,0,7,4|1,1,1,1,1,-1,-1,1,1,-1,1,1,-1,1,-1|./seeds/seed_002.txt
13,14,8,9,10,11,6,12,2,3,1,5,0,4,7|1,1,1,1,1,-1,1,-1,1,-1,1,1,-1,-1,-1|./seeds/seed_003.txt
11,12,2,4,0,1,5,6,3,9,10,7,14,13,8|-1,-1,1,1,1,1,1,1,1,-1,-1,1,-1,-1,-1|./seeds/seed_001.txt
11,12,2,4,0,1,5,6,3,9,10,7,14,13,8|-1,-1,1,1,1,1,1,1,1,-1,-1,1,-1,-1,-1|./seeds/seed_005.txt
11,12,2,4,0,1,5,6,3,9,10,7,14,13,8|-1,-1,1,1,1,1,1,1,1,-1,-1,1,-1,-1,-1|./seeds/seed_000.txt
11,12,2,4,0,1,5,6,3,9,10,7,14,13,8|-1,-1,1,1,1,1,1,1,1,-1,-1,1,-1,-1,-1|./seeds/seed_002.txt
13,14,8,9,10,11,12,6,2,3,1,5,0,7,4|1,1,1,1,1,-1,-1,1,1,-1,1,1,-1,1,-1|./seeds/seed_002.txt
14,13,8,9,10,11,12,6,2,3,1,5,0,4,7|1,1,1,1,1,-1,-1,1,1,-1,1,1,-1,-1,1|./seeds/seed_006.txt
13,10,9,14,8,3,0,4,2,12,11,5,1,6,7|1,1,1,1,1,-1,-1,-1,-1,1,1,-1,-1,-1,-1|./seeds/seed_004.txt
10,9,13,14,8,3,0,4,12,2,11,5,1,6,7|1,1,1,1,1,-1,-1,-1,1,-1,1,-1,-1,-1,-1|./seeds/seed_001.txt
13,14,10,9,8,3,7,0,4,12,11,2,5,1,6|1,1,1,1,1,-1,-1,-1,-1,1,1,-1,-1,-1,1|./seeds/seed_003.txt
13,14,10,9,8,3,7,0,4,12,11,2,5,1,6|1,1,1,1,1,-1,-1,-1,-1,1,1,-1,-1,-1,1|./seeds/seed_005.txt
13,10,9,14,8,3,0,4,2,12,11,5,1,6,7|1,1,1,1,1,-1,-1,-1,-1,1,1,-1,-1,-1,-1|./seeds/seed_006.txt
13,10,9,14,8,3,0,4,2,12,11,5,1,6,7|1,1,1,1,1,-1,-1,-1,-1,1,1,-1,-1,-1,-1|./seeds/seed_004.txt
8,13,14,9,10,11,6,12,2,3,1,5,0,7,4|1,1,1,1,1,-1,1,-1,1,-1,1,1,-1,1,-1|./seeds/seed_001.txt
13,14,8,9,10,11,12,6,2,3,1,5,0,7,4|1,1,1,1,1,-1,-1,1,1,-1,1,1,-1,1,-1|./seeds/seed_002.txt
8,13,14,9,10,11,12,6,3,2,1,5,0,7,4|1,1,1,1,1,-1,-1,1,-1,1,1,1,-1,1,-1|./seeds/seed_005.txt
14,13,8,9,10,11,12,6,2,3,1,5,0,4,7|1,1,1,1,1,-1,-1,1,1,-1,1,1,-1,-1,1|./seeds/seed_006.txt
13,14,10,9,8,3,7,0,4,12,11,2,5,1,6|1,1,1,1,1,-1,-1,-1,-1,1,1,-1,-1,-1,1|./seeds/seed_005.txt
13,14,10,9,8,3,7,0,4,12,11,2,5,1,6|1,1,1,1,1,-1,-1,-1,-1,1,1,-1,-1,-1,1|./seeds/seed_003.txt
14,13,12,0,3,4,2,10,11,9,1,5,6,7,8|1,1,1,-1,-1,-1,-1,1,1,1,-1,-1,-1,-1,1|./seeds/seed_003.txt
14,13,12,0,3,4,2,11,10,9,1,5,6,7,8|1,1,1,-1,-1,-1,-1,1,1,1,-1,-1,-1,-1,1|./seeds/seed_004.txt
2,5,1,0,6,4,3,7,8,10,9,12,11,13,14|1,1,1,1,1,1,1,1,1,1,1,-1,-1,-1,-1|./seeds/seed_001.txt
2,5,1,0,6,4,3,7,8,10,9,12,11,13,14|1,1,1,1,1,1,1,1,1,1,1,-1,-1,-1,-1|./seeds/seed_005.txt
13,14,10,9,8,3,7,0,4,12,11,2,5,1,6|1,1,1,1,1,-1,-1,-1,-1,1,1,-1,-1,-1,1|./seeds/seed_005.txt
13,14,10,9,8,3,7,0,4,12,11,2,5,1,6|1,1,1,1,1,-1,-1,-1,-1,1,1,-1,-1,-1,1|./seeds/seed_003.txt
14,13,12,0,3,4,2,10,11,9,1,5,6,7,8|1,1,1,-1,-1,-1,-1,1,1,1,-1,-1,-1,-1,1|./seeds/seed_003.txt
14,13,12,0,3,4,2,11,10,9,1,5,6,7,8|1,1,1,-1,-1,-1,-1,1,1,1,-1,-1,-1,-1,1|./seeds/seed_002.txt
13,14,10,9,8,3,7,0,4,12,11,2,5,1,6|1,1,1,1,1,-1,-1,-1,-1,1,1,-1,-1,-1,1|./seeds/seed_003.txt
13,14,10,9,8,3,7,0,4,12,2,11,5,1,6|1,1,1,1,1,-1,-1,-1,-1,1,-1,1,-1,-1,1|./seeds/seed_006.txt
13,14,10,9,8,3,0,4,12,2,11,5,1,6,7|1,1,1,1,1,-1,-1,-1,1,-1,1,-1,-1,-1,-1|./seeds/seed_003.txt
13,10,9,14,8,3,0,4,2,12,11,5,1,6,7|1,1,1,1,1,-1,-1,-1,-1,1,1,-1,-1,-1,-1|./seeds/seed_004.txt
13,14,10,9,8,3,7,0,4,12,11,2,5,1,6|1,1,1,1,1,-1,-1,-1,-1,1,1,-1,-1,-1,1|./seeds/seed_003.txt
13,14,10,9,8,3,7,0,4,12,2,11,5,1,6|1,1,1,1,1,-1,-1,-1,-1,1,-1,1,-1,-1,1|./seeds/seed_002.txt
11,12,7,2,1,6,5,13,0,4,14,8,3,10,9|-1,-1,1,1,1,1,1,1,1,1,1,1,1,-1,-1|./seeds/seed_004.txt
11,12,7,2,1,6,5,4,0,13,3,8,14,10,9|-1,-1,1,1,1,1,1,1,1,1,1,1,1,-1,-1|./seeds/seed_001.txt
14,13,12,0,3,4,2,11,10,9,1,5,6,7,8|1,1,1,-1,-1,-1,-1,1,1,1,-1,-1,-1,-1,1|./seeds/seed_002.txt
14,13,12,0,3,4,2,11,10,9,1,5,6,7,8|1,1,1,-1,-1,-1,-1,1,1,1,-1,-1,-1,-1,1|./seeds/seed_004.txt
13,10,9,14,8,3,0,4,2,12,11,5,1,6,7|1,1,1,1,1,-1,-1,-1,-1,1,1,-1,-1,-1,-1|./seeds/seed_006.txt
10,9,13,14,8,3,0,4,12,2,11,5,1,6,7|1,1,1,1,1,-1,-1,-1,1,-1,1,-1,-1,-1,-1|./seeds/seed_005.txt
14,13,12,0,3,4,2,11,10,9,1,5,6,7,8|1,1,1,-1,-1,-1,-1,1,1,1,-1,-1,-1,-1,1|./seeds/seed_002.txt
14,13,12,0,3,4,2,11,10,1,9,5,6,7,8|1,1,1,-1,-1,-1,-1,1,1,-1,1,-1,-1,-1,1|./seeds/seed_001.txt
11,12,7,2,1,6,5,4,0,13,3,8,14,10,9|-1,-1,1,1,1,1,1,1,1,1,1,1,1,-1,-1|./seeds/seed_000.txt
11,12,7,1,2,6,5,0,4,13,8,14,3,9,10|-1,-1,1,1,1,1,1,1,1,1,1,1,1,-1,-1|./seeds/seed_005.txt
13,14,10,9,8,3,7,0,4,12,2,11,5,1,6|1,1,1,1,1,-1,-1,-1,-1,1,-1,1,-1,-1,1|./seeds/seed_002.txt
13,14,10,9,8,3,7,0,4,12,11,2,5,1,6|1,1,1,1,1,-1,-1,-1,-1,1,1,-1,-1,-1,1|./seeds/seed_003.txt
14,13,8,9,10,11,12,6,2,3,1,5,0,4,7|1,1,1,1,1,-1,-1,1,1,-1,1,1,-1,-1,1|./seeds/seed_006.txt
13,14,8,9,10,11,12,6,2,3,1,5,0,7,4|1,1,1,1,1,-1,-1,1,1,-1,1,1,-1,1,-1|./seeds/seed_002.txt
14,13,12,0,3,4,2,11,10,9,1,5,6,7,8|1,1,1,-1,-1,-1,-1,1,1,1,-1,-1,-1,-1,1|./seeds/seed_005.txt
14,13,12,0,3,4,2,11,10,9,1,5,6,7,8|1,1,1,-1,-1,-1,-1,1,1,1,-1,-1,-1,-1,1|./seeds/seed_002.txt
13,10,9,14,8,3,0,4,2,12,11,5,1,6,7|1,1,1,1,1,-1,-1,-1,-1,1,1,-1,-1,-1,-1|./seeds/seed_004.txt
13,14,10,9,8,3,0,4,12,2,11,5,1,6,7|1,1,1,1,1,-1,-1,-1,1,-1,1,-1,-1,-1,-1|./seeds/seed_003.txt
11,12,2,4,0,1,5,6,3,9,10,7,14,13,8|-1,-1,1,1,1,1,1,1,1,-1,-1,1,-1,-1,-1|./seeds/seed_002.txt
11,12,2,4,0,1,6,5,3,9,10,7,8,14,13|-1,-1,1,1,1,1,1,1,1,-1,-1,1,-1,-1,-1|./seeds/seed_006.txt
11,12,2,4,0,1,6,5,3,9,10,7,8,14,13|-1,-1,1,1,1,1,1,1,1,-1,-1,1,-1,-1,-1|./seeds/seed_006.txt
11,12,2,4,0,1,5,6,3,9,10,7,14,13,8|-1,-1,1,1,1,1,1,1,1,-1,-1,1,-1,-1,-1|./seeds/seed_005.txt
11,12,7,2,1,6,5,4,0,13,3,8,14,10,9|-1,-1,1,1,1,1,1,1,1,1,1,1,1,-1,-1|./seeds/seed_001.txt
11,12,7,2,1,6,5,13,0,4,14,8,3,10,9|-1,-1,1,1,1,1,1,1,1,1,1,1,1,-1,-1|./seeds/seed_004.txt
11,12,2,4,0,1,5,6,3,9,10,7,14,13,8|-1,-1,1,1,1,1,1,1,1,-1,-1,1,-1,-1,-1|./seeds/seed_000.txt
11,12,2,4,0,1,5,6,3,9,10,7,14,13,8|-1,-1,1,1,1,1,1,1,1,-1,-1,1,-1,-1,-1|./seeds/seed_005.txt
11,12,7,1,2,6,5,13,0,4,14,3,8,9,10|-1,-1,1,1,1,1,1,1,1,1,1,1,1,-1,-1|./seeds/seed_002.txt
11,12,7,2,1,6,5,4,0,13,3,8,14,10,9|-1,-1,1,1,1,1,1,1,1,1,1,1,1,-1,-1|./seeds/seed_000.txt
11,12,2,4,0,1,5,6,3,9,10,7,14,13,8|-1,-1,1,1,1,1,1,1,1,-1,-1,1,-1,-1,-1|./seeds/seed_000.txt
11,12,2,4,0,1,6,5,3,9,10,7,8,14,13|-1,-1,1,1,1,1,1,1,1,-1,-1,1,-1,-1,-1|./seeds/seed_006.txt
10,9,13,14,8,3,0,4,12,2,11,5,1,6,7|1,1,1,1,1,-1,-1,-1,1,-1,1,-1,-1,-1,-1|./seeds/seed_002.txt
13,10,9,14,8,3,0,4,2,12,11,5,1,6,7|1,1,1,1,1,-1,-1,-1,-1,1,1,-1,-1,-1,-1|./seeds/seed_004.txt
14,13,12,0,3,4,2,11,10,9,1,5,6,7,8|1,1,1,-1,-1,-1,-1,1,1,1,-1,-1,-1,-1,1|./seeds/seed_005.txt
14,13,12,0,3,4,2,11,10,1,9,5,6,7,8|1,1,1,-1,-1,-1,-1,1,1,-1,1,-1,-1,-1,1|./seeds/seed_001.txt
11,12,2,4,0,1,5,6,3,9,10,7,14,13,8|-1,-1,1,1,1,1,1,1,1,-1,-1,1,-1,-1,-1|./seeds/seed_000.txt
11,12,2,4,0,1,5,6,3,9,10,7,14,13,8|-1,-1,1,1,1,1,1,1,1,-1,-1,1,-1,-1,-1|./seeds/seed_002.txt
11,12,7,2,1,6,5,4,0,13,3,8,14,10,9|-1,-1,1,1,1,1,1,1,1,1,1,1,1,-1,-1|./seeds/seed_000.txt
11,12,7,2,1,6,13,5,14,0,4,3,8,10,9|-1,-1,1,1,1,1,1,1,1,1,1,1,1,-1,-1|./seeds/seed_003.txt
11,12,7,1,2,6,5,0,4,13,8,14,3,9,10|-1,-1,1,1,1,1,1,1,1,1,1,1,1,-1,-1|./seeds/seed_005.txt
11,12,7,2,1,6,5,4,0,13,3,8,14,10,9|-1,-1,1,1,1,1,1,1,1,1,1,1,1,-1,-1|./seeds/seed_001.txt
10,9,13,14,8,3,0,4,12,2,11,5,1,6,7|1,1,1,1,1,-1,-1,-1,1,-1,1,-1,-1,-1,-1|./seeds/seed_000.txt
13,14,10,9,8,3,0,4,12,2,11,5,1,6,7|1,1,1,1,1,-1,-1,-1,1,-1,1,-1,-1,-1,-1|./seeds/seed_003.txt
11,12,7,2,1,6,5,4,0,13,3,8,14,10,9|-1,-1,1,1,1,1,1,1,1,1,1,1,1,-1,-1|./seeds/seed_000.txt
11,12,7,2,1,6,5,4,0,13,3,8,14,10,9|-1,-1,1,1,1,1,1,1,1,1,1,1,1,-1,-1|./seeds/seed_001.txt
11,12,2,4,0,1,5,6,3,9,10,7,14,13,8|-1,-1,1,1,1,1,1,1,1,-1,-1,1,-1,-1,-1|./seeds/seed_005.txt
11,12,2,4,0,1,5,6,3,9,10,7,14,13,8|-1,-1,1,1,1,1,1,1,1,-1,-1,1,-1,-1,-1|./seeds/seed_001.txt
13,14,8,9,10,11,12,6,2,3,1,5,0,4,7|1,1,1,1,1,-1,-1,1,1,-1,1,1,-1,-1,1|./seeds/seed_004.txt
8,13,14,9,10,11,6,12,3,2,1,5,0,7,4|1,1,1,1,1,-1,1,-1,-1,1,1,1,-1,1,-1|./seeds/seed_000.txt
13,14,8,9,10,11,12,6,2,3,1,5,0,4,7|1,1,1,1,1,-1,-1,1,1,-1,1,1,-1,-1,1|./seeds/seed_004.txt
8,13,14,9,10,11,6,12,2,3,1,5,0,7,4|1,1,1,1,1,-1,1,-1,1,-1,1,1,-1,1,-1|./seeds/seed_001.txt
11,12,2,4,0,1,5,6,3,9,10,7,14,13,8|-1,-1,1,1,1,1,1,1,1,-1,-1,1,-1,-1,-1|./seeds/seed_001.txt
11,12,2,4,0,1,5,6,3,9,10,7,8,13,14|-1,-1,1,1,1,1,1,1,1,-1,-1,1,-1,1,1|./seeds/seed_003.txt
2,5,1,0,6,4,3,7,8,10,9,12,11,13,14|1,1,1,1,1,1,1,1,1,1,1,-1,-1,-1,-1|./seeds/seed_005.txt
2,5,1,0,6,4,3,7,8,10,9,12,11,13,14|1,1,1,1,1,1,1,1,1,1,1,-1,-1,-1,-1|./seeds/seed_002.txt
2,5,1,0,6,4,3,7,8,10,9,12,11,13,14|1,1,1,1,1,1,1,1,1,1,1,-1,-1,-1,-1|./seeds/seed_001.txt
2,5,1,0,4,6,3,7,8,10,9,12,11,13,14|1,1,1,1,1,1,1,1,1,1,1,-1,-1,-1,-1|./seeds/seed_004.txt
13,10,9,14,8,3,0,4,2,12,11,5,1,6,7|1,1,1,1,1,-1,-1,-1,-1,1,1,-1,-1,-1,-1|./seeds/seed_004.txt
10,9,13,14,8,3,0,4,12,2,11,5,1,6,7|1,1,1,1,1,-1,-1,-1,1,-1,1,-1,-1,-1,-1|./seeds/seed_001.txt
11,12,7,2,1,6,5,13,0,4,14,8,3,10,9|-1,-1,1,1,1,1,1,1,1,1,1,1,1,-1,-1|./seeds/seed_004.txt
11,12,7,2,1,6,5,4,0,13,3,8,14,10,9|-1,-1,1,1,1,1,1,1,1,1,1,1,1,-1,-1|./seeds/seed_000.txt
11,12,7,2,1,6,5,13,14,0,4,3,8,10,9|-1,-1,1,1,1,1,1,1,1,1,1,1,1,-1,-1|./seeds/seed_006.txt
11,12,7,1,2,6,5,0,4,13,8,14,3,9,10|-1,-1,1,1,1,1,1,1,1,1,1,1,1,-1,-1|./seeds/seed_005.txt
11,12,2,0,4,1,5,6,3,9,10,7,8,14,13|-1,-1,1,1,1,1,1,1,1,-1,-1,1,-1,-1,-1|./seeds/seed_004.txt
11,12,2,4,0,1,5,6,3,9,10,7,14,13,8|-1,-1,1,1,1,1,1,1,1,-1,-1,1,-1,-1,-1|./seeds/seed_001.txt
14,13,12,0,3,4,2,11,10,1,9,5,6,7,8|1,1,1,-1,-1,-1,-1,1,1,-1,1,-1,-1,-1,1|./seeds/seed_000.txt
14,13,12,0,3,4,2,11,10,9,1,5,6,7,8|1,1,1,-1,-1,-1,-1,1,1,1,-1,-1,-1,-1,1|./seeds/seed_002.txt
11,12,7,2,1,6,5,13,0,4,14,8,3,10,9|-1,-1,1,1,1,1,1,1,1,1,1,1,1,-1,-1|./seeds/seed_004.txt
11,12,7,2,1,6,5,4,0,13,3,8,14,10,9|-1,-1,1,1,1,1,1,1,1,1,1,1,1,-1,-1|./seeds/seed_001.txt
2,5,1,0,4,6,3,7,8,10,9,12,11,13,14|1,1,1,1,1,1,1,1,1,1,1,-1,-1,-1,-1|./seeds/seed_006.txt
2,5,1,0,4,6,3,7,8,10,9,12,11,13,14|1,1,1,1,1,1,1,1,1,1,1,-1,-1,-1,-1|./seeds/seed_004.txt
2,5,1,0,6,4,3,7,8,10,9,12,11,13,14|1,1,1,1,1,1,1,1,1,1,1,-1,-1,-1,-1|./seeds/seed_003.txt
2,5,1,0,6,4,3,7,8,10,9,12,11,13,14|1,1,1,1,1,1,1,1,1,1,1,-1,-1,-1,-1|./seeds/seed_001.txt
13,14,8,9,10,11,12,6,2,3,1,5,0,7,4|1,1,1,1,1,-1,-1,1,1,-1,1,1,-1,1,-1|./seeds/seed_002.txt
14,13,8,9,10,11,12,6,2,3,1,5,0,4,7|1,1,1,1,1,-1,-1,1,1,-1,1,1,-1,-1,1|./seeds/seed_006.txt
13,14,10,9,8,3,7,0,4,12,11,2,5,1,6|1,1,1,1,1,-1,-1,-1,-1,1,1,-1,-1,-1,1|./seeds/seed_003.txt
13,14,10,9,8,3,7,0,4,12,2,11,5,1,6|1,1,1,1,1,-1,-1,-1,-1,1,-1,1,-1,-1,1|./seeds/seed_004.txt
14,13,12,0,3,4,2,11,10,9,1,5,6,7,8|1,1,1,-1,-1,-1,-1,1,1,1,-1,-1,-1,-1,1|./seeds/seed_002.txt
14,13,12,0,3,4,2,11,10,9,1,5,6,7,8|1,1,1,-1,-1,-1,-1,1,1,1,-1,-1,-1,-1,1|./seeds/seed_004.txt
2,5,1,0,6,4,3,7,8,10,9,12,11,13,14|1,1,1,1,1,1,1,1,1,1,1,-1,-1,-1,-1|./seeds/seed_005.txt
2,5,1,0,4,6,3,7,8,10,9,12,11,13,14|1,1,1,1,1,1,1,1,1,1,1,-1,-1,-1,-1|./seeds/seed_006.txt
13,14,10,9,8,3,7,0,4,12,2,11,5,1,6|1,1,1,1,1,-1,-1,-1,-1,1,-1,1,-1,-1,1|./seeds/seed_002.txt
13,14,10,9,8,3,7,0,4,12,11,2,5,1,6|1,1,1,1,1,-1,-1,-1,-1,1,1,-1,-1,-1,1|./seeds/seed_003.txt
2,5,1,0,4,6,3,7,8,10,9,12,11,13,14|1,1,1,1,1,1,1,1,1,1,1,-1,-1,-1,-1|./seeds/seed_006.txt
2,5,1,0,6,4,3,7,8,10,9,12,11,13,14|1,1,1,1,1,1,1,1,1,1,1,-1,-1,-1,-1|./seeds/seed_003.txt
13,14,10,9,8,3,7,0,4,12,2,11,5,1,6|1,1,1,1,1,-1,-1,-1,-1,1,-1,1,-1,-1,1|./seeds/seed_004.txt
13,14,10,9,8,3,7,0,4,12,11,2,5,1,6|1,1,1,1,1,-1,-1,-1,-1,1,1,-1,-1,-1,1|./seeds/seed_005.txt
13,14,10,9,8,3,7,0,4,12,11,2,5,1,6|1,1,1,1,1,-1,-1,-1,-1,1,1,-1,-1,-1,1|./seeds/seed_000.txt
13,14,10,9,8,3,7,0,4,12,11,2,5,1,6|1,1,1,1,1,-1,-1,-1,-1,1,1,-1,-1,-1,1|./seeds/seed_005.txt
11,12,7,2,1,6,5,13,0,4,14,8,3,10,9|-1,-1,1,1,1,1,1,1,1,1,1,1,1,-1,-1|./seeds/seed_004.txt
11,12,7,2,1,6,13,5,14,0,4,3,8,10,9|-1,-1,1,1,1,1,1,1,1,1,1,1,1,-1,-1|./seeds/seed_003.txt
2,5,1,0,6,4,3,7,8,10,9,12,11,13,14|1,1,1,1,1,1,1,1,1,1,1,-1,-1,-1,-1|./seeds/seed_003.txt
2,5,1,0,6,4,3,7,8,10,9,12,11,13,14|1,1,1,1,1,1,1,1,1,1,1,-1,-1,-1,-1|./seeds/seed_002.txt
13,14,10,9,8,3,7,0,4,12,11,2,5,1,6|1,1,1,1,1,-1,-1,-1,-1,1,1,-1,-1,-1,1|./seeds/seed_000.txt
13,14,10,9,8,3,7,0,4,12,2,11,5,1,6|1,1,1,1,1,-1,-1,-1,-1,1,-1,1,-1,-1,1|./seeds/seed_004.txt
11,12,2,4,0,1,5,6,3,9,10,7,14,13,8|-1,-1,1,1,1,1,1,1,1,-1,-1,1,-1,-1,-1|./seeds/seed_001.txt
11,12,2,4,0,1,5,6,3,9,10,7,14,13,8|-1,-1,1,1,1,1,1,1,1,-1,-1,1,-1,-1,-1|./seeds/seed_005.txt
14,13,12,0,3,4,2,11,10,9,1,5,6,7,8|1,1,1,-1,-1,-1,-1,1,1,1,-1,-1,-1,-1,1|./seeds/seed_002.txt
14,13,12,0,3,4,2,11,10,9,1,5,6,7,8|1,1,1,-1,-1,-1,-1,1,1,1,-1,-1,-1,-1,1|./seeds/seed_006.txt
11,12,2,4,0,1,5,6,3,9,10,7,14,13,8|-1,-1,1,1,1,1,1,1,1,-1,-1,1,-1,-1,-1|./seeds/seed_001.txt
11,12,2,4,0,1,5,6,3,9,10,7,8,13,14|-1,-1,1,1,1,1,1,1,1,-1,-1,1,-1,1,1|./seeds/seed_003.txt
13,14,10,9,8,3,7,0,4,12,11,2,5,1,6|1,1,1,1,1,-1,-1,-1,-1,1,1,-1,-1,-1,1|./seeds/seed_003.txt
13,14,10,9,8,3,7,0,4,12,11,2,5,1,6|1,1,1,1,1,-1,-1,-1,-1,1,1,-1,-1,-1,1|./seeds/seed_005.txt
11,12,2,4,0,1,5,6,3,9,10,7,14,13,8|-1,-1,1,1,1,1,1,1,1,-1,-1,1,-1,-1,-1|./seeds/seed_002.txt
11,12,2,4,0,1,5,6,3,9,10,7,14,13,8|-1,-1,1,1,1,1,1,1,1,-1,-1,1,-1,-1,-1|./seeds/seed_000.txt
11,12,7,2,1,6,5,4,0,13,3,8,14,10,9|-1,-1,1,1,1,1,1,1,1,1,1,1,1,-1,-1|./seeds/seed_000.txt
11,12,7,2,1,6,5,13,0,4,14,8,3,10,9|-1,-1,1,1,1,1,1,1,1,1,1,1,1,-1,-1|./seeds/seed_004.txt
10,9,13,14,8,3,0,4,12,2,11,5,1,6,7|1,1,1,1,1,-1,-1,-1,1,-1,1,-1,-1,-1,-1|./seeds/seed_005.txt
10,9,13,14,8,3,0,4,12,2,11,5,1,6,7|1,1,1,1,1,-1,-1,-1,1,-1,1,-1,-1,-1,-1|./seeds/seed_001.txt
11,12,7,1,2,6,5,13,0,4,14,3,8,9,10|-1,-1,1,1,1,1,1,1,1,1,1,1,1,-1,-1|./seeds/seed_002.txt
11,12,7,2,1,6,5,13,14,0,4,3,8,10,9|-1,-1,1,1,1,1,1,1,1,1,1,1,1,-1,-1|./seeds/seed_006.txt
11,12,2,4,0,1,5,6,3,9,10,7,14,13,8|-1,-1,1,1,1,1,1,1,1,-1,-1,1,-1,-1,-1|./seeds/seed_002.txt
11,12,2,0,4,1,5,6,3,9,10,7,8,14,13|-1,-1,1,1,1,1,1,1,1,-1,-1,1,-1,-1,-1|./seeds/seed_004.txt
11,12,2,4,0,1,5,6,3,9,10,7,14,13,8|-1,-1,1,1,1,1,1,1,1,-1,-1,1,-1,-1,-1|./seeds/seed_000.txt
11,12,2,4,0,1,5,6,3,9,10,7,8,13,14|-1,-1,1,1,1,1,1,1,1,-1,-1,1,-1,1,1|./seeds/seed_003.txt
14,13,12,0,3,4,2,11,10,1,9,5,6,7,8|1,1,1,-1,-1,-1,-1,1,1,-1,1,-1,-1,-1,1|./seeds/seed_001.txt
14,13,12,0,3,4,2,11,10,9,1,5,6,7,8|1,1,1,-1,-1,-1,-1,1,1,1,-1,-1,-1,-1,1|./seeds/seed_005.txt
11,12,2,4,0,1,5,6,3,9,10,7,14,13,8|-1,-1,1,1,1,1,1,1,1,-1,-1,1,-1,-1,-1|./seeds/seed_001.txt
11,12,2,4,0,1,5,6,3,9,10,7,14,13,8|-1,-1,1,1,1,1,1,1,1,-1,-1,1,-1,-1,-1|./seeds/seed_005.txt
11,12,2,4,0,1,5,6,3,9,10,7,14,13,8|-1,-1,1,1,1,1,1,1,1,-1,-1,1,-1,-1,-1|./seeds/seed_001.txt
11,12,2,4,0,1,5,6,3,9,10,7,14,13,8|-1,-1,1,1,1,1,1,1,1,-1,-1,1,-1,-1,-1|./seeds/seed_000.txt
13,14,10,9,8,3,7,0,4,12,11,2,5,1,6|1,1,1,1,1,-1,-1,-1,-1,1,1,-1,-1,-1,1|./seeds/seed_001.txt
13,14,10,9,8,3,7,0,4,12,2,11,5,1,6|1,1,1,1,1,-1,-1,-1,-1,1,-1,1,-1,-1,1|./seeds/seed_006.txt
11,12,7,2,1,6,13,5,14,0,4,3,8,10,9|-1,-1,1,1,1,1,1,1,1,1,1,1,1,-1,-1|./seeds/seed_003.txt
11,12,7,1,2,6,5,0,4,13,8,14,3,9,10|-1,-1,1,1,1,1,1,1,1,1,1,1,1,-1,-1|./seeds/seed_005.txt
13,14,8,9,10,11,6,12,2,3,1,5,0,4,7|1,1,1,1,1,-1,1,-1,1,-1,1,1,-1,-1,-1|./seeds/seed_003.txt
13,14,8,9,10,11,12,6,2,3,1,5,0,7,4|1,1,1,1,1,-1,-1,1,1,-1,1,1,-1,1,-1|./seeds/seed_002.txt
8,13,14,9,10,11,12,6,3,2,1,5,0,7,4|1,1,1,1,1,-1,-1,1,-1,1,1,1,-1,1,-1|./seeds/seed_005.txt
8,13,14,9,10,11,6,12,2,3,1,5,0,7,4|1,1,1,1,1,-1,1,-1,1,-1,1,1,-1,1,-1|./seeds/seed_001.txt
8,13,14,9,10,11,6,12,3,2,1,5,0,7,4|1,1,1,1,1,-1,1,-1,-1,1,1,1,-1,1,-1|./seeds/seed_000.txt
8,13,14,9,10,11,12,6,3,2,1,5,0,7,4|1,1,1,1,1,-1,-1,1,-1,1,1,1,-1,1,-1|./seeds/seed_005.txt
2,5,1,0,4,6,3,7,8,10,9,12,11,13,14|1,1,1,1,1,1,1,1,1,1,1,-1,-1,-1,-1|./seeds/seed_006.txt
2,5,1,0,6,4,3,7,8,10,9,12,11,13,14|1,1,1,1,1,1,1,1,1,1,1,-1,-1,-1,-1|./seeds/seed_003.txt
13,10,9,14,8,3,0,4,2,12,11,5,1,6,7|1,1,1,1,1,-1,-1,-1,-1,1,1,-1,-1,-1,-1|./seeds/seed_006.txt
13,14,10,9,8,3,0,4,12,2,11,5,1,6,7|1,1,1,1,1,-1,-1,-1,1,-1,1,-1,-1,-1,-1|./seeds/seed_003.txt
11,12,2,4,0,1,5,6,3,9,10,7,14,13,8|-1,-1,1,1,1,1,1,1,1,-1,-1,1,-1,-1,-1|./seeds/seed_002.txt
11,12,2,4,0,1,5,6,3,9,10,7,8,13,14|-1,-1,1,1,1,1,1,1,1,-1,-1,1,-1,1,1|./seeds/seed_003.txt
11,12,7,2,1,6,5,13,14,0,4,3,8,10,9|-1,-1,1,1,1,1,1,1,1,1,1,1,1,-1,-1|./seeds/seed_006.txt
11,12,7,2,1,6,5,4,0,13,3,8,14,10,9|-1,-1,1,1,1,1,1,1,1,1,1,1,1,-1,-1|./seeds/seed_000.txt
13,10,9,14,8,3,0,4,2,12,11,5,1,6,7|1,1,1,1,1,-1,-1,-1,-1,1,1,-1,-1,-1,-1|./seeds/seed_006.txt
10,9,13,14,8,3,0,4,12,2,11,5,1,6,7|1,1,1,1,1,-1,-1,-1,1,-1,1,-1,-1,-1,-1|./seeds/seed_005.txt
14,13,12,0,3,4,2,11,10,1,9,5,6,7,8|1,1,1,-1,-1,-1,-1,1,1,-1,1,-1,-1,-1,1|./seeds/seed_001.txt
14,13,12,0,3,4,2,11,10,1,9,5,6,7,8|1,1,1,-1,-1,-1,-1,1,1,-1,1,-1,-1,-1,1|./seeds/seed_000.txt
10,9,13,14,8,3,0,4,12,2,11,5,1,6,7|1,1,1,1,1,-1,-1,-1,1,-1,1,-1,-1,-1,-1|./seeds/seed_005.txt
10,9,13,14,8,3,0,4,12,2,11,5,1,6,7|1,1,1,1,1,-1,-1,-1,1,-1,1,-1,-1,-1,-1|./seeds/seed_002.txt
14,13,8,9,10,11,12,6,2,3,1,5,0,4,7|1,1,1,1,1,-1,-1,1,1,-1,1,1,-1,-1,1|./seeds/seed_006.txt
13,14,8,9,10,11,12,6,2,3,1,5,0,4,7|1,1,1,1,1,-1,-1,1,1,-1,1,1,-1,-1,1|./seeds/seed_004.txt
2,5,1,0,6,4,3,7,8,10,9,12,11,13,14|1,1,1,1,1,1,1,1,1,1,1,-1,-1,-1,-1|./seeds/seed_005.txt
2,5,1,0,6,4,3,7,8,10,9,12,11,13,14|1,1,1,1,1,1,1,1,1,1,1,-1,-1,-1,-1|./seeds/seed_001.txt
8,13,14,9,10,11,6,12,2,3,1,5,0,7,4|1,1,1,1,1,-1,1,-1,1,-1,1,1,-1,1,-1|./seeds/seed_001.txt
13,14,8,9,10,11,6,12,2,3,1,5,0,4,7|1,1,1,1,1,-1,1,-1,1,-1,1,1,-1,-1,-1|./seeds/seed_003.txt
11,12,2,4,0,1,5,6,3,9,10,7,14,13,8|-1,-1,1,1,1,1,1,1,1,-1,-1,1,-1,-1,-1|./seeds/seed_000.txt
11,12,2,4,0,1,5,6,3,9,10,7,14,13,8|-1,-1,1,1,1,1,1,1,1,-1,-1,1,-1,-1,-1|./seeds/seed_005.txt
11,12,2,4,0,1,5,6,3,9,10,7,8,13,14|-1,-1,1,1,1,1,1,1,1,-1,-1,1,-1,1,1|./seeds/seed_003.txt
11,12,2,4,0,1,6,5,3,9,10,7,8,14,13|-1,-1,1,1,1,1,1,1,1,-1,-1,1,-1,-1,-1|./seeds/seed_006.txt
11,12,2,4,0,1,5,6,3,9,10,7,14,13,8|-1,-1,1,1,1,1,1,1,1,-1,-1,1,-1,-1,-1|./seeds/seed_001.txt
11,12,2,4,0,1,5,6,3,9,10,7,14,13,8|-1,-1,1,1,1,1,1,1,1,-1,-1,1,-1,-1,-1|./seeds/seed_002.txt
14,13,12,0,3,4,2,11,10,9,1,5,6,7,8|1,1,1,-1,-1,-1,-1,1,1,1,-1,-1,-1,-1,1|./seeds/seed_005.txt
14,13,12,0,3,4,2,11,10,1,9,5,6,7,8|1,1,1,-1,-1,-1,-1,1,1,-1,1,-1,-1,-1,1|./seeds/seed_001.txt
14,13,12,0,3,4,2,11,10,9,1,5,6,7,8|1,1,1,-1,-1,-1,-1,1,1,1,-1,-1,-1,-1,1|./seeds/seed_002.txt
14,13,12,0,3,4,2,10,11,9,1,5,6,7,8|1,1,1,-1,-1,-1,-1,1,1,1,-1,-1,-1,-1,1|./seeds/seed_003.txt
14,13,12,0,3,4,2,11,10,9,1,5,6,7,8|1,1,1,-1,-1,-1,-1,1,1,1,-1,-1,-1,-1,1|./seeds/seed_005.txt
14,13,12,0,3,4,2,10,11,9,1,5,6,7,8|1,1,1,-1,-1,-1,-1,1,1,1,-1,-1,-1,-1,1|./seeds/seed_003.txt
11,12,7,2,1,6,5,13,0,4,14,8,3,10,9|-1,-1,1,1,1,1,1,1,1,1,1,1,1,-1,-1|./seeds/seed_004.txt
11,12,7,2,1,6,5,13,14,0,4,3,8,10,9|-1,-1,1,1,1,1,1,1,1,1,1,1,1,-1,-1|./seeds/seed_006.txt
11,12,2,4,0,1,6,5,3,9,10,7,8,14,13|-1,-1,1,1,1,1,1,1,1,-1,-1,1,-1,-1,-1|./seeds/seed_006.txt
11,12,2,4,0,1,5,6,3,9,10,7,8,13,14|-1,-1,1,1,1,1,1,1,1,-1,-1,1,-1,1,1|./seeds/seed_003.txt
11,12,7,1,2,6,5,13,0,4,14,3,8,9,10|-1,-1,1,1,1,1,1,1,1,1,1,1,1,-1,-1|./seeds/seed_002.txt
11,12,7,1,2,6,5,0,4,13,8,14,3,9,10|-1,-1,1,1,1,1,1,1,1,1,1,1,1,-1,-1|./seeds/seed_005.txt
14,13,12,0,3,4,2,11,10,9,1,5,6,7,8|1,1,1,-1,-1,-1,-1,1,1,1,-1,-1,-1,-1,1|./seeds/seed_002.txt
14,13,12,0,3,4,2,11,10,9,1,5,6,7,8|1,1,1,-1,-1,-1,-1,1,1,1,-1,-1,-1,-1,1|./seeds/seed_004.txt
11,12,2,4,0,1,5,6,3,9,10,7,14,13,8|-1,-1,1,1,1,1,1,1,1,-1,-1,1,-1,-1,-1|./seeds/seed_001.txt
11,12,2,4,0,1,5,6,3,9,10,7,14,13,8|-1,-1,1,1,1,1,1,1,1,-1,-1,1,-1,-1,-1|./seeds/seed_005.txt
14,13,8,9,10,11,12,6,2,3,1,5,0,4,7|1,1,1,1,1,-1,-1,1,1,-1,1,1,-1,-1,1|./seeds/seed_006.txt
13,14,8,9,10,11,12,6,2,3,1,5,0,7,4|1,1,1,1,1,-1,-1,1,1,-1,1,1,-1,1,-1|./seeds/seed_002.txt
11,12,2,4,0,1,5,6,3,9,10,7,14,13,8|-1,-1,1,1,1,1,1,1,1,-1,-1,1,-1,-1,-1|./seeds/seed_005.txt
11,12,2,4,0,1,5,6,3,9,10,7,14,13,8|-1,-1,1,1,1,1,1,1,1,-1,-1,1,-1,-1,-1|./seeds/seed_000.txt
2,5,1,0,4,6,3,7,8,10,9,12,11,13,14|1,1,1,1,1,1,1,1,1,1,1,-1,-1,-1,-1|./seeds/seed_004.txt
2,5,1,0,6,4,3,7,8,10,9,12,11,13,14|1,1,1,1,1,1,1,1,1,1,1,-1,-1,-1,-1|./seeds/seed_000.txt
14,13,12,0,3,4,2,11,10,9,1,5,6,7,8|1,1,1,-1,-1,-1,-1,1,1,1,-1,-1,-1,-1,1|./seeds/seed_006.txt
14,13,12,0,3,4,2,11,10,1,9,5,6,7,8|1,1,1,-1,-1,-1,-1,1,1,-1,1,-1,-1,-1,1|./seeds/seed_001.txt
14,13,12,0,3,4,2,10,11,9,1,5,6,7,8|1,1,1,-1,-1,-1,-1,1,1,1,-1,-1,-1,-1,1|./seeds/seed_003.txt
14,13,12,0,3,4,2,11,10,9,1,5,6,7,8|1,1,1,-1,-1,-1,-1,1,1,1,-1,-1,-1,-1,1|./seeds/seed_005.txt
11,12,2,0,4,1,5,6,3,9,10,7,8,14,13|-1,-1,1,1,1,1,1,1,1,-1,-1,1,-1,-1,-1|./seeds/seed_004.txt
11,12,2,4,0,1,5,6,3,9,10,7,14,13,8|-1,-1,1,1,1,1,1,1,1,-1,-1,1,-1,-1,-1|./seeds/seed_000.txt
8,13,14,9,10,11,6,12,2,3,1,5,0,7,4|1,1,1,1,1,-1,1,-1,1,-1,1,1,-1,1,-1|./seeds/seed_001.txt
13,14,8,9,10,11,12,6,2,3,1,5,0,4,7|1,1,1,1,1,-1,-1,1,1,-1,1,1,-1,-1,1|./seeds/seed_004.txt
13,14,10,9,8,3,7,0,4,12,2,11,5,1,6|1,1,1,1,1,-1,-1,-1,-1,1,-1,1,-1,-1,1|./seeds/seed_002.txt
13,14,10,9,8,3,7,0,4,12,11,2,5,1,6|1,1,1,1,1,-1,-1,-1,-1,1,1,-1,-1,-1,1|./seeds/seed_005.txt
13,14,10,9,8,3,7,0,4,12,11,2,5,1,6|1,1,1,1,1,-1,-1,-1,-1,1,1,-1,-1,-1,1|./seeds/seed_001.txt
13,14,10,9,8,3,7,0,4,12,2,11,5,1,6|1,1,1,1,1,-1,-1,-1,-1,1,-1,1,-1,-1,1|./seeds/seed_006.txt
13,14,10,9,8,3,0,4,12,2,11,5,1,6,7|1,1,1,1,1,-1,-1,-1,1,-1,1,-1,-1,-1,-1|./seeds/seed_003.txt
13,10,9,14,8,3,0,4,2,12,11,5,1,6,7|1,1,1,1,1,-1,-1,-1,-1,1,1,-1,-1,-1,-1|./seeds/seed_006.txt
11,12,2,0,4,1,5,6,3,9,10,7,8,14,13|-1,-1,1,1,1,1,1,1,1,-1,-1,1,-1,-1,-1|./seeds/seed_004.txt
11,12,2,4,0,1,5,6,3,9,10,7,14,13,8|-1,-1,1,1,1,1,1,1,1,-1,-1,1,-1,-1,-1|./seeds/seed_002.txt
2,5,1,0,6,4,3,7,8,10,9,12,11,13,14|1,1,1,1,1,1,1,1,1,1,1,-1,-1,-1,-1|./seeds/seed_000.txt
2,5,1,0,4,6,3,7,8,10,9,12,11,13,14|1,1,1,1,1,1,1,1,1,1,1,-1,-1,-1,-1|./seeds/seed_004.txt
11,12,7,2,1,6,5,4,0,13,3,8,14,10,9|-1,-1,1,1,1,1,1,1,1,1,1,1,1,-1,-1|./seeds/seed_001.txt
11,12,7,2,1,6,5,13,14,0,4,3,8,10,9|-1,-1,1,1,1,1,1,1,1,1,1,1,1,-1,-1|./seeds/seed_006.txt
13,14,10,9,8,3,7,0,4,12,2,11,5,1,6|1,1,1,1,1,-1,-1,-1,-1,1,-1,1,-1,-1,1|./seeds/seed_006.txt
13,14,10,9,8,3,7,0,4,12,11,2,5,1,6|1,1,1,1,1,-1,-1,-1,-1,1,1,-1,-1,-1,1|./seeds/seed_001.txt
13,14,8,9,10,11,12,6,2,3,1,5,0,7,4|1,1,1,1,1,-1,-1,1,1,-1,1,1,-1,1,-1|./seeds/seed_002.txt
13,14,8,9,10,11,12,6,2,3,1,5,0,4,7|1,1,1,1,1,-1,-1,1,1,-1,1,1,-1,-1,1|./seeds/seed_004.txt
13,14,10,9,8,3,7,0,4,12,11,2,5,1,6|1,1,1,1,1,-1,-1,-1,-1,1,1,-1,-1,-1,1|./seeds/seed_005.txt
13,14,10,9,8,3,7,0,4,12,11,2,5,1,6|1,1,1,1,1,-1,-1,-1,-1,1,1,-1,-1,-1,1|./seeds/seed_000.txt
14,13,12,0,3,4,2,11,10,9,1,5,6,7,8|1,1,1,-1,-1,-1,-1,1,1,1,-1,-1,-1,-1,1|./seeds/seed_006.txt
14,13,12,0,3,4,2,11,10,9,1,5,6,7,8|1,1,1,-1,-1,-1,-1,1,1,1,-1,-1,-1,-1,1|./seeds/seed_005.txt
11,12,2,4,0,1,6,5,3,9,10,7,8,14,13|-1,-1,1,1,1,1,1,1,1,-1,-1,1,-1,-1,-1|./seeds/seed_006.txt
11,12,2,4,0,1,5,6,3,9,10,7,14,13,8|-1,-1,1,1,1,1,1,1,1,-1,-1,1,-1,-1,-1|./seeds/seed_000.txt
11,12,2,4,0,1,6,5,3,9,10,7,8,14,13|-1,-1,1,1,1,1,1,1,1,-1,-1,1,-1,-1,-1|./seeds/seed_006.txt
11,12,2,4,0,1,5,6,3,9,10,7,14,13,8|-1,-1,1,1,1,1,1,1,1,-1,-1,1,-1,-1,-1|./seeds/seed_002.txt
14,13,12,0,3,4,2,11,10,9,1,5,6,7,8|1,1,1,-1,-1,-1,-1,1,1,1,-1,-1,-1,-1,1|./seeds/seed_006.txt
14,13,12,0,3,4,2,11,10,9,1,5,6,7,8|1,1,1,-1,-1,-1,-1,1,1,1,-1,-1,-1,-1,1|./seeds/seed_004.txt
8,13,14,9,10,11,12,6,3,2,1,5,0,7,4|1,1,1,1,1,-1,-1,1,-1,1,1,1,-1,1,-1|./seeds/seed_005.txt
13,14,8,9,10,11,12,6,2,3,1,5,0,4,7|1,1,1,1,1,-1,-1,1,1,-1,1,1,-1,-1,1|./seeds/seed_004.txt
14,13,12,0,3,4,2,11,10,1,9,5,6,7,8|1,1,1,-1,-1,-1,-1,1,1,-1,1,-1,-1,-1,1|./seeds/seed_000.txt
14,13,12,0,3,4,2,10,11,9,1,5,6,7,8|1,1,1,-1,-1,-1,-1,1,1,1,-1,-1,-1,-1,1|./seeds/seed_003.txt
14,13,12,0,3,4,2,11,10,1,9,5,6,7,8|1,1,1,-1,-1,-1,-1,1,1,-1,1,-1,-1,-1,1|./seeds/seed_000.txt
14,13,12,0,3,4,2,11,10,9,1,5,6,7,8|1,1,1,-1,-1,-1,-1,1,1,1,-1,-1,-1,-1,1|./seeds/seed_005.txt
13,14,8,9,10,11,6,12,2,3,1,5,0,4,7|1,1,1,1,1,-1,1,-1,1,-1,1,1,-1,-1,-1|./seeds/seed_003.txt
13,14,8,9,10,11,12,6,2,3,1,5,0,7,4|1,1,1,1,1,-1,-1,1,1,-1,1,1,-1,1,-1|./seeds/seed_002.txt
14,13,12,0,3,4,2,11,10,9,1,5,6,7,8|1,1,1,-1,-1,-1,-1,1,1,1,-1,-1,-1,-1,1|./seeds/seed_005.txt
14,13,12,0,3,4,2,11,10,9,1,5,6,7,8|1,1,1,-1,-1,-1,-1,1,1,1,-1,-1,-1,-1,1|./seeds/seed_006.txt
11,12,7,2,1,6,5,4,0,13,3,8,14,10,9|-1,-1,1,1,1,1,1,1,1,1,1,1,1,-1,-1|./seeds/seed_000.txt
11,12,7,2,1,6,5,13,0,4,14,8,3,10,9|-1,-1,1,1,1,1,1,1,1,1,1,1,1,-1,-1|./seeds/seed_004.txt
13,10,9,14,8,3,0,4,2,12,11,5,1,6,7|1,1,1,1,1,-1,-1,-1,-1,1,1,-1,-1,-1,-1|./seeds/seed_004.txt
13,10,9,14,8,3,0,4,2,12,11,5,1,6,7|1,1,1,1,1,-1,-1,-1,-1,1,1,-1,-1,-1,-1|./seeds/seed_006.txt
13,14,8,9,10,11,12,6,2,3,1,5,0,7,4|1,1,1,1,1,-1,-1,1,1,-1,1,1,-1,1,-1|./seeds/seed_002.txt
14,13,8,9,10,11,12,6,2,3,1,5,0,4,7|1,1,1,1,1,-1,-1,1,1,-1,1,1,-1,-1,1|./seeds/seed_006.txt
14,13,12,0,3,4,2,11,10,9,1,5,6,7,8|1,1,1,-1,-1,-1,-1,1,1,1,-1,-1,-1,-1,1|./seeds/seed_002.txt
14,13,12,0,3,4,2,11,10,1,9,5,6,7,8|1,1,1,-1,-1,-1,-1,1,1,-1,1,-1,-1,-1,1|./seeds/seed_001.txt
11,12,2,0,4,1,5,6,3,9,10,7,8,14,13|-1,-1,1,1,1,1,1,1,1,-1,-1,1,-1,-1,-1|./seeds/seed_004.txt
11,12,2,4,0,1,5,6,3,9,10,7,8,13,14|-1,-1,1,1,1,1,1,1,1,-1,-1,1,-1,1,1|./seeds/seed_003.txt
2,5,1,0,4,6,3,7,8,10,9,12,11,13,14|1,1,1,1,1,1,1,1,1,1,1,-1,-1,-1,-1|./seeds/seed_004.txt
2,5,1,0,6,4,3,7,8,10,9,12,11,13,14|1,1,1,1,1,1,1,1,1,1,1,-1,-1,-1,-1|./seeds/seed_001.txt
10,9,13,14,8,3,0,4,12,2,11,5,1,6,7|1,1,1,1,1,-1,-1,-1,1,-1,1,-1,-1,-1,-1|./seeds/seed_000.txt
10,9,13,14,8,3,0,4,12,2,11,5,1,6,7|1,1,1,1,1,-1,-1,-1,1,-1,1,-1,-1,-1,-1|./seeds/seed_002.txt
10,9,13,14,8,3,0,4,12,2,11,5,1,6,7|1,1,1,1,1,-1,-1,-1,1,-1,1,-1,-1,-1,-1|./seeds/seed_005.txt
13,10,9,14,8,3,0,4,2,12,11,5,1,6,7|1,1,1,1,1,-1,-1,-1,-1,1,1,-1,-1,-1,-1|./seeds/seed_006.txt
11,12,2,4,0,1,5,6,3,9,10,7,14,13,8|-1,-1,1,1,1,1,1,1,1,-1,-1,1,-1,-1,-1|./seeds/seed_000.txt
11,12,2,0,4,1,5,6,3,9,10,7,8,14,13|-1,-1,1,1,1,1,1,1,1,-1,-1,1,-1,-1,-1|./seeds/seed_004.txt
13,14,10,9,8,3,7,0,4,12,2,11,5,1,6|1,1,1,1,1,-1,-1,-1,-1,1,-1,1,-1,-1,1|./seeds/seed_002.txt
13,14,10,9,8,3,7,0,4,12,11,2,5,1,6|1,1,1,1,1,-1,-1,-1,-1,1,1,-1,-1,-1,1|./seeds/seed_000.txt
13,14,10,9,8,3,7,0,4,12,11,2,5,1,6|1,1,1,1,1,-1,-1,-1,-1,1,1,-1,-1,-1,1|./seeds/seed_001.txt
13,14,10,9,8,3,7,0,4,12,11,2,5,1,6|1,1,1,1,1,-1,-1,-1,-1,1,1,-1,-1,-1,1|./seeds/seed_005.txt
14,13,12,0,3,4,2,11,10,9,1,5,6,7,8|1,1,1,-1,-1,-1,-1,1,1,1,-1,-1,-1,-1,1|./seeds/seed_002.txt
14,13,12,0,3,4,2,11,10,9,1,5,6,7,8|1,1,1,-1,-1,-1,-1,1,1,1,-1,-1,-1,-1,1|./seeds/seed_005.txt
13,14,8,9,10,11,12,6,2,3,1,5,0,4,7|1,1,1,1,1,-1,-1,1,1,-1,1,1,-1,-1,1|./seeds/seed_004.txt
8,13,14,9,10,11,12,6,3,2,1,5,0,7,4|1,1,1,1,1,-1,-1,1,-1,1,1,1,-1,1,-1|./seeds/seed_005.txt
2,5,1,0,6,4,3,7,8,10,9,12,11,13,14|1,1,1,1,1,1,1,1,1,1,1,-1,-1,-1,-1|./seeds/seed_001.txt
2,5,1,0,4,6,3,7,8,10,9,12,11,13,14|1,1,1,1,1,1,1,1,1,1,1,-1,-1,-1,-1|./seeds/seed_004.txt
10,9,13,14,8,3,0,4,12,2,11,5,1,6,7|1,1,1,1,1,-1,-1,-1,1,-1,1,-1,-1,-1,-1|./seeds/seed_005.txt
10,9,13,14,8,3,0,4,12,2,11,5,1,6,7|1,1,1,1,1,-1,-1,-1,1,-1,1,-1,-1,-1,-1|./seeds/seed_002.txt
10,9,13,14,8,3,0,4,12,2,11,5,1,6,7|1,1,1,1,1,-1,-1,-1,1,-1,1,-1,-1,-1,-1|./seeds/seed_000.txt
13,10,9,14,8,3,0,4,2,12,11,5,1,6,7|1,1,1,1,1,-1,-1,-1,-1,1,1,-1,-1,-1,-1|./seeds/seed_004.txt
11,12,7,2,1,6,5,4,0,13,3,8,14,10,9|-1,-1,1,1,1,1,1,1,1,1,1,1,1,-1,-1|./seeds/seed_001.txt
11,12,7,1,2,6,5,13,0,4,14,3,8,9,10|-1,-1,1,1,1,1,1,1,1,1,1,1,1,-1,-1|./seeds/seed_002.txt
2,5,1,0,6,4,3,7,8,10,9,12,11,13,14|1,1,1,1,1,1,1,1,1,1,1,-1,-1,-1,-1|./seeds/seed_001.txt
2,5,1,0,6,4,3,7,8,10,9,12,11,13,14|1,1,1,1,1,1,1,1,1,1,1,-1,-1,-1,-1|./seeds/seed_005.txt
2,5,1,0,4,6,3,7,8,10,9,12,11,13,14|1,1,1,1,1,1,1,1,1,1,1,-1,-1,-1,-1|./seeds/seed_004.txt
2,5,1,0,6,4,3,7,8,10,9,12,11,13,14|1,1,1,1,1,1,1,1,1,1,1,-1,-1,-1,-1|./seeds/seed_002.txt
13,14,8,9,10,11,12,6,2,3,1,5,0,7,4|1,1,1,1,1,-1,-1,1,1,-1,1,1,-1,1,-1|./seeds/seed_002.txt
13,14,8,9,10,11,12,6,2,3,1,5,0,4,7|1,1,1,1,1,-1,-1,1,1,-1,1,1,-1,-1,1|./seeds/seed_004.txt
14,13,12,0,3,4,2,10,11,9,1,5,6,7,8|1,1,1,-1,-1,-1,-1,1,1,1,-1,-1,-1,-1,1|./seeds/seed_003.txt
14,13,12,0,3,4,2,11,10,9,1,5,6,7,8|1,1,1,-1,-1,-1,-1,1,1,1,-1,-1,-1,-1,1|./seeds/seed_005.txt
11,12,2,4,0,1,5,6,3,9,10,7,8,13,14|-1,-1,1,1,1,1,1,1,1,-1,-1,1,-1,1,1|./seeds/seed_003.txt
11,12,2,4,0,1,5,6,3,9,10,7,14,13,8|-1,-1,1,1,1,1,1,1,1,-1,-1,1,-1,-1,-1|./seeds/seed_002.txt
11,12,2,4,0,1,5,6,3,9,10,7,14,13,8|-1,-1,1,1,1,1,1,1,1,-1,-1,1,-1,-1,-1|./seeds/seed_005.txt
11,12,2,4,0,1,5,6,3,9,10,7,14,13,8|-1,-1,1,1,1,1,1,1,1,-1,-1,1,-1,-1,-1|./seeds/seed_001.txt
14,13,12,0,3,4,2,11,10,9,1,5,6,7,8|1,1,1,-1,-1,-1,-1,1,1,1,-1,-1,-1,-1,1|./seeds/seed_002.txt
14,13,12,0,3,4,2,11,10,9,1,5,6,7,8|1,1,1,-1,-1,-1,-1,1,1,1,-1,-1,-1,-1,1|./seeds/seed_005.txt
10,9,13,14,8,3,0,4,12,2,11,5,1,6,7|1,1,1,1,1,-1,-1,-1,1,-1,1,-1,-1,-1,-1|./seeds/seed_002.txt
10,9,13,14,8,3,0,4,12,2,11,5,1,6,7|1,1,1,1,1,-1,-1,-1,1,-1,1,-1,-1,-1,-1|./seeds/seed_001.txt
10,9,13,14,8,3,0,4,12,2,11,5,1,6,7|1,1,1,1,1,-1,-1,-1,1,-1,1,-1,-1,-1,-1|./seeds/seed_002.txt
10,9,13,14,8,3,0,4,12,2,11,5,1,6,7|1,1,1,1,1,-1,-1,-1,1,-1,1,-1,-1,-1,-1|./seeds/seed_005.txt
14,13,12,0,3,4,2,11,10,1,9,5,6,7,8|1,1,1,-1,-1,-1,-1,1,1,-1,1,-1,-1,-1,1|./seeds/seed_001.txt
14,13,12,0,3,4,2,11,10,9,1,5,6,7,8|1,1,1,-1,-1,-1,-1,1,1,1,-1,-1,-1,-1,1|./seeds/seed_006.txt
13,14,8,9,10,11,6,12,2,3,1,5,0,4,7|1,1,1,1,1,-1,1,-1,1,-1,1,1,-1,-1,-1|./seeds/seed_003.txt
13,14,8,9,10,11,12,6,2,3,1,5,0,7,4|1,1,1,1,1,-1,-1,1,1,-1,1,1,-1,1,-1|./seeds/seed_002.txt
2,5,1,0,6,4,3,7,8,10,9,12,11,13,14|1,1,1,1,1,1,1,1,1,1,1,-1,-1,-1,-1|./seeds/seed_000.txt
2,5,1,0,4,6,3,7,8,10,9,12,11,13,14|1,1,1,1,1,1,1,1,1,1,1,-1,-1,-1,-1|./seeds/seed_004.txt
11,12,2,4,0,1,5,6,3,9,10,7,14,13,8|-1,-1,1,1,1,1,1,1,1,-1,-1,1,-1,-1,-1|./seeds/seed_001.txt
11,12,2,4,0,1,5,6,3,9,10,7,8,13,14|-1,-1,1,1,1,1,1,1,1,-1,-1,1,-1,1,1|./seeds/seed_003.txt
13,14,8,9,10,11,6,12,2,3,1,5,0,4,7|1,1,1,1,1,-1,1,-1,1,-1,1,1,-1,-1,-1|./seeds/seed_003.txt
8,13,14,9,10,11,12,6,3,2,1,5,0,7,4|1,1,1,1,1,-1,-1,1,-1,1,1,1,-1,1,-1|./seeds/seed_005.txt
11,12,2,4,0,1,5,6,3,9,10,7,14,13,8|-1,-1,1,1,1,1,1,1,1,-1,-1,1,-1,-1,-1|./seeds/seed_005.txt
11,12,2,4,0,1,5,6,3,9,10,7,14,13,8|-1,-1,1,1,1,1,1,1,1,-1,-1,1,-1,-1,-1|./seeds/seed_002.txt
2,5,1,0,6,4,3,7,8,10,9,12,11,13,14|1,1,1,1,1,1,1,1,1,1,1,-1,-1,-1,-1|./seeds/seed_000.txt
2,5,1,0,6,4,3,7,8,10,9,12,11,13,14|1,1,1,1,1,1,1,1,1,1,1,-1,-1,-1,-1|./seeds/seed_003.txt
11,12,7,2,1,6,5,13,14,0,4,3,8,10,9|-1,-1,1,1,1,1,1,1,1,1,1,1,1,-1,-1|./seeds/seed_006.txt
11,12,7,2,1,6,5,13,0,4,14,8,3,10,9|-1,-1,1,1,1,1,1,1,1,1,1,1,1,-1,-1|./seeds/seed_004.txt
10,9,13,14,8,3,0,4,12,2,11,5,1,6,7|1,1,1,1,1,-1,-1,-1,1,-1,1,-1,-1,-1,-1|./seeds/seed_001.txt
13,10,9,14,8,3,0,4,2,12,11,5,1,6,7|1,1,1,1,1,-1,-1,-1,-1,1,1,-1,-1,-1,-1|./seeds/seed_004.txt
13,10,9,14,8,3,0,4,2,12,11,5,1,6,7|1,1,1,1,1,-1,-1,-1,-1,1,1,-1,-1,-1,-1|./seeds/seed_004.txt
13,10,9,14,8,3,0,4,2,12,11,5,1,6,7|1,1,1,1,1,-1,-1,-1,-1,1,1,-1,-1,-1,-1|./seeds/seed_006.txt
11,12,2,4,0,1,6,5,3,9,10,7,8,14,13|-1,-1,1,1,1,1,1,1,1,-1,-1,1,-1,-1,-1|./seeds/seed_006.txt
11,12,2,4,0,1,5,6,3,9,10,7,14,13,8|-1,-1,1,1,1,1,1,1,1,-1,-1,1,-1,-1,-1|./seeds/seed_000.txt
8,13,14,9,10,11,12,6,3,2,1,5,0,7,4|1,1,1,1,1,-1,-1,1,-1,1,1,1,-1,1,-1|./seeds/seed_005.txt
8,13,14,9,10,11,6,12,2,3,1,5,0,7,4|1,1,1,1,1,-1,1,-1,1,-1,1,1,-1,1,-1|./seeds/seed_001.txt
13,14,10,9,8,3,7,0,4,12,11,2,5,1,6|1,1,1,1,1,-1,-1,-1,-1,1,1,-1,-1,-1,1|./seeds/seed_003.txt
13,14,10,9,8,3,7,0,4,12,11,2,5,1,6|1,1,1,1,1,-1,-1,-1,-1,1,1,-1,-1,-1,1|./seeds/seed_001.txt
11,12,7,1,2,6,5,13,0,4,14,3,8,9,10|-1,-1,1,1,1,1,1,1,1,1,1,1,1,-1,-1|./seeds/seed_002.txt
11,12,7,1,2,6,5,0,4,13,8,14,3,9,10|-1,-1,1,1,1,1,1,1,1,1,1,1,1,-1,-1|./seeds/seed_005.txt
13,14,8,9,10,11,12,6,2,3,1,5,0,7,4|1,1,1,1,1,-1,-1,1,1,-1,1,1,-1,1,-1|./seeds/seed_002.txt
8,13,14,9,10,11,12,6,3,2,1,5,0,7,4|1,1,1,1,1,-1,-1,1,-1,1,1,1,-1,1,-1|./seeds/seed_005.txt
10,9,13,14,8,3,0,4,12,2,11,5,1,6,7|1,1,1,1,1,-1,-1,-1,1,-1,1,-1,-1,-1,-1|./seeds/seed_005.txt
10,9,13,14,8,3,0,4,12,2,11,5,1,6,7|1,1,1,1,1,-1,-1,-1,1,-1,1,-1,-1,-1,-1|./seeds/seed_001.txt
11,12,7,1,2,6,5,0,4,13,8,14,3,9,10|-1,-1,1,1,1,1,1,1,1,1,1,1,1,-1,-1|./seeds/seed_005.txt
11,12,7,2,1,6,13,5,14,0,4,3,8,10,9|-1,-1,1,1,1,1,1,1,1,1,1,1,1,-1,-1|./seeds/seed_003.txt
10,9,13,14,8,3,0,4,12,2,11,5,1,6,7|1,1,1,1,1,-1,-1,-1,1,-1,1,-1,-1,-1,-1|./seeds/seed_000.txt
10,9,13,14,8,3,0,4,12,2,11,5,1,6,7|1,1,1,1,1,-1,-1,-1,1,-1,1,-1,-1,-1,-1|./seeds/seed_005.txt
13,14,8,9,10,11,12,6,2,3,1,5,0,7,4|1,1,1,1,1,-1,-1,1,1,-1,1,1,-1,1,-1|./seeds/seed_002.txt
13,14,8,9,10,11,12,6,2,3,1,5,0,4,7|1,1,1,1,1,-1,-1,1,1,-1,1,1,-1,-1,1|./seeds/seed_004.txt
11,12,7,2,1,6,5,4,0,13,3,8,14,10,9|-1,-1,1,1,1,1,1,1,1,1,1,1,1,-1,-1|./seeds/seed_001.txt
11,12,7,2,1,6,13,5,14,0,4,3,8,10,9|-1,-1,1,1,1,1,1,1,1,1,1,1,1,-1,-1|./seeds/seed_003.txt
2,5,1,0,4,6,3,7,8,10,9,12,11,13,14|1,1,1,1,1,1,1,1,1,1,1,-1,-1,-1,-1|./seeds/seed_004.txt
2,5,1,0,6,4,3,7,8,10,9,12,11,13,14|1,1,1,1,1,1,1,1,1,1,1,-1,-1,-1,-1|./seeds/seed_003.txt
14,13,8,9,10,11,12,6,2,3,1,5,0,4,7|1,1,1,1,1,-1,-1,1,1,-1,1,1,-1,-1,1|./seeds/seed_006.txt
13,14,8,9,10,11,12,6,2,3,1,5,0,4,7|1,1,1,1,1,-1,-1,1,1,-1,1,1,-1,-1,1|./seeds/seed_004.txt
8,13,14,9,10,11,6,12,3,2,1,5,0,7,4|1,1,1,1,1,-1,1,-1,-1,1,1,1,-1,1,-1|./seeds/seed_000.txt
14,13,8,9,10,11,12,6,2,3,1,5,0,4,7|1,1,1,1,1,-1,-1,1,1,-1,1,1,-1,-1,1|./seeds/seed_006.txt
11,12,7,1,2,6,5,0,4,13,8,14,3,9,10|-1,-1,1,1,1,1,1,1,1,1,1,1,1,-1,-1|./seeds/seed_005.txt
11,12,7,2,1,6,5,13,14,0,4,3,8,10,9|-1,-1,1,1,1,1,1,1,1,1,1,1,1,-1,-1|./seeds/seed_006.txt
14,13,12,0,3,4,2,11,10,9,1,5,6,7,8|1,1,1,-1,-1,-1,-1,1,1,1,-1,-1,-1,-1,1|./seeds/seed_006.txt
14,13,12,0,3,4,2,11,10,1,9,5,6,7,8|1,1,1,-1,-1,-1,-1,1,1,-1,1,-1,-1,-1,1|./seeds/seed_001.txt
13,14,10,9,8,3,7,0,4,12,11,2,5,1,6|1,1,1,1,1,-1,-1,-1,-1,1,1,-1,-1,-1,1|./seeds/seed_001.txt
13,14,10,9,8,3,7,0,4,12,11,2,5,1,6|1,1,1,1,1,-1,-1,-1,-1,1,1,-1,-1,-1,1|./seeds/seed_003.txt
10,9,13,14,8,3,0,4,12,2,11,5,1,6,7|1,1,1,1,1,-1,-1,-1,1,-1,1,-1,-1,-1,-1|./seeds/seed_002.txt
13,14,10,9,8,3,0,4,12,2,11,5,1,6,7|1,1,1,1,1,-1,-1,-1,1,-1,1,-1,-1,-1,-1|./seeds/seed_003.txt
8,13,14,9,10,11,6,12,2,3,1,5,0,7,4|1,1,1,1,1,-1,1,-1,1,-1,1,1,-1,1,-1|./seeds/seed_001.txt
13,14,8,9,10,11,12,6,2,3,1,5,0,4,7|1,1,1,1,1,-1,-1,1,1,-1,1,1,-1,-1,1|./seeds/seed_004.txt
8,13,14,9,10,11,12,6,3,2,1,5,0,7,4|1,1,1,1,1,-1,-1,1,-1,1,1,1,-1,1,-1|./seeds/seed_005.txt
13,14,8,9,10,11,12,6,2,3,1,5,0,4,7|1,1,1,1,1,-1,-1,1,1,-1,1,1,-1,-1,1|./seeds/seed_004.txt
13,14,8,9,10,11,6,12,2,3,1,5,0,4,7|1,1,1,1,1,-1,1,-1,1,-1,1,1,-1,-1,-1|./seeds/seed_003.txt
8,13,14,9,10,11,6,12,3,2,1,5,0,7,4|1,1,1,1,1,-1,1,-1,-1,1,1,1,-1,1,-1|./seeds/seed_000.txt
8,13,14,9,10,11,12,6,3,2,1,5,0,7,4|1,1,1,1,1,-1,-1,1,-1,1,1,1,-1,1,-1|./seeds/seed_005.txt
14,13,8,9,10,11,12,6,2,3,1,5,0,4,7|1,1,1,1,1,-1,-1,1,1,-1,1,1,-1,-1,1|./seeds/seed_006.txt
8,13,14,9,10,11,6,12,2,3,1,5,0,7,4|1,1,1,1,1,-1,1,-1,1,-1,1,1,-1,1,-1|./seeds/seed_001.txt
8,13,14,9,10,11,6,12,3,2,1,5,0,7,4|1,1,1,1,1,-1,1,-1,-1,1,1,1,-1,1,-1|./seeds/seed_000.txt
13,10,9,14,8,3,0,4,2,12,11,5,1,6,7|1,1,1,1,1,-1,-1,-1,-1,1,1,-1,-1,-1,-1|./seeds/seed_004.txt
10,9,13,14,8,3,0,4,12,2,11,5,1,6,7|1,1,1,1,1,-1,-1,-1,1,-1,1,-1,-1,-1,-1|./seeds/seed_000.txt
13,10,9,14,8,3,0,4,2,12,11,5,1,6,7|1,1,1,1,1,-1,-1,-1,-1,1,1,-1,-1,-1,-1|./seeds/seed_006.txt
13,14,10,9,8,3,0,4,12,2,11,5,1,6,7|1,1,1,1,1,-1,-1,-1,1,-1,1,-1,-1,-1,-1|./seeds/seed_003.txt
11,12,7,2,1,6,5,4,0,13,3,8,14,10,9|-1,-1,1,1,1,1,1,1,1,1,1,1,1,-1,-1|./seeds/seed_000.txt
11,12,7,2,1,6,5,13,14,0,4,3,8,10,9|-1,-1,1,1,1,1,1,1,1,1,1,1,1,-1,-1|./seeds/seed_006.txt
10,9,13,14,8,3,0,4,12,2,11,5,1,6,7|1,1,1,1,1,-1,-1,-1,1,-1,1,-1,-1,-1,-1|./seeds/seed_000.txt
10,9,13,14,8,3,0,4,12,2,11,5,1,6,7|1,1,1,1,1,-1,-1,-1,1,-1,1,-1,-1,-1,-1|./seeds/seed_002.txt
14,13,12,0,3,4,2,11,10,9,1,5,6,7,8|1,1,1,-1,-1,-1,-1,1,1,1,-1,-1,-1,-1,1|./seeds/seed_002.txt
14,13,12,0,3,4,2,11,10,1,9,5,6,7,8|1,1,1,-1,-1,-1,-1,1,1,-1,1,-1,-1,-1,1|./seeds/seed_000.txt
13,14,10,9,8,3,7,0,4,12,2,11,5,1,6|1,1,1,1,1,-1,-1,-1,-1,1,-1,1,-1,-1,1|./seeds/seed_004.txt
13,14,10,9,8,3,7,0,4,12,11,2,5,1,6|1,1,1,1,1,-1,-1,-1,-1,1,1,-1,-1,-1,1|./seeds/seed_003.txt
13,14,10,9,8,3,7,0,4,12,11,2,5,1,6|1,1,1,1,1,-1,-1,-1,-1,1,1,-1,-1,-1,1|./seeds/seed_005.txt
13,14,10,9,8,3,7,0,4,12,2,11,5,1,6|1,1,1,1,1,-1,-1,-1,-1,1,-1,1,-1,-1,1|./seeds/seed_006.txt
10,9,13,14,8,3,0,4,12,2,11,5,1,6,7|1,1,1,1,1,-1,-1,-1,1,-1,1,-1,-1,-1,-1|./seeds/seed_001.txt
13,10,9,14,8,3,0,4,2,12,11,5,1,6,7|1,1,1,1,1,-1,-1,-1,-1,1,1,-1,-1,-1,-1|./seeds/seed_004.txt
13,14,8,9,10,11,6,12,2,3,1,5,0,4,7|1,1,1,1,1,-1,1,-1,1,-1,1,1,-1,-1,-1|./seeds/seed_003.txt
13,14,8,9,10,11,12,6,2,3,1,5,0,7,4|1,1,1,1,1,-1,-1,1,1,-1,1,1,-1,1,-1|./seeds/seed_002.txt
11,12,2,4,0,1,5,6,3,9,10,7,14,13,8|-1,-1,1,1,1,1,1,1,1,-1,-1,1,-1,-1,-1|./seeds/seed_001.txt
11,12,2,4,0,1,5,6,3,9,10,7,14,13,8|-1,-1,1,1,1,1,1,1,1,-1,-1,1,-1,-1,-1|./seeds/seed_000.txt
14,13,12,0,3,4,2,11,10,9,1,5,6,7,8|1,1,1,-1,-1,-1,-1,1,1,1,-1,-1,-1,-1,1|./seeds/seed_005.txt
14,13,12,0,3,4,2,10,11,9,1,5,6,7,8|1,1,1,-1,-1,-1,-1,1,1,1,-1,-1,-1,-1,1|./seeds/seed_003.txt
13,14,10,9,8,3,7,0,4,12,11,2,5,1,6|1,1,1,1,1,-1,-1,-1,-1,1,1,-1,-1,-1,1|./seeds/seed_001.txt
13,14,10,9,8,3,7,0,4,12,11,2,5,1,6|1,1,1,1,1,-1,-1,-1,-1,1,1,-1,-1,-1,1|./seeds/seed_000.txt
11,12,7,2,1,6,5,13,14,0,4,3,8,10,9|-1,-1,1,1,1,1,1,1,1,1,1,1,1,-1,-1|./seeds/seed_006.txt
11,12,7,2,1,6,5,4,0,13,3,8,14,10,9|-1,-1,1,1,1,1,1,1,1,1,1,1,1,-1,-1|./seeds/seed_001.txt
14,13,12,0,3,4,2,11,10,9,1,5,6,7,8|1,1,1,-1,-1,-1,-1,1,1,1,-1,-1,-1,-1,1|./seeds/seed_004.txt
14,13,12,0,3,4,2,11,10,9,1,5,6,7,8|1,1,1,-1,-1,-1,-1,1,1,1,-1,-1,-1,-1,1|./seeds/seed_006.txt
11,12,2,4,0,1,5,6,3,9,10,7,14,13,8|-1,-1,1,1,1,1,1,1,1,-1,-1,1,-1,-1,-1|./seeds/seed_002.txt
11,12,2,4,0,1,5,6,3,9,10,7,14,13,8|-1,-1,1,1,1,1,1,1,1,-1,-1,1,-1,-1,-1|./seeds/seed_001.txt
13,14,8,9,10,11,6,12,2,3,1,5,0,4,7|1,1,1,1,1,-1,1,-1,1,-1,1,1,-1,-1,-1|./seeds/seed_003.txt
8,13,14,9,10,11,6,12,2,3,1,5,0,7,4|1,1,1,1,1,-1,1,-1,1,-1,1,1,-1,1,-1|./seeds/seed_001.txt
13,14,10,9,8,3,0,4,12,2,11,5,1,6,7|1,1,1,1,1,-1,-1,-1,1,-1,1,-1,-1,-1,-1|./seeds/seed_003.txt
10,9,13,14,8,3,0,4,12,2,11,5,1,6,7|1,1,1,1,1,-1,-1,-1,1,-1,1,-1,-1,-1,-1|./seeds/seed_005.txt
11,12,2,4,0,1,5,6,3,9,10,7,14,13,8|-1,-1,1,1,1,1,1,1,1,-1,-1,1,-1,-1,-1|./seeds/seed_005.txt
11,12,2,0,4,1,5,6,3,9,10,7,8,14,13|-1,-1,1,1,1,1,1,1,1,-1,-1,1,-1,-1,-1|./seeds/seed_004.txt
14,13,12,0,3,4,2,11,10,1,9,5,6,7,8|1,1,1,-1,-1,-1,-1,1,1,-1,1,-1,-1,-1,1|./seeds/seed_000.txt
14,13,12,0,3,4,2,11,10,9,1,5,6,7,8|1,1,1,-1,-1,-1,-1,1,1,1,-1,-1,-1,-1,1|./seeds/seed_004.txt
13,10,9,14,8,3,0,4,2,12,11,5,1,6,7|1,1,1,1,1,-1,-1,-1,-1,1,1,-1,-1,-1,-1|./seeds/seed_004.txt
10,9,13,14,8,3,0,4,12,2,11,5,1,6,7|1,1,1,1,1,-1,-1,-1,1,-1,1,-1,-1,-1,-1|./seeds/seed_001.txt
13,14,10,9,8,3,0,4,12,2,11,5,1,6,7|1,1,1,1,1,-1,-1,-1,1,-1,1,-1,-1,-1,-1|./seeds/seed_003.txt
10,9,13,14,8,3,0,4,12,2,11,5,1,6,7|1,1,1,1,1,-1,-1,-1,1,-1,1,-1,-1,-1,-1|./seeds/seed_005.txt
8,13,14,9,10,11,6,12,2,3,1,5,0,7,4|1,1,1,1,1,-1,1,-1,1,-1,1,1,-1,1,-1|./seeds/seed_001.txt
13,14,8,9,10,11,12,6,2,3,1,5,0,4,7|1,1,1,1,1,-1,-1,1,1,-1,1,1,-1,-1,1|./seeds/seed_004.txt
13,14,8,9,10,11,12,6,2,3,1,5,0,4,7|1,1,1,1,1,-1,-1,1,1,-1,1,1,-1,-1,1|./seeds/seed_004.txt
8,13,14,9,10,11,12,6,3,2,1,5,0,7,4|1,1,1,1,1,-1,-1,1,-1,1,1,1,-1,1,-1|./seeds/seed_005.txt
13,14,10,9,8,3,7,0,4,12,2,11,5,1,6|1,1,1,1,1,-1,-1,-1,-1,1,-1,1,-1,-1,1|./seeds/seed_002.txt
13,14,10,9,8,3,7,0,4,12,11,2,5,1,6|1,1,1,1,1,-1,-1,-1,-1,1,1,-1,-1,-1,1|./seeds/seed_005.txt
8,13,14,9,10,11,6,12,2,3,1,5,0,7,4|1,1,1,1,1,-1,1,-1,1,-1,1,1,-1,1,-1|./seeds/seed_001.txt
14,13,8,9,10,11,12,6,2,3,1,5,0,4,7|1,1,1,1,1,-1,-1,1,1,-1,1,1,-1,-1,1|./seeds/seed_006.txt
2,5,1,0,6,4,3,7,8,10,9,12,11,13,14|1,1,1,1,1,1,1,1,1,1,1,-1,-1,-1,-1|./seeds/seed_001.txt
2,5,1,0,4,6,3,7,8,10,9,12,11,13,14|1,1,1,1,1,1,1,1,1,1,1,-1,-1,-1,-1|./seeds/seed_006.txt
10,9,13,14,8,3,0,4,12,2,11,5,1,6,7|1,1,1,1,1,-1,-1,-1,1,-1,1,-1,-1,-1,-1|./seeds/seed_002.txt
13,10,9,14,8,3,0,4,2,12,11,5,1,6,7|1,1,1,1,1,-1,-1,-1,-1,1,1,-1,-1,-1,-1|./seeds/seed_004.txt
11,12,2,4,0,1,5,6,3,9,10,7,14,13,8|-1,-1,1,1,1,1,1,1,1,-1,-1,1,-1,-1,-1|./seeds/seed_002.txt
11,12,2,0,4,1,5,6,3,9,10,7,8,14,13|-1,-1,1,1,1,1,1,1,1,-1,-1,1,-1,-1,-1|./seeds/seed_004.txt
2,5,1,0,6,4,3,7,8,10,9,12,11,13,14|1,1,1,1,1,1,1,1,1,1,1,-1,-1,-1,-1|./seeds/seed_005.txt
2,5,1,0,6,4,3,7,8,10,9,12,11,13,14|1,1,1,1,1,1,1,1,1,1,1,-1,-1,-1,-1|./seeds/seed_000.txt
2,5,1,0,4,6,3,7,8,10,9,12,11,13,14|1,1,1,1,1,1,1,1,1,1,1,-1,-1,-1,-1|./seeds/seed_006.txt
2,5,1,0,6,4,3,7,8,10,9,12,11,13,14|1,1,1,1,1,1,1,1,1,1,1,-1,-1,-1,-1|./seeds/seed_002.txt
10,9,13,14,8,3,0,4,12,2,11,5,1,6,7|1,1,1,1,1,-1,-1,-1,1,-1,1,-1,-1,-1,-1|./seeds/seed_001.txt
13,10,9,14,8,3,0,4,2,12,11,5,1,6,7|1,1,1,1,1,-1,-1,-1,-1,1,1,-1,-1,-1,-1|./seeds/seed_006.txt
2,5,1,0,6,4,3,7,8,10,9,12,11,13,14|1,1,1,1,1,1,1,1,1,1,1,-1,-1,-1,-1|./seeds/seed_003.txt
2,5,1,0,4,6,3,7,8,10,9,12,11,13,14|1,1,1,1,1,1,1,1,1,1,1,-1,-1,-1,-1|./seeds/seed_004.txt
11,12,7,2,1,6,5,13,14,0,4,3,8,10,9|-1,-1,1,1,1,1,1,1,1,1,1,1,1,-1,-1|./seeds/seed_006.txt
11,12,7,2,1,6,5,4,0,13,3,8,14,10,9|-1,-1,1,1,1,1,1,1,1,1,1,1,1,-1,-1|./seeds/seed_001.txt
2,5,1,0,4,6,3,7,8,10,9,12,11,13,14|1,1,1,1,1,1,1,1,1,1,1,-1,-1,-1,-1|./seeds/seed_006.txt
2,5,1,0,6,4,3,7,8,10,9,12,11,13,14|1,1,1,1,1,1,1,1,1,1,1,-1,-1,-1,-1|./seeds/seed_003.txt
13,14,10,9,8,3,7,0,4,12,11,2,5,1,6|1,1,1,1,1,-1,-1,-1,-1,1,1,-1,-1,-1,1|./seeds/seed_005.txt
13,14,10,9,8,3,7,0,4,12,2,11,5,1,6|1,1,1,1,1,-1,-1,-1,-1,1,-1,1,-1,-1,1|./seeds/seed_006.txt
2,5,1,0,6,4,3,7,8,10,9,12,11,13,14|1,1,1,1,1,1,1,1,1,1,1,-1,-1,-1,-1|./seeds/seed_003.txt
2,5,1,0,6,4,3,7,8,10,9,12,11,13,14|1,1,1,1,1,1,1,1,1,1,1,-1,-1,-1,-1|./seeds/seed_005.txt
11,12,7,2,1,6,13,5,14,0,4,3,8,10,9|-1,-1,1,1,1,1,1,1,1,1,1,1,1,-1,-1|./seeds/seed_003.txt
11,12,7,2,1,6,5,13,0,4,14,8,3,10,9|-1,-1,1,1,1,1,1,1,1,1,1,1,1,-1,-1|./seeds/seed_004.txt
11,12,7,2,1,6,13,5,14,0,4,3,8,10,9|-1,-1,1,1,1,1,1,1,1,1,1,1,1,-1,-1|./seeds/seed_003.txt
11,12,7,1,2,6,5,13,0,4,14,3,8,9,10|-1,-1,1,1,1,1,1,1,1,1,1,1,1,-1,-1|./seeds/seed_002.txt
8,13,14,9,10,11,6,12,3,2,1,5,0,7,4|1,1,1,1,1,-1,1,-1,-1,1,1,1,-1,1,-1|./seeds/seed_000.txt
8,13,14,9,10,11,6,12,2,3,1,5,0,7,4|1,1,1,1,1,-1,1,-1,1,-1,1,1,-1,1,-1|./seeds/seed_001.txt
11,12,7,1,2,6,5,13,0,4,14,3,8,9,10|-1,-1,1,1,1,1,1,1,1,1,1,1,1,-1,-1|./seeds/seed_002.txt
11,12,7,2,1,6,5,13,0,4,14,8,3,10,9|-1,-1,1,1,1,1,1,1,1,1,1,1,1,-1,-1|./seeds/seed_004.txt
11,12,2,4,0,1,5,6,3,9,10,7,14,13,8|-1,-1,1,1,1,1,1,1,1,-1,-1,1,-1,-1,-1|./seeds/seed_000.txt
11,12,2,4,0,1,6,5,3,9,10,7,8,14,13|-1,-1,1,1,1,1,1,1,1,-1,-1,1,-1,-1,-1|./seeds/seed_006.txt
2,5,1,0,6,4,3,7,8,10,9,12,11,13,14|1,1,1,1,1,1,1,1,1,1,1,-1,-1,-1,-1|./seeds/seed_005.txt
2,5,1,0,6,4,3,7,8,10,9,12,11,13,14|1,1,1,1,1,1,1,1,1,1,1,-1,-1,-1,-1|./seeds/seed_001.txt
14,13,8,9,10,11,12,6,2,3,1,5,0,4,7|1,1,1,1,1,-1,-1,1,1,-1,1,1,-1,-1,1|./seeds/seed_006.txt
13,14,8,9,10,11,6,12,2,3,1,5,0,4,7|1,1,1,1,1,-1,1,-1,1,-1,1,1,-1,-1,-1|./seeds/seed_003.txt
13,14,10,9,8,3,7,0,4,12,11,2,5,1,6|1,1,1,1,1,-1,-1,-1,-1,1,1,-1,-1,-1,1|./seeds/seed_001.txt
13,14,10,9,8,3,7,0,4,12,2,11,5,1,6|1,1,1,1,1,-1,-1,-1,-1,1,-1,1,-1,-1,1|./seeds/seed_006.txt
11,12,2,4,0,1,5,6,3,9,10,7,8,13,14|-1,-1,1,1,1,1,1,1,1,-1,-1,1,-1,1,1|./seeds/seed_003.txt
11,12,2,4,0,1,5,6,3,9,10,7,14,13,8|-1,-1,1,1,1,1,1,1,1,-1,-1,1,-1,-1,-1|./seeds/seed_001.txt
13,14,10,9,8,3,7,0,4,12,2,11,5,1,6|1,1,1,1,1,-1,-1,-1,-1,1,-1,1,-1,-1,1|./seeds/seed_004.txt
13,14,10,9,8,3,7,0,4,12,11,2,5,1,6|1,1,1,1,1,-1,-1,-1,-1,1,1,-1,-1,-1,1|./seeds/seed_003.txt
13,14,8,9,10,11,6,12,2,3,1,5,0,4,7|1,1,1,1,1,-1,1,-1,1,-1,1,1,-1,-1,-1|./seeds/seed_003.txt
8,13,14,9,10,11,6,12,3,2,1,5,0,7,4|1,1,1,1,1,-1,1,-1,-1,1,1,1,-1,1,-1|./seeds/seed_000.txt
14,13,8,9,10,11,12,6,2,3,1,5,0,4,7|1,1,1,1,1,-1,-1,1,1,-1,1,1,-1,-1,1|./seeds/seed_006.txt
8,13,14,9,10,11,6,12,2,3,1,5,0,7,4|1,1,1,1,1,-1,1,-1,1,-1,1,1,-1,1,-1|./seeds/seed_001.txt
11,12,7,2,1,6,5,4,0,13,3,8,14,10,9|-1,-1,1,1,1,1,1,1,1,1,1,1,1,-1,-1|./seeds/seed_000.txt
11,12,7,2,1,6,13,5,14,0,4,3,8,10,9|-1,-1,1,1,1,1,1,1,1,1,1,1,1,-1,-1|./seeds/seed_003.txt
11,12,2,4,0,1,5,6,3,9,10,7,14,13,8|-1,-1,1,1,1,1,1,1,1,-1,-1,1,-1,-1,-1|./seeds/seed_002.txt
11,12,2,4,0,1,5,6,3,9,10,7,14,13,8|-1,-1,1,1,1,1,1,1,1,-1,-1,1,-1,-1,-1|./seeds/seed_001.txt
13,10,9,14,8,3,0,4,2,12,11,5,1,6,7|1,1,1,1,1,-1,-1,-1,-1,1,1,-1,-1,-1,-1|./seeds/seed_004.txt
10,9,13,14,8,3,0,4,12,2,11,5,1,6,7|1,1,1,1,1,-1,-1,-1,1,-1,1,-1,-1,-1,-1|./seeds/seed_000.txt
11,12,7,2,1,6,5,4,0,13,3,8,14,10,9|-1,-1,1,1,1,1,1,1,1,1,1,1,1,-1,-1|./seeds/seed_001.txt
11,12,7,2,1,6,5,13,14,0,4,3,8,10,9|-1,-1,1,1,1,1,1,1,1,1,1,1,1,-1,-1|./seeds/seed_006.txt
11,12,2,4,0,1,6,5,3,9,10,7,8,14,13|-1,-1,1,1,1,1,1,1,1,-1,-1,1,-1,-1,-1|./seeds/seed_006.txt
11,12,2,4,0,1,5,6,3,9,10,7,8,13,14|-1,-1,1,1,1,1,1,1,1,-1,-1,1,-1,1,1|./seeds/seed_003.txt
14,13,12,0,3,4,2,10,11,9,1,5,6,7,8|1,1,1,-1,-1,-1,-1,1,1,1,-1,-1,-1,-1,1|./seeds/seed_003.txt
14,13,12,0,3,4,2,11,10,9,1,5,6,7,8|1,1,1,-1,-1,-1,-1,1,1,1,-1,-1,-1,-1,1|./seeds/seed_004.txt
13,14,8,9,10,11,6,12,2,3,1,5,0,4,7|1,1,1,1,1,-1,1,-1,1,-1,1,1,-1,-1,-1|./seeds/seed_003.txt
14,13,8,9,10,11,12,6,2,3,1,5,0,4,7|1,1,1,1,1,-1,-1,1,1,-1,1,1,-1,-1,1|./seeds/seed_006.txt
13,14,10,9,8,3,0,4,12,2,11,5,1,6,7|1,1,1,1,1,-1,-1,-1,1,-1,1,-1,-1,-1,-1|./seeds/seed_003.txt
10,9,13,14,8,3,0,4,12,2,11,5,1,6,7|1,1,1,1,1,-1,-1,-1,1,-1,1,-1,-1,-1,-1|./seeds/seed_002.txt
10,9,13,14,8,3,0,4,12,2,11,5,1,6,7|1,1,1,1,1,-1,-1,-1,1,-1,1,-1,-1,-1,-1|./seeds/seed_001.txt
10,9,13,14,8,3,0,4,12,2,11,5,1,6,7|1,1,1,1,1,-1,-1,-1,1,-1,1,-1,-1,-1,-1|./seeds/seed_000.txt
13,10,9,14,8,3,0,4,2,12,11,5,1,6,7|1,1,1,1,1,-1,-1,-1,-1,1,1,-1,-1,-1,-1|./seeds/seed_006.txt
13,14,10,9,8,3,0,4,12,2,11,5,1,6,7|1,1,1,1,1,-1,-1,-1,1,-1,1,-1,-1,-1,-1|./seeds/seed_003.txt
13,14,8,9,10,11,12,6,2,3,1,5,0,4,7|1,1,1,1,1,-1,-1,1,1,-1,1,1,-1,-1,1|./seeds/seed_004.txt
13,14,8,9,10,11,6,12,2,3,1,5,0,4,7|1,1,1,1,1,-1,1,-1,1,-1,1,1,-1,-1,-1|./seeds/seed_003.txt
11,12,2,4,0,1,6,5,3,9,10,7,8,14,13|-1,-1,1,1,1,1,1,1,1,-1,-1,1,-1,-1,-1|./seeds/seed_006.txt
11,12,2,4,0,1,5,6,3,9,10,7,14,13,8|-1,-1,1,1,1,1,1,1,1,-1,-1,1,-1,-1,-1|./seeds/seed_000.txt
13,14,10,9,8,3,7,0,4,12,11,2,5,1,6|1,1,1,1,1,-1,-1,-1,-1,1,1,-1,-1,-1,1|./seeds/seed_005.txt
13,14,10,9,8,3,7,0,4,12,2,11,5,1,6|1,1,1,1,1,-1,-1,-1,-1,1,-1,1,-1,-1,1|./seeds/seed_006.txt
11,12,7,2,1,6,13,5,14,0,4,3,8,10,9|-1,-1,1,1,1,1,1,1,1,1,1,1,1,-1,-1|./seeds/seed_003.txt
11,12,7,2,1,6,5,13,14,0,4,3,8,10,9|-1,-1,1,1,1,1,1,1,1,1,1,1,1,-1,-1|./seeds/seed_006.txt
11,12,7,2,1,6,5,4,0,13,3,8,14,10,9|-1,-1,1,1,1,1,1,1,1,1,1,1,1,-1,-1|./seeds/seed_000.txt
11,12,7,2,1,6,5,13,0,4,14,8,3,10,9|-1,-1,1,1,1,1,1,1,1,1,1,1,1,-1,-1|./seeds/seed_004.txt
2,5,1,0,6,4,3,7,8,10,9,12,11,13,14|1,1,1,1,1,1,1,1,1,1,1,-1,-1,-1,-1|./seeds/seed_002.txt
2,5,1,0,6,4,3,7,8,10,9,12,11,13,14|1,1,1,1,1,1,1,1,1,1,1,-1,-1,-1,-1|./seeds/seed_003.txt
13,14,10,9,8,3,7,0,4,12,2,11,5,1,6|1,1,1,1,1,-1,-1,-1,-1,1,-1,1,-1,-1,1|./seeds/seed_006.txt
13,14,10,9,8,3,7,0,4,12,11,2,5,1,6|1,1,1,1,1,-1,-1,-1,-1,1,1,-1,-1,-1,1|./seeds/seed_001.txt
13,14,8,9,10,11,6,12,2,3,1,5,0,4,7|1,1,1,1,1,-1,1,-1,1,-1,1,1,-1,-1,-1|./seeds/seed_003.txt
13,14,8,9,10,11,12,6,2,3,1,5,0,4,7|1,1,1,1,1,-1,-1,1,1,-1,1,1,-1,-1,1|./seeds/seed_004.txt
11,12,7,2,1,6,5,4,0,13,3,8,14,10,9|-1,-1,1,1,1,1,1,1,1,1,1,1,1,-1,-1|./seeds/seed_000.txt
11,12,7,2,1,6,5,13,0,4,14,8,3,10,9|-1,-1,1,1,1,1,1,1,1,1,1,1,1,-1,-1|./seeds/seed_004.txt
13,14,10,9,8,3,7,0,4,12,11,2,5,1,6|1,1,1,1,1,-1,-1,-1,-1,1,1,-1,-1,-1,1|./seeds/seed_000.txt
13,14,10,9,8,3,7,0,4,12,2,11,5,1,6|1,1,1,1,1,-1,-1,-1,-1,1,-1,1,-1,-1,1|./seeds/seed_002.txt
11,12,7,1,2,6,5,0,4,13,8,14,3,9,10|-1,-1,1,1,1,1,1,1,1,1,1,1,1,-1,-1|./seeds/seed_005.txt
11,12,7,1,2,6,5,13,0,4,14,3,8,9,10|-1,-1,1,1,1,1,1,1,1,1,1,1,1,-1,-1|./seeds/seed_002.txt
11,12,2,4,0,1,6,5,3,9,10,7,8,14,13|-1,-1,1,1,1,1,1,1,1,-1,-1,1,-1,-1,-1|./seeds/seed_006.txt
11,12,2,4,0,1,5,6,3,9,10,7,14,13,8|-1,-1,1,1,1,1,1,1,1,-1,-1,1,-1,-1,-1|./seeds/seed_000.txt
11,12,2,0,4,1,5,6,3,9,10,7,8,14,13|-1,-1,1,1,1,1,1,1,1,-1,-1,1,-1,-1,-1|./seeds/seed_004.txt
11,12,2,4,0,1,6,5,3,9,10,7,8,14,13|-1,-1,1,1,1,1,1,1,1,-1,-1,1,-1,-1,-1|./seeds/seed_006.txt
11,12,7,2,1,6,13,5,14,0,4,3,8,10,9|-1,-1,1,1,1,1,1,1,1,1,1,1,1,-1,-1|./seeds/seed_003.txt
11,12,7,2,1,6,5,13,14,0,4,3,8,10,9|-1,-1,1,1,1,1,1,1,1,1,1,1,1,-1,-1|./seeds/seed_006.txt
10,9,13,14,8,3,0,4,12,2,11,5,1,6,7|1,1,1,1,1,-1,-1,-1,1,-1,1,-1,-1,-1,-1|./seeds/seed_001.txt
10,9,13,14,8,3,0,4,12,2,11,5,1,6,7|1,1,1,1,1,-1,-1,-1,1,-1,1,-1,-1,-1,-1|./seeds/seed_000.txt
13,14,10,9,8,3,7,0,4,12,2,11,5,1,6|1,1,1,1,1,-1,-1,-1,-1,1,-1,1,-1,-1,1|./seeds/seed_002.txt
13,14,10,9,8,3,7,0,4,12,11,2,5,1,6|1,1,1,1,1,-1,-1,-1,-1,1,1,-1,-1,-1,1|./seeds/seed_003.txt
8,13,14,9,10,11,6,12,3,2,1,5,0,7,4|1,1,1,1,1,-1,1,-1,-1,1,1,1,-1,1,-1|./seeds/seed_000.txt
13,14,8,9,10,11,12,6,2,3,1,5,0,4,7|1,1,1,1,1,-1,-1,1,1,-1,1,1,-1,-1,1|./seeds/seed_004.txt
14,13,12,0,3,4,2,10,11,9,1,5,6,7,8|1,1,1,-1,-1,-1,-1,1,1,1,-1,-1,-1,-1,1|./seeds/seed_003.txt
14,13,12,0,3,4,2,11,10,9,1,5,6,7,8|1,1,1,-1,-1,-1,-1,1,1,1,-1,-1,-1,-1,1|./seeds/seed_002.txt
2,5,1,0,6,4,3,7,8,10,9,12,11,13,14|1,1,1,1,1,1,1,1,1,1,1,-1,-1,-1,-1|./seeds/seed_003.txt
2,5,1,0,6,4,3,7,8,10,9,12,11,13,14|1,1,1,1,1,1,1,1,1,1,1,-1,-1,-1,-1|./seeds/seed_000.txt
2,5,1,0,6,4,3,7,8,10,9,12,11,13,14|1,1,1,1,1,1,1,1,1,1,1,-1,-1,-1,-1|./seeds/seed_000.txt
2,5,1,0,4,6,3,7,8,10,9,12,11,13,14|1,1,1,1,1,1,1,1,1,1,1,-1,-1,-1,-1|./seeds/seed_006.txt
11,12,2,4,0,1,5,6,3,9,10,7,8,13,14|-1,-1,1,1,1,1,1,1,1,-1,-1,1,-1,1,1|./seeds/seed_003.txt
11,12,2,4,0,1,5,6,3,9,10,7,14,13,8|-1,-1,1,1,1,1,1,1,1,-1,-1,1,-1,-1,-1|./seeds/seed_000.txt
14,13,8,9,10,11,12,6,2,3,1,5,0,4,7|1,1,1,1,1,-1,-1,1,1,-1,1,1,-1,-1,1|./seeds/seed_006.txt
13,14,8,9,10,11,12,6,2,3,1,5,0,4,7|1,1,1,1,1,-1,-1,1,1,-1,1,1,-1,-1,1|./seeds/seed_004.txt
8,13,14,9,10,11,6,12,2,3,1,5,0,7,4|1,1,1,1,1,-1,1,-1,1,-1,1,1,-1,1,-1|./seeds/seed_001.txt
14,13,8,9,10,11,12,6,2,3,1,5,0,4,7|1,1,1,1,1,-1,-1,1,1,-1,1,1,-1,-1,1|./seeds/seed_006.txt
11,12,2,4,0,1,6,5,3,9,10,7,8,14,13|-1,-1,1,1,1,1,1,1,1,-1,-1,1,-1,-1,-1|./seeds/seed_006.txt
11,12,2,4,0,1,5,6,3,9,10,7,14,13,8|-1,-1,1,1,1,1,1,1,1,-1,-1,1,-1,-1,-1|./seeds/seed_001.txt
8,13,14,9,10,11,12,6,3,2,1,5,0,7,4|1,1,1,1,1,-1,-1,1,-1,1,1,1,-1,1,-1|./seeds/seed_005.txt
13,14,8,9,10,11,12,6,2,3,1,5,0,7,4|1,1,1,1,1,-1,-1,1,1,-1,1,1,-1,1,-1|./seeds/seed_002.txt
14,13,12,0,3,4,2,11,10,9,1,5,6,7,8|1,1,1,-1,-1,-1,-1,1,1,1,-1,-1,-1,-1,1|./seeds/seed_005.txt
14,13,12,0,3,4,2,11,10,9,1,5,6,7,8|1,1,1,-1,-1,-1,-1,1,1,1,-1,-1,-1,-1,1|./seeds/seed_002.txt
11,12,7,1,2,6,5,0,4,13,8,14,3,9,10|-1,-1,1,1,1,1,1,1,1,1,1,1,1,-1,-1|./seeds/seed_005.txt
11,12,7,2,1,6,5,4,0,13,3,8,14,10,9|-1,-1,1,1,1,1,1,1,1,1,1,1,1,-1,-1|./seeds/seed_000.txt
11,12,7,2,1,6,5,13,0,4,14,8,3,10,9|-1,-1,1,1,1,1,1,1,1,1,1,1,1,-1,-1|./seeds/seed_004.txt
11,12,7,2,1,6,5,13,14,0,4,3,8,10,9|-1,-1,1,1,1,1,1,1,1,1,1,1,1,-1,-1|./seeds/seed_006.txt
13,14,10,9,8,3,7,0,4,12,11,2,5,1,6|1,1,1,1,1,-1,-1,-1,-1,1,1,-1,-1,-1,1|./seeds/seed_000.txt
13,14,10,9,8,3,7,0,4,12,2,11,5,1,6|1,1,1,1,1,-1,-1,-1,-1,1,-1,1,-1,-1,1|./seeds/seed_004.txt
10,9,13,14,8,3,0,4,12,2,11,5,1,6,7|1,1,1,1,1,-1,-1,-1,1,-1,1,-1,-1,-1,-1|./seeds/seed_005.txt
13,14,10,9,8,3,0,4,12,2,11,5,1,6,7|1,1,1,1,1,-1,-1,-1,1,-1,1,-1,-1,-1,-1|./seeds/seed_003.txt
14,13,12,0,3,4,2,11,10,1,9,5,6,7,8|1,1,1,-1,-1,-1,-1,1,1,-1,1,-1,-1,-1,1|./seeds/seed_001.txt
14,13,12,0,3,4,2,11,10,9,1,5,6,7,8|1,1,1,-1,-1,-1,-1,1,1,1,-1,-1,-1,-1,1|./seeds/seed_002.txt
11,12,7,1,2,6,5,13,0,4,14,3,8,9,10|-1,-1,1,1,1,1,1,1,1,1,1,1,1,-1,-1|./seeds/seed_002.txt
11,12,7,2,1,6,5,4,0,13,3,8,14,10,9|-1,-1,1,1,1,1,1,1,1,1,1,1,1,-1,-1|./seeds/seed_001.txt
11,12,7,2,1,6,5,13,0,4,14,8,3,10,9|-1,-1,1,1,1,1,1,1,1,1,1,1,1,-1,-1|./seeds/seed_004.txt
11,12,7,2,1,6,13,5,14,0,4,3,8,10,9|-1,-1,1,1,1,1,1,1,1,1,1,1,1,-1,-1|./seeds/seed_003.txt
10,9,13,14,8,3,0,4,12,2,11,5,1,6,7|1,1,1,1,1,-1,-1,-1,1,-1,1,-1,-1,-1,-1|./seeds/seed_001.txt
13,14,10,9,8,3,0,4,12,2,11,5,1,6,7|1,1,1,1,1,-1,-1,-1,1,-1,1,-1,-1,-1,-1|./seeds/seed_003.txt
2,5,1,0,4,6,3,7,8,10,9,12,11,13,14|1,1,1,1,1,1,1,1,1,1,1,-1,-1,-1,-1|./seeds/seed_004.txt
2,5,1,0,6,4,3,7,8,10,9,12,11,13,14|1,1,1,1,1,1,1,1,1,1,1,-1,-1,-1,-1|./seeds/seed_005.txt
2,5,1,0,6,4,3,7,8,10,9,12,11,13,14|1,1,1,1,1,1,1,1,1,1,1,-1,-1,-1,-1|./seeds/seed_002.txt
2,5,1,0,4,6,3,7,8,10,9,12,11,13,14|1,1,1,1,1,1,1,1,1,1,1,-1,-1,-1,-1|./seeds/seed_004.txt
13,14,10,9,8,3,7,0,4,12,2,11,5,1,6|1,1,1,1,1,-1,-1,-1,-1,1,-1,1,-1,-1,1|./seeds/seed_002.txt
13,14,10,9,8,3,7,0,4,12,11,2,5,1,6|1,1,1,1,1,-1,-1,-1,-1,1,1,-1,-1,-1,1|./seeds/seed_000.txt
13,10,9,14,8,3,0,4,2,12,11,5,1,6,7|1,1,1,1,1,-1,-1,-1,-1,1,1,-1,-1,-1,-1|./seeds/seed_004.txt
10,9,13,14,8,3,0,4,12,2,11,5,1,6,7|1,1,1,1,1,-1,-1,-1,1,-1,1,-1,-1,-1,-1|./seeds/seed_001.txt
13,10,9,14,8,3,0,4,2,12,11,5,1,6,7|1,1,1,1,1,-1,-1,-1,-1,1,1,-1,-1,-1,-1|./seeds/seed_006.txt
10,9,13,14,8,3,0,4,12,2,11,5,1,6,7|1,1,1,1,1,-1,-1,-1,1,-1,1,-1,-1,-1,-1|./seeds/seed_001.txt
13,10,9,14,8,3,0,4,2,12,11,5,1,6,7|1,1,1,1,1,-1,-1,-1,-1,1,1,-1,-1,-1,-1|./seeds/seed_004.txt
10,9,13,14,8,3,0,4,12,2,11,5,1,6,7|1,1,1,1,1,-1,-1,-1,1,-1,1,-1,-1,-1,-1|./seeds/seed_001.txt
10,9,13,14,8,3,0,4,12,2,11,5,1,6,7|1,1,1,1,1,-1,-1,-1,1,-1,1,-1,-1,-1,-1|./seeds/seed_002.txt
13,14,10,9,8,3,0,4,12,2,11,5,1,6,7|1,1,1,1,1,-1,-1,-1,1,-1,1,-1,-1,-1,-1|./seeds/seed_003.txt
13,14,10,9,8,3,7,0,4,12,11,2,5,1,6|1,1,1,1,1,-1,-1,-1,-1,1,1,-1,-1,-1,1|./seeds/seed_001.txt
13,14,10,9,8,3,7,0,4,12,2,11,5,1,6|1,1,1,1,1,-1,-1,-1,-1,1,-1,1,-1,-1,1|./seeds/seed_002.txt
11,12,2,0,4,1,5,6,3,9,10,7,8,14,13|-1,-1,1,1,1,1,1,1,1,-1,-1,1,-1,-1,-1|./seeds/seed_004.txt
11,12,2,4,0,1,5,6,3,9,10,7,14,13,8|-1,-1,1,1,1,1,1,1,1,-1,-1,1,-1,-1,-1|./seeds/seed_001.txt
