relative_time_sec,total_execs,coverage_seen,coverage_percent,interesting_test_cases,corpus_size,unique_bugs,unique_crashes,validity_bugs,functional_bugs,bonus_bugs
0.000000,0.000000,0.000000,0.000000,0,0,1,0,0,1,0
5.047139,4.751152,6.880511,0.010499,0,0,2,0,1,1,0
5.921509,5.574244,8.072495,0.012318,0,0,3,0,2,1,0
8.915442,8.392600,12.153974,0.018545,0,0,4,0,2,2,0
89.570101,84.317301,122.106411,0.186320,0,0,5,0,2,3,0
281.397591,264.895153,383.615176,0.585350,7,7,5,0,2,3,0
330.440124,311.061608,450.472393,0.687366,8,8,5,0,2,3,0
332.991994,313.463825,453.951229,0.692675,9,9,5,0,2,3,0
573.238192,539.620890,781.466781,1.192424,10,10,5,0,2,3,0
767.598779,722.583286,1046.428789,1.596724,10,10,6,0,3,3,0
767.641119,722.623144,1046.486509,1.596812,11,11,6,0,3,3,0
768.430190,723.365939,1047.562209,1.598453,11,11,7,0,4,3,0
768.464832,723.398550,1047.609435,1.598525,12,12,7,0,4,3,0
769.352918,724.234555,1048.820119,1.600372,13,13,7,0,4,3,0
773.071418,727.734985,1053.889362,1.608108,14,14,7,0,4,3,0
827.486231,778.958665,1128.070339,1.721299,15,15,7,0,4,3,0
831.652766,782.880855,1133.750366,1.729966,16,16,7,0,4,3,0
835.554907,786.554157,1139.069959,1.738083,17,17,7,0,4,3,0
1050.649886,989.034985,1432.298119,2.185513,17,17,8,0,5,3,0
1050.692814,989.075396,1432.356641,2.185603,18,18,8,0,5,3,0
1051.520153,989.854216,1433.484510,2.187324,18,18,9,0,6,3,0
3833.583377,3608.764566,5226.131306,7.974444,18,18,10,0,7,3,0
3835.888363,3610.934377,5229.273577,7.979238,19,18,10,0,7,3,0
3838.237792,3613.146024,5232.476435,7.984125,20,19,10,0,7,3,0
3839.041959,3613.903031,5233.572715,7.985798,21,19,10,0,7,3,0
3842.034811,3616.720369,5237.652721,7.992024,21,19,11,0,8,3,0
3860.122310,3633.747135,5262.310498,8.029649,21,19,12,0,9,3,0
3861.741472,3635.271342,5264.517820,8.033017,22,20,12,0,9,3,0
3881.182207,3653.571983,5291.020395,8.073456,22,20,13,0,10,3,0
5542.285255,5217.260373,7555.518591,11.528806,23,20,13,0,10,3,0
5547.318526,5221.998471,7562.380197,11.539276,24,21,13,0,10,3,0
6038.876173,5684.728936,8232.496001,12.561792,24,21,14,0,10,4,0
6038.935796,5684.785062,8232.577282,12.561916,25,22,14,0,10,4,0
6040.088487,5685.870154,8234.148688,12.564314,25,22,15,0,10,5,0
6041.364288,5687.071136,8235.887923,12.566968,25,22,16,0,10,6,0
6042.600254,5688.234619,8237.572853,12.569539,25,22,17,0,10,7,0
6043.935393,5689.491460,8239.392981,12.572316,25,22,18,0,10,8,0
6045.185063,5690.667843,8241.096593,12.574915,25,22,19,0,10,9,0
6046.470814,5691.878192,8242.849393,12.577590,25,22,20,0,10,10,0
6047.704100,5693.039152,8244.530669,12.580155,25,22,21,0,10,11,0
6048.909761,5694.174108,8246.174286,12.582663,25,22,22,0,10,12,0
6050.160929,5695.351902,8247.879941,12.585266,25,22,23,0,10,13,0
6051.445895,5696.561512,8249.631671,12.587939,25,22,24,0,10,14,0
6052.560467,5697.610720,8251.151110,12.590257,25,22,25,0,10,15,0
6053.785728,5698.764127,8252.821448,12.592806,25,22,26,0,10,16,0
6055.069268,5699.972394,8254.571233,12.595476,25,22,27,0,10,17,0
6056.215778,5701.051667,8256.134212,12.597861,25,22,28,0,10,18,0
6057.449181,5702.212737,8257.815647,12.600427,25,22,29,0,10,19,0
6058.805333,5703.489358,8259.664421,12.603248,25,22,30,0,10,20,0
6060.096722,5704.705015,8261.424907,12.605934,25,22,31,0,10,21,0
6061.363562,5705.897562,8263.151927,12.608569,25,22,32,0,10,22,0
6062.653592,5707.111938,8264.910560,12.611253,25,22,33,0,10,23,0
6063.867416,5708.254578,8266.565305,12.613778,25,22,34,0,10,24,0
6065.084826,5709.400593,8268.224939,12.616310,25,22,35,0,10,25,0
6066.385448,5710.624941,8269.998011,12.619016,25,22,36,0,10,26,0
6067.494916,5711.669345,8271.510494,12.621323,25,22,37,0,10,27,0
6068.691661,5712.795907,8273.141955,12.623813,25,22,38,0,10,28,0
6069.892189,5713.926030,8274.778574,12.626310,25,22,39,0,10,29,0
6071.124586,5715.086154,8276.458639,12.628874,25,22,40,0,10,30,0
6072.329020,5716.219954,8278.100583,12.631379,25,22,41,0,10,31,0
6073.616804,5717.432217,8279.856155,12.634058,25,22,42,0,10,32,0
6074.801477,5718.547415,8281.471160,12.636522,25,22,43,0,10,33,0
6076.075383,5719.746614,8283.207812,12.639172,25,22,44,0,10,34,0
6077.376613,5720.971534,8284.981713,12.641879,25,22,45,0,10,35,0
6078.568054,5722.093103,8286.605944,12.644357,25,22,46,0,10,36,0
6079.828749,5723.279866,8288.324587,12.646980,25,22,47,0,10,37,0
6081.126092,5724.501127,8290.093190,12.649678,25,22,48,0,10,38,0
6082.452838,5725.750066,8291.901876,12.652438,25,22,49,0,10,39,0
6083.600643,5726.830559,8293.466621,12.654826,25,22,50,0,10,40,0
6084.938977,5728.090406,8295.291103,12.657610,25,22,51,0,10,41,0
6086.211353,5729.288164,8297.025669,12.660256,25,22,52,0,10,42,0
6087.686043,5730.676372,8299.036040,12.663324,25,22,53,0,10,43,0
6089.190964,5732.093037,8301.087623,12.666455,25,22,54,0,10,44,0
6090.770380,5733.579829,8303.240761,12.669740,25,22,55,0,10,45,0
6092.133348,5734.862867,8305.098828,12.672575,25,22,56,0,10,46,0
6093.300472,5735.961545,8306.689908,12.675003,25,22,57,0,10,47,0
6094.538680,5737.127139,8308.377895,12.677579,25,22,58,0,10,48,0
6095.820096,5738.333407,8310.124785,12.680244,25,22,59,0,10,49,0
6097.025491,5739.468112,8311.768039,12.682752,25,22,60,0,10,50,0
6098.314103,5740.681154,8313.524740,12.685432,25,22,61,0,10,51,0
6099.602437,5741.893934,8315.281060,12.688112,25,22,62,0,10,52,0
6100.743437,5742.968021,8316.836529,12.690485,25,22,63,0,10,53,0
6101.991587,5744.142974,8318.538069,12.693082,25,22,64,0,10,54,0
6103.351151,5745.422806,8320.391493,12.695910,25,22,65,0,10,55,0
6104.972878,5746.949429,8322.602313,12.699283,25,22,66,0,10,56,0
6106.355957,5748.251397,8324.487795,12.702160,25,22,67,0,10,57,0
6107.795268,5749.606300,8326.449935,12.705154,25,22,68,0,10,58,0
6109.370576,5751.089225,8328.597473,12.708431,25,22,69,0,10,59,0
6110.995793,5752.619132,8330.813050,12.711812,25,22,70,0,10,60,0
6112.832341,5754.347976,8333.316723,12.715632,25,22,71,0,10,61,0
6114.300738,5755.730260,8335.318514,12.718687,25,22,72,0,10,62,0
6116.078809,5757.404057,8337.742469,12.722385,25,22,73,0,10,63,0
6117.260610,5758.516551,8339.353559,12.724844,25,22,74,0,10,64,0
6118.640923,5759.815917,8341.235271,12.727715,25,22,75,0,10,65,0
6119.847760,5760.951980,8342.880491,12.730225,25,22,76,0,10,66,0
6121.173168,5762.199659,8344.687353,12.732982,25,22,77,0,10,67,0
6122.429759,5763.382558,8346.400400,12.735596,25,22,78,0,10,68,0
6123.685553,5764.564706,8348.112360,12.738209,25,22,79,0,10,69,0
6124.960522,5765.764906,8349.850462,12.740861,25,22,80,0,10,70,0
6126.123367,5766.859556,8351.435710,12.743280,25,22,81,0,10,71,0
6127.293541,5767.961106,8353.030949,12.745714,25,22,82,0,10,72,0
6128.542919,5769.137215,8354.734164,12.748313,25,22,83,0,10,73,0
6129.704439,5770.230617,8356.317605,12.750729,25,22,84,0,10,74,0
6130.821941,5771.282585,8357.841040,12.753053,25,22,85,0,10,75,0
6132.050534,5772.439127,8359.515918,12.755609,25,22,86,0,10,76,0
6133.251092,5773.569279,8361.152579,12.758106,25,22,87,0,10,77,0
6134.531079,5774.774202,8362.897521,12.760769,25,22,88,0,10,78,0
6135.874658,5776.038987,8364.729155,12.763564,25,22,89,0,10,79,0
6137.158452,5777.247493,8366.479285,12.766234,25,22,90,0,10,80,0
6138.378545,5778.396035,8368.142578,12.768772,25,22,91,0,10,81,0
6139.749555,5779.686642,8370.011607,12.771624,25,22,92,0,10,82,0
6140.993306,5780.857454,8371.707149,12.774211,25,22,93,0,10,83,0
6142.217197,5782.009571,8373.375619,12.776757,25,22,94,0,10,84,0
6143.417582,5783.139559,8375.012043,12.779254,25,22,95,0,10,85,0
6144.605998,5784.258281,8376.632151,12.781726,25,22,96,0,10,86,0
6145.826171,5785.406898,8378.295552,12.784264,25,22,97,0,10,87,0
6147.050282,5786.559221,8379.964320,12.786811,25,22,98,0,10,88,0
6148.377694,5787.808788,8381.773914,12.789572,25,22,99,0,10,89,0
6149.927632,5789.267830,8383.886867,12.792796,25,22,100,0,10,90,0
6151.143234,5790.412144,8385.544036,12.795325,25,22,101,0,10,91,0
6152.442885,5791.635578,8387.315785,12.798028,25,22,102,0,10,92,0
6153.925904,5793.031625,8389.337509,12.801113,25,22,103,0,10,93,0
6155.388750,5794.408683,8391.331734,12.804156,25,22,104,0,10,94,0
6156.719654,5795.661537,8393.146088,12.806925,25,22,105,0,10,95,0
6157.963146,5796.832105,8394.841278,12.809511,25,22,106,0,10,96,0
6159.224707,5798.019682,8396.561101,12.812135,25,22,107,0,10,97,0
6160.426806,5799.151285,8398.199863,12.814636,25,22,108,0,10,98,0
6161.584971,5800.241530,8399.778731,12.817045,25,22,109,0,10,99,0
6162.695209,5801.286658,8401.292262,12.819355,25,22,110,0,10,100,0
6163.895957,5802.416989,8402.929181,12.821852,25,22,111,0,10,101,0
6165.024275,5803.479137,8404.467360,12.824199,25,22,112,0,10,102,0
6166.362690,5804.739062,8406.291954,12.826984,25,22,113,0,10,103,0
6167.666805,5805.966697,8408.069788,12.829696,25,22,114,0,10,104,0
6168.961911,5807.185853,8409.835342,12.832390,25,22,115,0,10,105,0
6170.340515,5808.483609,8411.714723,12.835258,25,22,116,0,10,106,0
6171.595957,5809.665426,8413.426203,12.837870,25,22,117,0,10,107,0
6172.928221,5810.919560,8415.242412,12.840641,25,22,118,0,10,108,0
6174.219167,5812.134799,8417.002293,12.843326,25,22,119,0,10,109,0
6175.493558,5813.334454,8418.739608,12.845977,25,22,120,0,10,110,0
6176.834706,5814.596951,8420.567926,12.848767,25,22,121,0,10,111,0
6178.091595,5815.780130,8422.281380,12.851382,25,22,122,0,10,112,0
6179.313899,5816.930752,8423.947685,12.853924,25,22,123,0,10,113,0
6180.598391,5818.139916,8425.698768,12.856596,25,22,124,0,10,114,0
6181.900949,5819.366086,8427.474480,12.859306,25,22,125,0,10,115,0
6183.059812,5820.456988,8429.054300,12.861716,25,22,126,0,10,116,0
6184.324891,5821.647877,8430.778918,12.864348,25,22,127,0,10,117,0
6185.592860,5822.841487,8432.507477,12.866985,25,22,128,0,10,118,0
6186.724430,5823.906696,8434.050089,12.869339,25,22,129,0,10,119,0
6187.966752,5825.076163,8435.743685,12.871923,25,22,130,0,10,120,0
6189.128824,5826.170086,8437.327880,12.874341,25,22,131,0,10,121,0
6190.336577,5827.307010,8438.974347,12.876853,25,22,132,0,10,122,0
6191.572881,5828.470812,8440.659738,12.879425,25,22,133,0,10,123,0
6193.373254,5830.165603,8443.114097,12.883170,25,22,134,0,10,124,0
6194.545490,5831.269094,8444.712148,12.885608,25,22,135,0,10,125,0
6196.704469,5833.301460,8447.655375,12.890099,25,22,136,0,10,126,0
6198.017637,5834.537618,8449.445551,12.892831,25,22,137,0,10,127,0
6199.291392,5835.736674,8451.181997,12.895480,25,22,138,0,10,128,0
6200.779970,5837.137956,8453.211300,12.898577,25,22,139,0,10,129,0
6202.562831,5838.816261,8455.641785,12.902285,25,22,140,0,10,130,0
6204.004962,5840.173819,8457.607770,12.905285,25,22,141,0,10,131,0
6205.298500,5841.391498,8459.371185,12.907976,25,22,142,0,10,132,0
6206.697390,5842.708351,8461.278220,12.910886,25,22,143,0,10,133,0
6207.978513,5843.914343,8463.024711,12.913551,25,22,144,0,10,134,0
6209.247962,5845.109345,8464.755287,12.916192,25,22,145,0,10,135,0
6210.575022,5846.358581,8466.564401,12.918952,25,22,146,0,10,136,0
6211.798848,5847.510636,8468.232782,12.921498,25,22,147,0,10,137,0
6213.064639,5848.702195,8469.958371,12.924131,25,22,148,0,10,138,0
6214.403032,5849.962099,8471.782935,12.926915,25,22,149,0,10,139,0
6215.636093,5851.122848,8473.463905,12.929480,25,22,150,0,10,140,0
6216.935412,5852.345969,8475.235201,12.932183,25,22,151,0,10,141,0
6218.384342,5853.709927,8477.210455,12.935197,25,22,152,0,10,142,0
6219.883726,5855.121380,8479.254489,12.938316,25,22,153,0,10,143,0
6221.306879,5856.461073,8481.194602,12.941276,25,22,154,0,10,144,0
6222.721814,5857.793029,8483.123511,12.944219,25,22,155,0,10,145,0
6224.108131,5859.098047,8485.013408,12.947103,25,22,156,0,10,146,0
6225.533792,5860.440100,8486.956940,12.950069,25,22,157,0,10,147,0
6227.082410,5861.897900,8489.068093,12.953290,25,22,158,0,10,148,0
6228.431633,5863.167999,8490.907421,12.956097,25,22,159,0,10,149,0
6229.716941,5864.377931,8492.659617,12.958770,25,22,160,0,10,150,0
6231.073740,5865.655160,8494.509272,12.961593,25,22,161,0,10,151,0
6232.354821,5866.861113,8496.255706,12.964257,25,22,162,0,10,152,0
6233.675547,5868.104386,8498.056185,12.967005,25,22,163,0,10,153,0
6235.107509,5869.452371,8500.008306,12.969983,25,22,164,0,10,154,0
6236.425090,5870.692683,8501.804498,12.972724,25,22,165,0,10,155,0
6237.713482,5871.905518,8503.560899,12.975404,25,22,166,0,10,156,0
6238.984476,5873.101975,8505.293580,12.978048,25,22,167,0,10,157,0
6240.344392,5874.382139,8507.147486,12.980877,25,22,168,0,10,158,0
6241.587659,5875.552495,8508.842369,12.983463,25,22,169,0,10,159,0
6242.864306,5876.754274,8510.582758,12.986119,25,22,170,0,10,160,0
6244.266730,5878.074453,8512.494611,12.989036,25,22,171,0,10,161,0
6245.518477,5879.252793,8514.201056,12.991640,25,22,172,0,10,162,0
6246.732070,5880.395215,8515.855486,12.994164,25,22,173,0,10,163,0
6248.139376,5881.719990,8517.773995,12.997092,25,22,174,0,10,164,0
6249.421479,5882.926904,8519.521821,12.999759,25,22,175,0,10,165,0
6250.654677,5884.087783,8521.202979,13.002324,25,22,176,0,10,166,0
6251.966740,5885.322900,8522.991648,13.005053,25,22,177,0,10,167,0
6253.210254,5886.493488,8524.686867,13.007640,25,22,178,0,10,168,0
6254.524136,5887.730319,8526.478017,13.010373,25,22,179,0,10,169,0
6255.858814,5888.986725,8528.297517,13.013149,25,22,180,0,10,170,0
6257.117527,5890.171621,8530.013457,13.015768,25,22,181,0,10,171,0
6258.590224,5891.557952,8532.021110,13.018831,25,22,182,0,10,172,0
6259.768878,5892.667485,8533.627910,13.021283,25,22,183,0,10,173,0
6261.026629,5893.851475,8535.342538,13.023899,25,22,184,0,10,174,0
6262.354882,5895.101834,8537.153279,13.026662,25,22,185,0,10,175,0
6263.762959,5896.427335,8539.072840,13.029591,25,22,186,0,10,176,0
6264.999825,5897.591665,8540.758997,13.032164,25,22,187,0,10,177,0
6266.204758,5898.725936,8542.401622,13.034670,25,22,188,0,10,178,0
6267.584548,5900.024809,8544.282620,13.037541,25,22,189,0,10,179,0
6268.871102,5901.235913,8546.036514,13.040217,25,22,190,0,10,180,0
6270.231770,5902.516785,8547.891444,13.043047,25,22,191,0,10,181,0
6271.631542,5903.834468,8549.799682,13.045959,25,22,192,0,10,182,0
6272.936669,5905.063056,8551.578896,13.048674,25,22,193,0,10,183,0
6274.282002,5906.329493,8553.412922,13.051472,25,22,194,0,10,184,0
6275.644128,5907.611737,8555.269839,13.054306,25,22,195,0,10,185,0
6276.930770,5908.822926,8557.023854,13.056982,25,22,196,0,10,186,0
6278.182941,5910.001663,8558.730876,13.059587,25,22,197,0,10,187,0
6279.437057,5911.182232,8560.440548,13.062196,25,22,198,0,10,188,0
6280.725640,5912.395246,8562.197208,13.064876,25,22,199,0,10,189,0
6281.956777,5913.554184,8563.875556,13.067437,25,22,200,0,10,190,0
6283.302588,5914.821071,8565.710233,13.070237,25,22,201,0,10,191,0
6284.918620,5916.342331,8567.913287,13.073598,25,22,202,0,10,192,0
6286.397630,5917.734606,8569.929548,13.076675,25,22,203,0,10,193,0
6288.144315,5919.378857,8572.310715,13.080308,25,22,204,0,10,194,0
6289.416898,5920.576810,8574.045564,13.082955,25,22,205,0,10,195,0
6290.704969,5921.789343,8575.801527,13.085635,25,22,206,0,10,196,0
6292.032376,5923.038904,8577.611113,13.088396,25,22,207,0,10,197,0
6293.363429,5924.291898,8579.425671,13.091165,25,22,208,0,10,198,0
6294.627118,5925.481479,8581.148395,13.093793,25,22,209,0,10,199,0
6296.086710,5926.855474,8583.138183,13.096830,25,22,210,0,10,200,0
6297.426786,5928.116961,8584.965041,13.099617,25,22,211,0,10,201,0
6298.726947,5929.340875,8586.737485,13.102322,25,22,212,0,10,202,0
6299.987213,5930.527234,8588.455543,13.104943,25,22,213,0,10,203,0
6301.419782,5931.875790,8590.408491,13.107923,25,22,214,0,10,204,0
6302.732985,5933.111981,8592.198715,13.110655,25,22,215,0,10,205,0
6304.113260,5934.411310,8594.080374,13.113526,25,22,216,0,10,206,0
6305.650468,5935.858369,8596.175973,13.116724,25,22,217,0,10,207,0
6306.832231,5936.970828,8597.787011,13.119182,25,22,218,0,10,208,0
6308.188098,5938.247181,8599.635397,13.122002,25,22,219,0,10,209,0
6309.457097,5939.441760,8601.365358,13.124642,25,22,220,0,10,210,0
6310.699992,5940.611766,8603.059735,13.127227,25,22,221,0,10,211,0
6311.944952,5941.783716,8604.756927,13.129817,25,22,222,0,10,212,0
6313.304345,5943.063388,8606.610118,13.132645,25,22,223,0,10,213,0
6314.526635,5944.213997,8608.276404,13.135187,25,22,224,0,10,214,0
6315.799841,5945.412536,8610.012102,13.137836,25,22,225,0,10,215,0
6317.080012,5946.617632,8611.757294,13.140499,25,22,226,0,10,216,0
6318.391289,5947.852010,8613.544893,13.143226,25,22,227,0,10,217,0
6319.593074,5948.983317,8615.183226,13.145726,25,22,228,0,10,218,0
6320.929584,5950.241448,8617.005222,13.148507,25,22,229,0,10,219,0
6322.142326,5951.383069,8618.658493,13.151029,25,22,230,0,10,220,0
6323.354730,5952.524372,8620.311302,13.153551,25,22,231,0,10,221,0
6324.690032,5953.781367,8622.131653,13.156329,25,22,232,0,10,222,0
6326.036928,5955.049274,8623.967807,13.159131,25,22,233,0,10,223,0
6327.360864,5956.295569,8625.772664,13.161885,25,22,234,0,10,224,0
6328.621353,5957.482137,8627.491024,13.164507,25,22,235,0,10,225,0
6329.949260,5958.732169,8629.301293,13.167269,25,22,236,0,10,226,0
6331.149810,5959.862313,8630.937942,13.169766,25,22,237,0,10,227,0
6332.405907,5961.044747,8632.650316,13.172379,25,22,238,0,10,228,0
6333.652735,5962.218455,8634.350054,13.174973,25,22,239,0,10,229,0
6334.938411,5963.428733,8636.102751,13.177647,25,22,240,0,10,230,0
6336.170653,5964.588711,8637.782605,13.180210,25,22,241,0,10,231,0
6337.484100,5965.825132,8639.573161,13.182942,25,22,242,0,10,232,0
6338.778044,5967.043193,8641.337129,13.185634,25,22,243,0,10,233,0
6340.132993,5968.318682,8643.184264,13.188453,25,22,244,0,10,234,0
6341.377161,5969.489886,8644.880376,13.191041,25,22,245,0,10,235,0
6342.647506,5970.685732,8646.612173,13.193683,25,22,246,0,10,236,0
6344.011972,5971.970180,8648.472281,13.196521,25,22,247,0,10,237,0
6345.334861,5973.215488,8650.275709,13.199273,25,22,248,0,10,238,0
6346.604646,5974.410808,8652.006743,13.201915,25,22,249,0,10,239,0
6347.977098,5975.702773,8653.877737,13.204769,25,22,250,0,10,240,0
6349.356527,5977.001306,8655.758244,13.207639,25,22,251,0,10,241,0
6350.918204,5978.471399,8657.887200,13.210887,25,22,252,0,10,242,0
6352.585984,5980.041372,8660.160799,13.214357,25,22,253,0,10,243,0
6354.062055,5981.430880,8662.173054,13.217427,25,22,254,0,10,244,0
6355.589331,5982.868589,8664.255111,13.220604,25,22,255,0,10,245,0
6356.829924,5984.036428,8665.946349,13.223185,25,22,256,0,10,246,0
6358.086150,5985.218984,8667.658899,13.225798,25,22,257,0,10,247,0
6359.338628,5986.398010,8669.366339,13.228403,25,22,258,0,10,248,0
6360.698451,5987.678087,8671.220118,13.231232,25,22,259,0,10,249,0
6361.942804,5988.849466,8672.916481,13.233820,25,22,260,0,10,250,0
6363.437454,5990.256463,8674.954063,13.236929,25,22,261,0,10,251,0
6364.729262,5991.472513,8676.715119,13.239617,25,22,262,0,10,252,0
6365.953155,5992.624632,8678.383591,13.242162,25,22,263,0,10,253,0
6367.137309,5993.739342,8679.997889,13.244626,25,22,264,0,10,254,0
6368.325589,5994.857936,8681.617812,13.247097,25,22,265,0,10,255,0
6369.627566,5996.083558,8683.392730,13.249806,25,22,266,0,10,256,0
6370.885589,5997.267806,8685.107731,13.252423,25,22,267,0,10,257,0
6372.100435,5998.411407,8686.763869,13.254950,25,22,268,0,10,258,0
6373.421440,5999.654942,8688.564728,13.257698,25,22,269,0,10,259,0
6373.501685,5999.730482,8688.674123,13.257865,26,23,269,0,10,259,0
6374.660165,6000.821023,8690.253420,13.260274,26,23,270,0,10,260,0
6375.917108,6002.004253,8691.966947,13.262889,26,23,271,0,10,261,0
6377.276432,6003.283860,8693.820045,13.265717,26,23,272,0,10,262,0
6378.486688,6004.423141,8695.469926,13.268234,26,23,273,0,10,263,0
6379.783798,6005.644183,8697.238211,13.270932,26,23,274,0,10,264,0
6380.976218,6006.766674,8698.863777,13.273413,26,23,275,0,10,265,0
6382.160019,6007.881051,8700.477594,13.275875,26,23,276,0,10,266,0
6383.366838,6009.017096,8702.122788,13.278386,26,23,277,0,10,267,0
6384.787990,6010.354906,8704.060174,13.281342,27,24,277,0,10,267,0
7063.711481,6649.463227,9629.602404,14.693607,28,25,277,0,10,267,0
7576.045374,7131.751524,10328.041420,15.759341,28,25,278,0,10,268,0
9877.456569,9298.197472,13465.439491,20.546630,28,25,279,0,10,269,0
9878.277608,9298.970362,13466.558773,20.548338,28,25,280,0,10,270,0
9879.101794,9299.746214,13467.682344,20.550052,28,25,281,0,10,271,0
9880.005798,9300.597203,13468.914727,20.551933,28,25,282,0,10,272,0
9881.670230,9302.164025,13471.183763,20.555395,28,25,283,0,10,273,0
9888.363675,9308.464936,13480.308601,20.569319,28,25,284,0,10,274,0
9892.388136,9312.253384,13485.794945,20.577690,28,25,285,0,10,275,0
9894.382367,9314.130664,13488.513580,20.581838,28,25,286,0,10,276,0
9895.379189,9315.069028,13489.872497,20.583912,28,25,287,0,10,277,0
9896.323835,9315.958276,13491.160286,20.585877,28,25,288,0,10,278,0
9898.088753,9317.619690,13493.566309,20.589548,28,25,289,0,10,279,0
9898.917074,9318.399435,13494.695518,20.591271,28,25,290,0,10,280,0
9899.789346,9319.220553,13495.884642,20.593086,28,25,291,0,10,281,0
9905.520869,9324.615954,13503.698140,20.605008,28,25,292,0,10,282,0
9917.570857,9335.959275,13520.125282,20.630074,28,25,293,0,10,283,0
9926.364250,9344.236983,13532.112871,20.648366,28,25,294,0,10,284,0
9942.953197,9359.853079,13554.727748,20.682873,28,25,295,0,10,285,0
9946.436461,9363.132069,13559.476307,20.690119,28,25,296,0,10,286,0
9955.484609,9371.649592,13571.811192,20.708940,28,25,297,0,10,287,0
9972.618325,9387.778509,13595.168725,20.744581,28,25,298,0,10,288,0
10037.277116,9448.645414,13683.314801,20.879081,28,25,299,0,10,289,0
10051.446757,9461.984082,13702.631559,20.908556,28,25,300,0,10,290,0
10126.270273,9532.419606,13804.634694,21.064201,28,25,301,0,10,291,0
10256.889267,9655.378507,13982.700995,21.335909,28,25,302,0,10,292,0
10316.087376,9711.104968,14063.402797,21.459050,28,25,303,0,10,293,0
10363.284462,9755.534202,14127.744210,21.557227,28,25,304,0,10,294,0
10487.112501,9872.100400,14296.552744,21.814808,28,25,305,0,10,295,0
11161.565076,10507.000000,15216.000000,23.217773,28,25,305,0,10,295,0
