relative_time_sec,total_execs,coverage_seen,coverage_percent,interesting_test_cases,corpus_size,unique_bugs,unique_crashes,validity_bugs,functional_bugs,bonus_bugs
0.000000,0.000000,0.000000,0.000000,0,0,0,0,0,0,0
0.123535,0.000000,0.000000,0.000000,8,8,0,0,0,0,0
0.127279,0.000000,0.000000,0.000000,12,12,0,0,0,0,0
5.236571,0.000000,0.000000,0.000000,12,12,1,0,0,1,0
6.040244,0.000000,0.000000,0.000000,12,12,2,0,0,2,0
66.552059,0.000000,0.000000,0.000000,13,13,2,0,0,2,0
88.442602,0.000000,0.000000,0.000000,14,14,2,0,0,2,0
114.238696,0.000000,0.000000,0.000000,15,15,2,0,0,2,0
187.791814,0.000000,0.000000,0.000000,16,16,2,0,0,2,0
200.967846,0.000000,0.000000,0.000000,16,16,3,0,0,3,0
201.001557,0.000000,0.000000,0.000000,17,17,3,0,0,3,0
337.750950,0.000000,0.000000,0.000000,18,18,3,0,0,3,0
411.354838,0.000000,0.000000,0.000000,19,19,3,0,0,3,0
425.811263,0.000000,0.000000,0.000000,20,20,3,0,0,3,0
568.234814,0.000000,0.000000,0.000000,20,20,4,0,0,4,0
568.270814,0.000000,0.000000,0.000000,21,21,4,0,0,4,0
568.882814,0.000000,0.000000,0.000000,21,21,5,0,0,5,0
579.211688,0.000000,0.000000,0.000000,21,21,6,0,0,6,0
579.249691,0.000000,0.000000,0.000000,22,22,6,0,0,6,0
736.359067,0.000000,0.000000,0.000000,22,22,7,0,0,7,0
747.229008,0.000000,0.000000,0.000000,22,22,8,0,0,8,0
1483.572466,0.000000,0.000000,0.000000,23,23,8,0,0,8,0
1492.992471,0.000000,0.000000,0.000000,24,24,8,0,0,8,0
1494.321368,0.000000,0.000000,0.000000,25,25,8,0,0,8,0
2280.151237,0.000000,0.000000,0.000000,26,26,8,0,0,8,0
2795.212043,0.000000,0.000000,0.000000,26,26,9,0,0,9,0
2795.973122,0.000000,0.000000,0.000000,26,26,10,0,0,10,0
2808.755672,0.000000,0.000000,0.000000,26,26,11,0,0,11,0
2891.955214,0.000000,0.000000,0.000000,27,27,11,0,0,11,0
2894.169715,0.000000,0.000000,0.000000,28,28,11,0,0,11,0
2895.029642,0.000000,0.000000,0.000000,29,29,11,0,0,11,0
2903.529511,0.000000,0.000000,0.000000,30,30,11,0,0,11,0
2906.263585,0.000000,0.000000,0.000000,31,31,11,0,0,11,0
2911.632772,0.000000,0.000000,0.000000,32,32,11,0,0,11,0
2990.075881,0.000000,0.000000,0.000000,33,33,11,0,0,11,0
3907.814185,0.000000,0.000000,0.000000,34,34,11,0,0,11,0
5405.768997,0.000000,0.000000,0.000000,35,35,11,0,0,11,0
5550.992262,0.000000,0.000000,0.000000,36,36,11,0,0,11,0
5653.878446,0.000000,0.000000,0.000000,37,37,11,0,0,11,0
5654.292822,0.000000,0.000000,0.000000,38,38,11,0,0,11,0
5658.337737,0.000000,0.000000,0.000000,38,38,12,0,0,12,0
5674.560710,0.000000,0.000000,0.000000,38,38,13,0,0,13,0
6346.270516,0.000000,0.000000,0.000000,39,39,13,0,0,13,0
6554.498852,0.000000,0.000000,0.000000,40,40,13,0,0,13,0
