relative_time_sec,total_execs,coverage_seen,coverage_percent,interesting_test_cases,corpus_size,unique_bugs,unique_crashes,validity_bugs,functional_bugs,bonus_bugs
63.000000,280174,1317.000000,2.009583,157,157,15,4,15,0,0
68.000000,292526,1317.000000,2.009583,158,158,15,4,15,0,0
73.000000,308514,1317.000000,2.009583,158,158,16,4,16,0,0
78.000000,324257,1317.000000,2.009583,158,158,16,4,16,0,0
83.000000,341080,1318.000000,2.011108,159,159,17,4,17,0,0
88.000000,358289,1318.000000,2.011108,161,161,18,4,18,0,0
93.000000,374863,1318.000000,2.011108,163,163,18,4,18,0,0
98.000000,391264,1318.000000,2.011108,166,166,19,5,19,0,0
103.000000,405101,1318.000000,2.011108,166,166,19,5,19,0,0
108.000000,417705,1318.000000,2.011108,167,167,19,6,19,0,0
113.000000,431760,1318.000000,2.011108,167,167,20,6,20,0,0
118.000000,443783,1318.000000,2.011108,167,167,21,6,21,0,0
123.000000,449672,1318.000000,2.011108,167,167,21,6,21,0,0
129.000000,452471,1318.000000,2.011108,167,167,21,6,21,0,0
134.000000,461088,1318.000000,2.011108,167,167,21,6,21,0,0
139.000000,472160,1318.000000,2.011108,168,168,22,6,22,0,0
144.000000,483639,1318.000000,2.011108,168,168,22,6,22,0,0
149.000000,495956,1318.000000,2.011108,169,169,23,6,23,0,0
154.000000,507461,1318.000000,2.011108,169,169,23,6,23,0,0
159.000000,519821,1318.000000,2.011108,169,169,23,6,23,0,0
164.000000,532835,1318.000000,2.011108,170,170,23,6,23,0,0
169.000000,545489,1318.000000,2.011108,171,171,23,6,23,0,0
174.000000,558735,1318.000000,2.011108,171,171,23,6,23,0,0
179.000000,569651,1318.000000,2.011108,171,171,24,6,24,0,0
184.000000,578981,1318.000000,2.011108,171,171,24,6,24,0,0
190.000000,591179,1318.000000,2.011108,172,172,24,6,24,0,0
195.000000,604181,1318.000000,2.011108,173,173,24,6,24,0,0
200.000000,616444,1318.000000,2.011108,173,173,25,6,25,0,0
205.000000,627484,1318.000000,2.011108,174,174,25,6,25,0,0
210.000000,639762,1318.000000,2.011108,175,175,25,6,25,0,0
215.000000,651580,1318.000000,2.011108,176,176,25,6,25,0,0
220.000000,659868,1318.000000,2.011108,176,176,25,6,25,0,0
225.000000,667593,1318.000000,2.011108,177,177,25,6,25,0,0
230.000000,680259,1318.000000,2.011108,177,177,25,6,25,0,0
235.000000,696801,1318.000000,2.011108,177,177,26,6,26,0,0
241.000000,717833,1318.000000,2.011108,177,177,29,6,29,0,0
246.000000,743325,1318.000000,2.011108,178,178,29,6,29,0,0
251.000000,764303,1318.000000,2.011108,179,179,29,6,29,0,0
256.000000,783587,1318.000000,2.011108,179,179,29,6,29,0,0
261.000000,810587,1318.000000,2.011108,181,181,31,6,31,0,0
266.000000,838029,1318.000000,2.011108,182,182,33,6,33,0,0
271.000000,866196,1318.000000,2.011108,182,182,33,6,33,0,0
276.000000,893684,1318.000000,2.011108,182,182,33,6,33,0,0
281.000000,919926,1318.000000,2.011108,182,182,33,6,33,0,0
286.000000,948760,1318.000000,2.011108,182,182,33,6,33,0,0
291.000000,975434,1318.000000,2.011108,183,183,34,6,34,0,0
297.000000,1002561,1321.000000,2.015686,185,185,38,6,38,0,0
302.000000,1028746,1327.000000,2.024841,188,188,38,6,38,0,0
307.000000,1056026,1327.000000,2.024841,188,188,38,6,38,0,0
312.000000,1082584,1327.000000,2.024841,188,188,38,6,38,0,0
317.000000,1105513,1327.000000,2.024841,188,188,38,6,38,0,0
322.000000,1133385,1327.000000,2.024841,188,188,38,6,38,0,0
327.000000,1159544,1327.000000,2.024841,189,189,38,6,38,0,0
332.000000,1181920,1327.000000,2.024841,189,189,38,6,38,0,0
337.000000,1199692,1327.000000,2.024841,189,189,40,6,40,0,0
342.000000,1221270,1327.000000,2.024841,189,189,40,6,40,0,0
347.000000,1247850,1327.000000,2.024841,190,190,40,6,40,0,0
353.000000,1274278,1327.000000,2.024841,190,190,40,6,40,0,0
358.000000,1299261,1327.000000,2.024841,190,190,40,6,40,0,0
363.000000,1326188,1327.000000,2.024841,191,191,40,6,40,0,0
368.000000,1353978,1327.000000,2.024841,191,191,40,6,40,0,0
373.000000,1383310,1327.000000,2.024841,191,191,40,6,40,0,0
378.000000,1411865,1327.000000,2.024841,191,191,40,6,40,0,0
383.000000,1434868,1327.000000,2.024841,191,191,40,6,40,0,0
388.000000,1462743,1327.000000,2.024841,191,191,41,6,41,0,0
393.000000,1490268,1327.000000,2.024841,192,192,41,6,41,0,0
398.000000,1516419,1327.000000,2.024841,193,193,44,6,44,0,0
403.000000,1544924,1327.000000,2.024841,193,193,45,6,45,0,0
408.000000,1573522,1327.000000,2.024841,194,194,45,6,45,0,0
413.000000,1598611,1327.000000,2.024841,195,195,49,6,49,0,0
418.000000,1625130,1327.000000,2.024841,195,195,50,6,50,0,0
423.000000,1647571,1327.000000,2.024841,196,196,50,6,50,0,0
428.000000,1661828,1327.000000,2.024841,196,196,51,6,51,0,0
434.000000,1686678,1327.000000,2.024841,196,196,51,6,51,0,0
439.000000,1710816,1327.000000,2.024841,197,197,51,6,51,0,0
444.000000,1733100,1327.000000,2.024841,197,197,51,6,51,0,0
449.000000,1755662,1327.000000,2.024841,197,197,52,6,52,0,0
454.000000,1778497,1327.000000,2.024841,198,198,52,6,52,0,0
459.000000,1802806,1327.000000,2.024841,198,198,52,7,52,0,0
464.000000,1828838,1327.000000,2.024841,198,198,53,7,53,0,0
469.000000,1856169,1327.000000,2.024841,198,198,53,7,53,0,0
474.000000,1882445,1327.000000,2.024841,198,198,53,7,53,0,0
479.000000,1907825,1327.000000,2.024841,198,198,56,8,56,0,0
484.000000,1935086,1327.000000,2.024841,198,198,56,8,56,0,0
489.000000,1955738,1327.000000,2.024841,198,198,56,8,56,0,0
494.000000,1981484,1327.000000,2.024841,200,200,59,8,59,0,0
499.000000,2008148,1327.000000,2.024841,200,200,60,8,60,0,0
505.000000,2029989,1327.000000,2.024841,200,200,60,8,60,0,0
510.000000,2056305,1327.000000,2.024841,200,200,60,8,60,0,0
515.000000,2070616,1327.000000,2.024841,200,200,60,8,60,0,0
520.000000,2098172,1327.000000,2.024841,200,200,60,8,60,0,0
525.000000,2125813,1327.000000,2.024841,200,200,60,8,60,0,0
530.000000,2153627,1327.000000,2.024841,200,200,61,8,61,0,0
535.000000,2181004,1327.000000,2.024841,200,200,61,8,61,0,0
540.000000,2203036,1327.000000,2.024841,200,200,61,8,61,0,0
545.000000,2230233,1327.000000,2.024841,200,200,61,8,61,0,0
550.000000,2259750,1327.000000,2.024841,200,200,61,8,61,0,0
555.000000,2288124,1327.000000,2.024841,200,200,61,8,61,0,0
560.000000,2315996,1327.000000,2.024841,200,200,61,8,61,0,0
565.000000,2343279,1327.000000,2.024841,200,200,65,8,65,0,0
570.000000,2370785,1327.000000,2.024841,200,200,66,8,66,0,0
576.000000,2396885,1327.000000,2.024841,200,200,66,8,66,0,0
581.000000,2418200,1327.000000,2.024841,200,200,66,8,66,0,0
586.000000,2446233,1327.000000,2.024841,200,200,66,8,66,0,0
591.000000,2466777,1327.000000,2.024841,200,200,67,8,67,0,0
596.000000,2486934,1327.000000,2.024841,200,200,67,8,67,0,0
601.000000,2513695,1327.000000,2.024841,201,201,70,9,68,0,2
606.000000,2539965,1330.000000,2.029419,203,203,72,10,68,0,4
611.000000,2565976,1330.000000,2.029419,203,203,81,10,68,0,13
617.000000,2592941,1330.000000,2.029419,204,204,88,10,68,0,20
622.000000,2621157,1339.000000,2.043152,207,207,93,10,69,0,24
627.000000,2646735,1339.000000,2.043152,208,208,104,10,72,0,32
632.000000,2671372,1339.000000,2.043152,208,208,111,10,72,0,39
637.000000,2683916,1340.000000,2.044678,210,210,207,11,159,0,48
642.000000,2709379,1340.000000,2.044678,211,211,280,12,229,0,51
647.000000,2730654,1340.000000,2.044678,215,215,303,12,242,0,61
652.000000,2757666,1340.000000,2.044678,215,215,310,13,244,0,66
657.000000,2781889,1347.000000,2.055359,217,217,328,15,260,0,68
663.000000,2786038,1348.000000,2.056885,221,221,823,16,755,0,68
668.000000,2792964,1348.000000,2.056885,221,221,1193,17,1124,0,69
673.000000,2817922,1348.000000,2.056885,223,223,1235,17,1159,0,76
678.000000,2834843,1348.000000,2.056885,223,223,1243,17,1163,0,80
683.000000,2852300,1348.000000,2.056885,223,223,1258,17,1170,0,88
688.000000,2866234,1348.000000,2.056885,223,223,1291,17,1200,0,91
693.000000,2874147,1348.000000,2.056885,223,223,1700,17,1609,0,91
699.000000,2905076,1348.000000,2.056885,223,223,1795,17,1701,0,94
704.000000,2934624,1348.000000,2.056885,224,224,1803,18,1706,0,97
709.000000,2960290,1351.000000,2.061462,225,225,1845,18,1740,0,105
714.000000,2983872,1351.000000,2.061462,225,225,1862,19,1751,0,111
719.000000,3012629,1351.000000,2.061462,225,225,1869,19,1755,0,114
724.000000,3035609,1351.000000,2.061462,225,225,1892,19,1775,0,117
729.000000,3063185,1351.000000,2.061462,225,225,1912,20,1784,0,128
734.000000,3087642,1351.000000,2.061462,227,227,1949,20,1815,0,134
739.000000,3107551,1351.000000,2.061462,227,227,2275,20,2140,0,135
745.000000,3131150,1351.000000,2.061462,227,227,2313,20,2175,0,138
750.000000,3152825,1351.000000,2.061462,227,227,2326,20,2180,0,146
755.000000,3178732,1351.000000,2.061462,228,228,2348,21,2197,0,151
760.000000,3205203,1351.000000,2.061462,230,230,2418,21,2256,0,162
765.000000,3230506,1351.000000,2.061462,230,230,2494,21,2328,0,166
770.000000,3250738,1351.000000,2.061462,230,230,2519,21,2350,0,169
775.000000,3276548,1351.000000,2.061462,230,230,2537,21,2363,0,174
780.000000,3296980,1351.000000,2.061462,230,230,2617,22,2437,0,180
786.000000,3323140,1351.000000,2.061462,230,230,2642,22,2457,0,185
791.000000,3350078,1351.000000,2.061462,230,230,2653,22,2463,0,190
796.000000,3366066,1351.000000,2.061462,230,230,2681,22,2490,0,191
801.000000,3384388,1351.000000,2.061462,230,230,2733,23,2539,0,194
806.000000,3398554,1351.000000,2.061462,230,230,2770,23,2571,0,199
811.000000,3413626,1351.000000,2.061462,230,230,2785,23,2576,0,209
816.000000,3429439,1351.000000,2.061462,230,230,2794,23,2580,0,214
821.000000,3448515,1351.000000,2.061462,230,230,2801,23,2584,0,217
826.000000,3467409,1351.000000,2.061462,230,230,2809,23,2591,0,218
831.000000,3485468,1351.000000,2.061462,230,230,2832,23,2612,0,220
836.000000,3502076,1351.000000,2.061462,231,231,2848,23,2624,0,224
841.000000,3515663,1351.000000,2.061462,231,231,2915,23,2689,0,226
847.000000,3533566,1351.000000,2.061462,231,231,2958,23,2728,0,230
852.000000,3550593,1351.000000,2.061462,231,231,2990,23,2759,0,231
857.000000,3565906,1351.000000,2.061462,231,231,2996,24,2764,0,232
862.000000,3578975,1351.000000,2.061462,231,231,3032,24,2795,0,237
867.000000,3594979,1351.000000,2.061462,231,231,3047,24,2808,0,239
872.000000,3612515,1351.000000,2.061462,231,231,3056,24,2809,0,247
877.000000,3630067,1351.000000,2.061462,231,231,3059,24,2812,0,247
883.000000,3647686,1351.000000,2.061462,232,232,3079,24,2825,0,254
888.000000,3665307,1351.000000,2.061462,232,232,3086,24,2827,0,259
893.000000,3682754,1351.000000,2.061462,232,232,3094,24,2831,0,263
898.000000,3697154,1351.000000,2.061462,235,235,3106,24,2839,0,267
903.000000,3714485,1351.000000,2.061462,235,235,3174,24,2906,0,268
908.000000,3729542,1351.000000,2.061462,235,235,3198,24,2929,0,269
913.000000,3747308,1351.000000,2.061462,235,235,3199,24,2930,0,269
918.000000,3760667,1351.000000,2.061462,235,235,3213,24,2942,0,271
923.000000,3773946,1351.000000,2.061462,236,236,3222,24,2950,0,272
928.000000,3788140,1352.000000,2.062988,237,237,3293,24,3019,0,274
933.000000,3802684,1352.000000,2.062988,237,237,3312,24,3025,0,287
939.000000,3817176,1352.000000,2.062988,238,238,3316,24,3026,0,290
944.000000,3832998,1352.000000,2.062988,238,238,3337,24,3043,0,294
949.000000,3848916,1352.000000,2.062988,238,238,3343,24,3046,0,297
954.000000,3862551,1352.000000,2.062988,238,238,3372,24,3070,0,302
959.000000,3879966,1352.000000,2.062988,238,238,3381,24,3078,0,303
964.000000,3896385,1352.000000,2.062988,238,238,3385,24,3081,0,304
969.000000,3910992,1352.000000,2.062988,238,238,3397,24,3087,0,310
975.000000,3924147,1352.000000,2.062988,239,239,3415,24,3104,0,311
980.000000,3941802,1352.000000,2.062988,241,241,3428,24,3113,0,315
985.000000,3957975,1352.000000,2.062988,241,241,3439,24,3122,0,317
990.000000,3974106,1352.000000,2.062988,241,241,3451,24,3132,0,319
995.000000,3990639,1352.000000,2.062988,241,241,3477,24,3156,0,321
1000.000000,4007154,1352.000000,2.062988,241,241,3487,24,3162,0,325
1005.000000,4022644,1352.000000,2.062988,241,241,3502,24,3172,0,330
1010.000000,4040882,1352.000000,2.062988,241,241,3505,24,3174,0,331
1015.000000,4057288,1352.000000,2.062988,241,241,3509,24,3174,0,335
1020.000000,4072672,1352.000000,2.062988,241,241,3518,25,3181,0,337
1025.000000,4089503,1352.000000,2.062988,241,241,3525,25,3187,0,338
1030.000000,4104613,1352.000000,2.062988,241,241,3552,25,3211,0,341
1035.000000,4120907,1352.000000,2.062988,241,241,3561,25,3216,0,345
1041.000000,4136005,1352.000000,2.062988,241,241,3574,25,3225,0,349
1046.000000,4151718,1352.000000,2.062988,241,241,3586,25,3232,0,354
1051.000000,4168297,1352.000000,2.062988,241,241,3634,25,3280,0,354
1056.000000,4186127,1352.000000,2.062988,242,242,3642,25,3285,0,357
1061.000000,4202394,1352.000000,2.062988,242,242,3654,25,3289,0,365
1066.000000,4218715,1352.000000,2.062988,243,243,3678,25,3313,0,365
1071.000000,4233968,1353.000000,2.064514,244,244,3712,25,3346,0,366
1076.000000,4250059,1353.000000,2.064514,244,244,3778,25,3408,0,370
1081.000000,4267486,1353.000000,2.064514,244,244,3807,25,3432,0,375
1086.000000,4283720,1353.000000,2.064514,244,244,3838,25,3461,0,377
1091.000000,4300535,1353.000000,2.064514,244,244,3847,25,3467,0,380
1096.000000,4315818,1353.000000,2.064514,244,244,3871,25,3485,0,386
1101.000000,4332240,1353.000000,2.064514,244,244,3873,25,3486,0,387
1106.000000,4345371,1353.000000,2.064514,244,244,3884,25,3488,0,396
1112.000000,4359395,1353.000000,2.064514,244,244,3898,25,3501,0,397
1117.000000,4372528,1353.000000,2.064514,244,244,3922,25,3523,0,399
1122.000000,4379772,1353.000000,2.064514,244,244,3925,25,3524,0,401
1127.000000,4395226,1353.000000,2.064514,244,244,3930,25,3527,0,403
1132.000000,4411216,1353.000000,2.064514,244,244,3937,25,3529,0,408
1137.000000,4422829,1353.000000,2.064514,244,244,3942,25,3533,0,409
1142.000000,4435490,1353.000000,2.064514,244,244,3985,25,3572,0,413
1147.000000,4449737,1353.000000,2.064514,245,245,3995,25,3582,0,413
1152.000000,4466501,1353.000000,2.064514,245,245,4005,25,3588,0,417
1157.000000,4482785,1353.000000,2.064514,245,245,4007,25,3590,0,417
1163.000000,4498670,1353.000000,2.064514,246,246,4033,25,3614,0,419
1168.000000,4516163,1353.000000,2.064514,246,246,4042,25,3618,0,424
1173.000000,4524276,1353.000000,2.064514,246,246,4072,25,3642,0,430
1178.000000,4540079,1353.000000,2.064514,246,246,4080,25,3645,0,435
1183.000000,4557601,1353.000000,2.064514,246,246,4086,25,3647,0,439
1188.000000,4573518,1353.000000,2.064514,246,246,4095,25,3654,0,441
1193.000000,4589624,1353.000000,2.064514,247,247,4101,25,3658,0,443
1198.000000,4605898,1353.000000,2.064514,247,247,4113,25,3665,0,448
1203.000000,4617445,1353.000000,2.064514,247,247,4119,25,3670,0,449
1208.000000,4623424,1353.000000,2.064514,247,247,4129,25,3678,0,451
1214.000000,4632980,1353.000000,2.064514,247,247,4131,25,3678,0,453
1219.000000,4645250,1353.000000,2.064514,248,248,4134,25,3680,0,454
1224.000000,4658884,1353.000000,2.064514,248,248,4140,25,3686,0,454
1229.000000,4670870,1353.000000,2.064514,248,248,4174,25,3716,0,458
1234.000000,4686328,1353.000000,2.064514,248,248,4186,25,3726,0,460
1239.000000,4699964,1353.000000,2.064514,248,248,4193,25,3730,0,463
1244.000000,4716424,1353.000000,2.064514,250,250,4200,25,3731,0,469
1249.000000,4731759,1353.000000,2.064514,250,250,4208,25,3733,0,475
1254.000000,4746024,1353.000000,2.064514,250,250,4220,25,3737,0,483
1259.000000,4755843,1353.000000,2.064514,250,250,4222,25,3737,0,485
1264.000000,4768338,1353.000000,2.064514,250,250,4237,25,3745,0,492
1270.000000,4780337,1353.000000,2.064514,250,250,4261,25,3768,0,493
1275.000000,4791727,1353.000000,2.064514,250,250,4285,25,3792,0,493
1280.000000,4806055,1353.000000,2.064514,250,250,4288,25,3794,0,494
1285.000000,4821527,1353.000000,2.064514,250,250,4299,25,3800,0,499
1290.000000,4838067,1353.000000,2.064514,250,250,4307,25,3806,0,501
1295.000000,4854765,1353.000000,2.064514,250,250,4318,25,3814,0,504
1300.000000,4870964,1353.000000,2.064514,250,250,4375,25,3865,0,510
1305.000000,4885527,1353.000000,2.064514,250,250,4406,25,3894,0,512
1310.000000,4902998,1353.000000,2.064514,250,250,4408,25,3896,0,512
1315.000000,4919568,1353.000000,2.064514,250,250,4428,25,3908,0,520
1321.000000,4937415,1353.000000,2.064514,250,250,4448,25,3924,0,524
1326.000000,4954621,1353.000000,2.064514,250,250,4458,25,3934,0,524
1331.000000,4971543,1353.000000,2.064514,250,250,4465,26,3938,0,527
1336.000000,4987484,1353.000000,2.064514,250,250,4472,26,3940,0,532
1341.000000,4997732,1353.000000,2.064514,250,250,4475,26,3941,0,534
1346.000000,5011288,1353.000000,2.064514,250,250,4486,26,3948,0,538
1351.000000,5025528,1353.000000,2.064514,250,250,4500,26,3957,0,543
1356.000000,5038949,1353.000000,2.064514,250,250,4505,26,3961,0,544
1361.000000,5053589,1353.000000,2.064514,250,250,4526,26,3978,0,548
1366.000000,5066042,1353.000000,2.064514,250,250,4575,26,4026,0,549
1371.000000,5078454,1353.000000,2.064514,250,250,4594,26,4045,0,549
1377.000000,5096344,1353.000000,2.064514,250,250,4612,26,4059,0,553
1382.000000,5119129,1353.000000,2.064514,250,250,4649,26,4092,0,557
1387.000000,5144626,1353.000000,2.064514,250,250,4692,26,4132,0,560
1392.000000,5152219,1353.000000,2.064514,252,252,4695,26,4135,0,560
1397.000000,5169641,1353.000000,2.064514,252,252,4712,26,4151,0,561
1402.000000,5194832,1353.000000,2.064514,252,252,4730,26,4165,0,565
1407.000000,5214905,1353.000000,2.064514,252,252,4746,26,4177,0,569
1412.000000,5221715,1353.000000,2.064514,252,252,4751,26,4181,0,570
1418.000000,5244117,1353.000000,2.064514,252,252,4770,26,4195,0,575
1423.000000,5260677,1353.000000,2.064514,252,252,4822,26,4245,0,577
1428.000000,5278149,1353.000000,2.064514,252,252,4856,26,4277,0,579
1433.000000,5296117,1353.000000,2.064514,252,252,4883,26,4303,0,580
1438.000000,5315653,1353.000000,2.064514,252,252,4919,26,4337,0,582
1443.000000,5339949,1353.000000,2.064514,252,252,4980,26,4384,0,596
1448.000000,5354392,1353.000000,2.064514,252,252,5011,26,4413,0,598
1453.000000,5368339,1353.000000,2.064514,252,252,5014,26,4416,0,598
1458.000000,5381305,1353.000000,2.064514,252,252,5016,26,4417,0,599
1463.000000,5389253,1353.000000,2.064514,252,252,5021,26,4420,0,601
1468.000000,5401403,1353.000000,2.064514,252,252,5025,26,4423,0,602
1473.000000,5413933,1353.000000,2.064514,252,252,5031,26,4426,0,605
1478.000000,5426247,1353.000000,2.064514,252,252,5038,26,4430,0,608
1484.000000,5439945,1353.000000,2.064514,252,252,5075,26,4466,0,609
1489.000000,5453262,1353.000000,2.064514,252,252,5084,26,4470,0,614
1494.000000,5465880,1353.000000,2.064514,253,253,5092,26,4474,0,618
1499.000000,5477331,1353.000000,2.064514,253,253,5131,26,4513,0,618
1504.000000,5486582,1353.000000,2.064514,254,254,5164,26,4544,0,620
1509.000000,5497228,1353.000000,2.064514,254,254,5177,26,4548,0,629
1514.000000,5507655,1353.000000,2.064514,254,254,5181,26,4552,0,629
1519.000000,5519497,1353.000000,2.064514,254,254,5187,27,4554,0,633
1524.000000,5532753,1353.000000,2.064514,254,254,5202,27,4564,0,638
1530.000000,5543468,1353.000000,2.064514,254,254,5208,27,4565,0,643
1535.000000,5553545,1353.000000,2.064514,254,254,5213,27,4570,0,643
1540.000000,5562918,1353.000000,2.064514,254,254,5237,27,4594,0,643
1545.000000,5571156,1353.000000,2.064514,254,254,5253,27,4610,0,643
1550.000000,5571970,1353.000000,2.064514,255,255,5457,27,4814,0,643
1555.000000,5573362,1353.000000,2.064514,255,255,5655,27,5012,0,643
1560.000000,5586292,1353.000000,2.064514,255,255,5697,27,5053,0,644
1565.000000,5598506,1353.000000,2.064514,256,256,5709,27,5057,0,652
1570.000000,5609962,1353.000000,2.064514,256,256,5720,27,5061,0,659
1575.000000,5625549,1353.000000,2.064514,256,256,5743,27,5075,0,668
1580.000000,5639977,1353.000000,2.064514,256,256,5798,27,5124,0,674
1585.000000,5655477,1353.000000,2.064514,256,256,5838,27,5161,0,677
1591.000000,5670150,1353.000000,2.064514,256,256,5912,27,5229,0,683
1596.000000,5685349,1353.000000,2.064514,256,256,5931,27,5241,0,690
1601.000000,5702090,1353.000000,2.064514,256,256,5939,27,5246,0,693
1606.000000,5719868,1353.000000,2.064514,256,256,5951,27,5256,0,695
1611.000000,5736112,1353.000000,2.064514,256,256,5968,27,5270,0,698
1616.000000,5752329,1353.000000,2.064514,256,256,5975,27,5273,0,702
1621.000000,5767827,1353.000000,2.064514,256,256,5995,27,5293,0,702
1626.000000,5782542,1353.000000,2.064514,256,256,6009,27,5307,0,702
1632.000000,5795528,1353.000000,2.064514,256,256,6054,27,5350,0,704
1637.000000,5808756,1353.000000,2.064514,257,257,6076,27,5370,0,706
1642.000000,5823603,1353.000000,2.064514,257,257,6100,27,5391,0,709
1647.000000,5837170,1353.000000,2.064514,258,258,6106,27,5396,0,710
1652.000000,5852562,1353.000000,2.064514,258,258,6110,27,5397,0,713
1657.000000,5868796,1353.000000,2.064514,258,258,6121,27,5406,0,715
1662.000000,5883844,1353.000000,2.064514,258,258,6133,27,5415,0,718
1667.000000,5899931,1353.000000,2.064514,258,258,6151,27,5427,0,724
1672.000000,5915359,1353.000000,2.064514,258,258,6157,27,5431,0,726
1677.000000,5929578,1353.000000,2.064514,258,258,6162,27,5435,0,727
1682.000000,5942052,1353.000000,2.064514,258,258,6224,27,5497,0,727
1687.000000,5956391,1353.000000,2.064514,258,258,6241,27,5508,0,733
1692.000000,5973026,1353.000000,2.064514,258,258,6247,27,5511,0,736
1698.000000,5985244,1353.000000,2.064514,258,258,6262,27,5523,0,739
1703.000000,6000386,1353.000000,2.064514,258,258,6271,27,5530,0,741
1708.000000,6012572,1353.000000,2.064514,258,258,6276,27,5531,0,745
1713.000000,6026872,1353.000000,2.064514,258,258,6299,27,5551,0,748
1718.000000,6041797,1353.000000,2.064514,258,258,6311,27,5558,0,753
1723.000000,6057105,1353.000000,2.064514,258,258,6319,27,5561,0,758
1728.000000,6071385,1353.000000,2.064514,258,258,6327,27,5564,0,763
1733.000000,6087454,1353.000000,2.064514,258,258,6351,27,5585,0,766
1738.000000,6100291,1353.000000,2.064514,258,258,6387,27,5621,0,766
1743.000000,6111496,1353.000000,2.064514,258,258,6446,27,5677,0,769
1749.000000,6126506,1353.000000,2.064514,258,258,6464,27,5693,0,771
1754.000000,6140678,1353.000000,2.064514,258,258,6469,27,5696,0,773
1759.000000,6156162,1353.000000,2.064514,258,258,6491,27,5702,0,789
1764.000000,6169488,1353.000000,2.064514,258,258,6509,27,5716,0,793
1769.000000,6184910,1353.000000,2.064514,258,258,6521,27,5724,0,797
1774.000000,6198573,1353.000000,2.064514,258,258,6542,27,5744,0,798
1779.000000,6212627,1353.000000,2.064514,258,258,6558,27,5759,0,799
1784.000000,6228810,1353.000000,2.064514,258,258,6563,27,5762,0,801
1789.000000,6240826,1353.000000,2.064514,258,258,6565,27,5763,0,802
1794.000000,6251504,1353.000000,2.064514,258,258,6568,27,5765,0,803
1800.000000,6262770,1353.000000,2.064514,258,258,6573,27,5769,0,804
1805.000000,6274620,1353.000000,2.064514,258,258,6581,27,5772,0,809
1810.000000,6288808,1353.000000,2.064514,258,258,6587,27,5777,0,810
1815.000000,6300724,1353.000000,2.064514,258,258,6615,27,5801,0,814
1820.000000,6314042,1353.000000,2.064514,258,258,6617,27,5803,0,814
1825.000000,6330170,1353.000000,2.064514,258,258,6631,27,5812,0,819
1830.000000,6342885,1353.000000,2.064514,258,258,6638,27,5818,0,820
1835.000000,6356298,1353.000000,2.064514,258,258,6657,27,5834,0,823
1840.000000,6371297,1353.000000,2.064514,258,258,6681,27,5854,0,827
1845.000000,6387141,1353.000000,2.064514,258,258,6696,27,5867,0,829
1850.000000,6402165,1353.000000,2.064514,258,258,6700,27,5870,0,830
1856.000000,6416249,1353.000000,2.064514,258,258,6712,27,5879,0,833
1861.000000,6429495,1353.000000,2.064514,258,258,6717,27,5884,0,833
1866.000000,6443558,1353.000000,2.064514,258,258,6727,27,5891,0,836
1871.000000,6459190,1353.000000,2.064514,258,258,6747,27,5907,0,840
1876.000000,6476574,1353.000000,2.064514,258,258,6760,27,5918,0,842
1881.000000,6491269,1353.000000,2.064514,258,258,6782,27,5934,0,848
1886.000000,6508789,1353.000000,2.064514,258,258,6790,27,5937,0,853
1891.000000,6525479,1353.000000,2.064514,258,258,6810,27,5956,0,854
1896.000000,6538041,1353.000000,2.064514,258,258,6813,27,5959,0,854
1901.000000,6552777,1353.000000,2.064514,258,258,6821,27,5963,0,858
1907.000000,6570114,1353.000000,2.064514,258,258,6834,27,5974,0,860
1912.000000,6584674,1353.000000,2.064514,258,258,6848,27,5988,0,860
1917.000000,6596976,1353.000000,2.064514,258,258,6852,27,5991,0,861
1922.000000,6609706,1353.000000,2.064514,258,258,6857,27,5993,0,864
1927.000000,6620039,1353.000000,2.064514,258,258,6902,27,6036,0,866
1932.000000,6633058,1353.000000,2.064514,258,258,6908,27,6040,0,868
1937.000000,6647715,1353.000000,2.064514,258,258,6915,27,6044,0,871
1942.000000,6664918,1353.000000,2.064514,258,258,6941,27,6066,0,875
1947.000000,6682523,1353.000000,2.064514,258,258,6967,27,6089,0,878
1953.000000,6699216,1353.000000,2.064514,258,258,6981,27,6098,0,883
1958.000000,6714567,1353.000000,2.064514,258,258,6991,27,6100,0,891
1963.000000,6729238,1353.000000,2.064514,258,258,7005,27,6112,0,893
1968.000000,6745132,1353.000000,2.064514,258,258,7087,27,6191,0,896
1973.000000,6762907,1353.000000,2.064514,258,258,7096,27,6198,0,898
1978.000000,6780225,1353.000000,2.064514,258,258,7105,27,6204,0,901
1983.000000,6797990,1353.000000,2.064514,258,258,7122,27,6209,0,913
1988.000000,6813536,1353.000000,2.064514,258,258,7144,27,6231,0,913
1993.000000,6832028,1353.000000,2.064514,258,258,7161,27,6247,0,914
1999.000000,6848944,1353.000000,2.064514,258,258,7185,27,6269,0,916
2004.000000,6862581,1353.000000,2.064514,259,259,7191,28,6273,0,918
2009.000000,6878199,1353.000000,2.064514,259,259,7194,28,6276,0,918
2014.000000,6891961,1353.000000,2.064514,259,259,7201,28,6278,0,923
2019.000000,6901555,1353.000000,2.064514,259,259,7267,28,6344,0,923
2024.000000,6911367,1353.000000,2.064514,259,259,7280,28,6352,0,928
2029.000000,6921565,1353.000000,2.064514,259,259,7312,28,6379,0,933
2035.000000,6935859,1353.000000,2.064514,259,259,7330,28,6387,0,943
2040.000000,6950121,1353.000000,2.064514,259,259,7371,28,6427,0,944
2045.000000,6965278,1353.000000,2.064514,260,260,7393,28,6445,0,948
2050.000000,6980759,1353.000000,2.064514,260,260,7404,28,6453,0,951
2055.000000,7000117,1353.000000,2.064514,260,260,7408,28,6457,0,951
2060.000000,7014588,1353.000000,2.064514,260,260,7458,28,6505,0,953
2065.000000,7032077,1353.000000,2.064514,260,260,7494,28,6540,0,954
2070.000000,7047311,1353.000000,2.064514,260,260,7506,28,6546,0,960
2075.000000,7064521,1353.000000,2.064514,260,260,7522,28,6557,0,965
2080.000000,7082592,1353.000000,2.064514,260,260,7525,28,6558,0,967
2086.000000,7099322,1353.000000,2.064514,260,260,7549,28,6580,0,969
2091.000000,7113694,1353.000000,2.064514,260,260,7567,28,6589,0,978
2096.000000,7128710,1353.000000,2.064514,260,260,7601,28,6620,0,981
2101.000000,7143768,1353.000000,2.064514,260,260,7614,28,6630,0,984
2106.000000,7159683,1353.000000,2.064514,260,260,7627,28,6637,0,990
2111.000000,7175895,1353.000000,2.064514,260,260,7642,28,6645,0,997
2116.000000,7190070,1353.000000,2.064514,260,260,7651,28,6651,0,1000
2121.000000,7205868,1353.000000,2.064514,260,260,7709,28,6699,0,1010
2126.000000,7218536,1353.000000,2.064514,260,260,7714,28,6702,0,1012
2131.000000,7232181,1353.000000,2.064514,260,260,7779,28,6763,0,1016
2137.000000,7247329,1353.000000,2.064514,260,260,7803,28,6783,0,1020
2142.000000,7259767,1353.000000,2.064514,260,260,7812,28,6790,0,1022
2147.000000,7271282,1353.000000,2.064514,260,260,7814,28,6790,0,1024
2152.000000,7284627,1353.000000,2.064514,260,260,7820,28,6794,0,1026
2157.000000,7296082,1353.000000,2.064514,260,260,7825,28,6795,0,1030
2162.000000,7306325,1353.000000,2.064514,260,260,7852,28,6821,0,1031
2167.000000,7316932,1353.000000,2.064514,260,260,7898,28,6866,0,1032
2172.000000,7329856,1353.000000,2.064514,260,260,7934,28,6898,0,1036
2177.000000,7344337,1353.000000,2.064514,260,260,7942,28,6905,0,1037
2182.000000,7358053,1353.000000,2.064514,260,260,7955,28,6917,0,1038
2188.000000,7372539,1353.000000,2.064514,260,260,7968,28,6922,0,1046
2193.000000,7386640,1353.000000,2.064514,260,260,7971,28,6925,0,1046
2198.000000,7399725,1353.000000,2.064514,260,260,7977,28,6929,0,1048
2203.000000,7410587,1353.000000,2.064514,260,260,7996,28,6945,0,1051
2208.000000,7418443,1353.000000,2.064514,260,260,8030,28,6977,0,1053
2213.000000,7431396,1353.000000,2.064514,260,260,8034,28,6980,0,1054
2218.000000,7444224,1353.000000,2.064514,260,260,8043,28,6987,0,1056
2223.000000,7454855,1353.000000,2.064514,260,260,8048,28,6992,0,1056
2228.000000,7469127,1353.000000,2.064514,261,261,8051,28,6995,0,1056
2233.000000,7482449,1353.000000,2.064514,261,261,8059,28,7002,0,1057
2238.000000,7491940,1353.000000,2.064514,261,261,8105,28,7047,0,1058
2243.000000,7505735,1353.000000,2.064514,261,261,8109,28,7048,0,1061
2249.000000,7519324,1353.000000,2.064514,261,261,8118,28,7056,0,1062
2254.000000,7532778,1353.000000,2.064514,261,261,8121,28,7057,0,1064
2259.000000,7546491,1353.000000,2.064514,261,261,8130,28,7063,0,1067
2264.000000,7561222,1353.000000,2.064514,261,261,8138,28,7070,0,1068
2269.000000,7573421,1353.000000,2.064514,261,261,8194,28,7121,0,1073
2274.000000,7583935,1353.000000,2.064514,261,261,8221,28,7147,0,1074
2279.000000,7598472,1353.000000,2.064514,261,261,8223,28,7147,0,1076
2284.000000,7614685,1353.000000,2.064514,261,261,8244,28,7167,0,1077
2289.000000,7629514,1353.000000,2.064514,261,261,8252,28,7173,0,1079
2294.000000,7644268,1353.000000,2.064514,261,261,8271,28,7191,0,1080
2299.000000,7661140,1353.000000,2.064514,261,261,8291,28,7205,0,1086
2304.000000,7678582,1353.000000,2.064514,261,261,8298,28,7210,0,1088
2310.000000,7694834,1353.000000,2.064514,261,261,8329,28,7239,0,1090
2315.000000,7709168,1353.000000,2.064514,261,261,8344,28,7252,0,1092
2320.000000,7726296,1353.000000,2.064514,261,261,8348,28,7255,0,1093
2325.000000,7741572,1353.000000,2.064514,261,261,8362,28,7269,0,1093
2330.000000,7758946,1353.000000,2.064514,261,261,8383,28,7287,0,1096
2335.000000,7776049,1353.000000,2.064514,261,261,8387,28,7289,0,1098
2340.000000,7791857,1353.000000,2.064514,261,261,8402,28,7304,0,1098
2345.000000,7809044,1353.000000,2.064514,261,261,8413,28,7314,0,1099
2350.000000,7823646,1353.000000,2.064514,261,261,8469,28,7364,0,1105
2355.000000,7837961,1353.000000,2.064514,261,261,8477,28,7367,0,1110
2360.000000,7853253,1353.000000,2.064514,261,261,8519,28,7409,0,1110
2365.000000,7869226,1353.000000,2.064514,262,262,8537,28,7421,0,1116
2370.000000,7885033,1353.000000,2.064514,262,262,8540,28,7423,0,1117
2375.000000,7899035,1353.000000,2.064514,262,262,8554,28,7436,0,1118
2380.000000,7914201,1353.000000,2.064514,262,262,8612,28,7492,0,1120
2385.000000,7925869,1353.000000,2.064514,263,263,8715,28,7590,0,1125
2390.000000,7941895,1353.000000,2.064514,263,263,8763,28,7632,0,1131
2396.000000,7957834,1353.000000,2.064514,263,263,8778,28,7640,0,1138
2401.000000,7973449,1353.000000,2.064514,263,263,8783,28,7644,0,1139
2406.000000,7989270,1353.000000,2.064514,263,263,8810,28,7669,0,1141
2411.000000,8003930,1353.000000,2.064514,263,263,8817,28,7676,0,1141
2416.000000,8017135,1353.000000,2.064514,263,263,8857,28,7716,0,1141
2421.000000,8032353,1353.000000,2.064514,263,263,8873,28,7727,0,1146
2426.000000,8048715,1353.000000,2.064514,264,264,8876,28,7730,0,1146
2431.000000,8063078,1353.000000,2.064514,264,264,8899,28,7750,0,1149
2436.000000,8079141,1353.000000,2.064514,264,264,8934,28,7784,0,1150
2441.000000,8093822,1353.000000,2.064514,264,264,9003,28,7851,0,1152
2447.000000,8109557,1353.000000,2.064514,264,264,9038,28,7883,0,1155
2452.000000,8126692,1353.000000,2.064514,264,264,9048,28,7888,0,1160
2457.000000,8145246,1353.000000,2.064514,264,264,9051,28,7889,0,1162
2462.000000,8161969,1353.000000,2.064514,264,264,9069,28,7902,0,1167
2467.000000,8177319,1353.000000,2.064514,265,265,9121,28,7951,0,1170
2472.000000,8190639,1353.000000,2.064514,265,265,9162,28,7990,0,1172
2477.000000,8207353,1353.000000,2.064514,265,265,9178,28,8001,0,1177
2482.000000,8224227,1353.000000,2.064514,265,265,9190,28,8012,0,1178
2487.000000,8238172,1353.000000,2.064514,265,265,9198,28,8017,0,1181
2492.000000,8253092,1353.000000,2.064514,265,265,9223,28,8032,0,1191
2497.000000,8269601,1353.000000,2.064514,265,265,9233,28,8037,0,1196
2502.000000,8287977,1353.000000,2.064514,265,265,9245,28,8045,0,1200
2507.000000,8302658,1353.000000,2.064514,265,265,9267,28,8062,0,1205
2512.000000,8318380,1353.000000,2.064514,265,265,9280,28,8073,0,1207
2518.000000,8336291,1353.000000,2.064514,265,265,9297,28,8088,0,1209
2523.000000,8351609,1353.000000,2.064514,265,265,9313,28,8099,0,1214
2528.000000,8364883,1353.000000,2.064514,266,266,9409,28,8194,0,1215
2533.000000,8380969,1353.000000,2.064514,266,266,9425,28,8205,0,1220
2538.000000,8395965,1353.000000,2.064514,266,266,9438,28,8213,0,1225
2543.000000,8407262,1353.000000,2.064514,266,266,9501,28,8276,0,1225
2548.000000,8422781,1353.000000,2.064514,266,266,9508,28,8281,0,1227
2553.000000,8435660,1353.000000,2.064514,266,266,9517,28,8290,0,1227
2558.000000,8449652,1353.000000,2.064514,266,266,9519,28,8291,0,1228
2563.000000,8461791,1353.000000,2.064514,266,266,9524,28,8294,0,1230
2568.000000,8472766,1353.000000,2.064514,266,266,9527,28,8297,0,1230
2573.000000,8485312,1353.000000,2.064514,266,266,9618,28,8387,0,1231
2578.000000,8499288,1353.000000,2.064514,266,266,9633,28,8399,0,1234
2584.000000,8513438,1353.000000,2.064514,266,266,9642,28,8402,0,1240
2589.000000,8529187,1353.000000,2.064514,266,266,9646,28,8406,0,1240
2594.000000,8540835,1353.000000,2.064514,266,266,9659,28,8417,0,1242
2599.000000,8554206,1353.000000,2.064514,266,266,9693,28,8449,0,1244
2604.000000,8568135,1353.000000,2.064514,266,266,9761,28,8511,0,1250
2609.000000,8581871,1353.000000,2.064514,266,266,9769,28,8518,0,1251
2614.000000,8594353,1353.000000,2.064514,266,266,9826,28,8573,0,1253
2619.000000,8602457,1353.000000,2.064514,266,266,9827,28,8574,0,1253
2624.000000,8617143,1353.000000,2.064514,266,266,9829,28,8574,0,1255
2629.000000,8627704,1353.000000,2.064514,267,267,9939,28,8682,0,1257
2634.000000,8639709,1353.000000,2.064514,267,267,9973,28,8712,0,1261
2639.000000,8651418,1353.000000,2.064514,267,267,9980,28,8719,0,1261
2644.000000,8660428,1353.000000,2.064514,267,267,9984,28,8722,0,1262
2650.000000,8672415,1353.000000,2.064514,267,267,10026,28,8762,0,1264
2655.000000,8683257,1353.000000,2.064514,267,267,10056,28,8790,0,1266
2660.000000,8692654,1353.000000,2.064514,267,267,10114,28,8845,0,1269
2665.000000,8706029,1353.000000,2.064514,267,267,10133,28,8864,0,1269
2670.000000,8722391,1353.000000,2.064514,267,267,10148,28,8876,0,1272
2675.000000,8738819,1353.000000,2.064514,267,267,10154,28,8882,0,1272
2680.000000,8755514,1353.000000,2.064514,267,267,10167,28,8892,0,1275
2685.000000,8769733,1353.000000,2.064514,267,267,10173,28,8896,0,1277
2690.000000,8786362,1353.000000,2.064514,267,267,10190,28,8901,0,1289
2695.000000,8800820,1353.000000,2.064514,267,267,10207,28,8917,0,1290
2701.000000,8816883,1353.000000,2.064514,267,267,10226,28,8933,0,1293
2706.000000,8832946,1353.000000,2.064514,267,267,10228,28,8935,0,1293
2711.000000,8852109,1353.000000,2.064514,268,268,10240,28,8943,0,1297
2716.000000,8869008,1353.000000,2.064514,268,268,10283,28,8975,0,1308
2721.000000,8885126,1353.000000,2.064514,268,268,10301,28,8988,0,1313
2726.000000,8900269,1353.000000,2.064514,268,268,10334,28,9014,0,1320
2731.000000,8917410,1353.000000,2.064514,268,268,10362,28,9040,0,1322
2736.000000,8934827,1353.000000,2.064514,268,268,10373,28,9046,0,1327
2741.000000,8951216,1353.000000,2.064514,268,268,10388,28,9058,0,1330
2747.000000,8967822,1353.000000,2.064514,269,269,10415,28,9081,0,1334
2752.000000,8980620,1353.000000,2.064514,269,269,10469,28,9135,0,1334
2757.000000,8997083,1353.000000,2.064514,269,269,10476,28,9137,0,1339
2762.000000,9013168,1353.000000,2.064514,269,269,10499,28,9158,0,1341
2767.000000,9030611,1353.000000,2.064514,269,269,10504,28,9160,0,1344
2772.000000,9048624,1353.000000,2.064514,270,270,10518,28,9167,0,1351
2777.000000,9065133,1353.000000,2.064514,270,270,10543,28,9190,0,1353
2782.000000,9081069,1353.000000,2.064514,270,270,10554,28,9196,0,1358
2787.000000,9098401,1353.000000,2.064514,270,270,10576,28,9217,0,1359
2793.000000,9114272,1353.000000,2.064514,270,270,10604,28,9245,0,1359
2798.000000,9129643,1353.000000,2.064514,270,270,10647,28,9282,0,1365
2803.000000,9147389,1353.000000,2.064514,270,270,10667,29,9299,0,1368
2808.000000,9163577,1353.000000,2.064514,270,270,10675,29,9302,0,1373
2813.000000,9179982,1353.000000,2.064514,270,270,10703,29,9323,0,1380
2818.000000,9195195,1353.000000,2.064514,270,270,10710,29,9328,0,1382
2823.000000,9209934,1353.000000,2.064514,271,271,10722,29,9340,0,1382
2828.000000,9227438,1353.000000,2.064514,271,271,10735,29,9350,0,1385
2834.000000,9244281,1353.000000,2.064514,271,271,10748,29,9362,0,1386
2839.000000,9260237,1353.000000,2.064514,271,271,10779,29,9392,0,1387
2844.000000,9277727,1353.000000,2.064514,271,271,10799,29,9410,0,1389
2849.000000,9295278,1353.000000,2.064514,271,271,10803,29,9413,0,1390
2854.000000,9311773,1353.000000,2.064514,271,271,10824,29,9424,0,1400
2859.000000,9330638,1353.000000,2.064514,271,271,10828,29,9428,0,1400
2864.000000,9347980,1353.000000,2.064514,271,271,10847,29,9444,0,1403
2869.000000,9364404,1353.000000,2.064514,271,271,10895,29,9488,0,1407
2874.000000,9380453,1353.000000,2.064514,271,271,10952,29,9544,0,1408
2880.000000,9393113,1353.000000,2.064514,272,272,10996,29,9585,0,1411
2885.000000,9408531,1353.000000,2.064514,272,272,11007,29,9595,0,1412
2890.000000,9426039,1353.000000,2.064514,272,272,11017,29,9601,0,1416
2895.000000,9440166,1353.000000,2.064514,272,272,11032,29,9614,0,1418
2900.000000,9455567,1353.000000,2.064514,272,272,11077,29,9658,0,1419
2905.000000,9472229,1353.000000,2.064514,272,272,11087,29,9667,0,1420
2910.000000,9489611,1353.000000,2.064514,272,272,11101,29,9671,0,1430
2915.000000,9507223,1353.000000,2.064514,272,272,11107,29,9675,0,1432
2920.000000,9525168,1353.000000,2.064514,272,272,11127,29,9686,0,1441
2925.000000,9541427,1353.000000,2.064514,272,272,11135,29,9690,0,1445
2930.000000,9559057,1353.000000,2.064514,272,272,11145,29,9699,0,1446
2935.000000,9571162,1353.000000,2.064514,272,272,11201,29,9754,0,1447
2941.000000,9587234,1353.000000,2.064514,272,272,11246,29,9798,0,1448
2946.000000,9601485,1353.000000,2.064514,272,272,11260,29,9811,0,1449
2951.000000,9615314,1353.000000,2.064514,272,272,11273,29,9823,0,1450
2956.000000,9632084,1353.000000,2.064514,272,272,11332,29,9880,0,1452
2961.000000,9647334,1353.000000,2.064514,272,272,11339,29,9886,0,1453
2966.000000,9663446,1353.000000,2.064514,272,272,11354,29,9900,0,1454
2971.000000,9680038,1353.000000,2.064514,272,272,11362,29,9907,0,1455
2976.000000,9696408,1353.000000,2.064514,274,274,11365,29,9909,0,1456
2981.000000,9713676,1353.000000,2.064514,274,274,11368,29,9911,0,1457
2986.000000,9731141,1353.000000,2.064514,274,274,11371,29,9913,0,1458
2991.000000,9748994,1353.000000,2.064514,274,274,11381,29,9921,0,1460
2997.000000,9764767,1353.000000,2.064514,274,274,11394,29,9927,0,1467
3002.000000,9780497,1353.000000,2.064514,274,274,11415,29,9947,0,1468
3007.000000,9797413,1353.000000,2.064514,274,274,11417,29,9948,0,1469
3012.000000,9812530,1353.000000,2.064514,274,274,11424,29,9952,0,1472
3017.000000,9829496,1353.000000,2.064514,274,274,11431,29,9955,0,1476
3022.000000,9844605,1353.000000,2.064514,274,274,11440,29,9960,0,1480
3027.000000,9861288,1353.000000,2.064514,274,274,11456,29,9973,0,1483
3032.000000,9878715,1353.000000,2.064514,274,274,11462,29,9977,0,1485
3037.000000,9896145,1353.000000,2.064514,274,274,11475,29,9988,0,1487
3042.000000,9911653,1353.000000,2.064514,274,274,11493,29,10002,0,1491
3047.000000,9928227,1353.000000,2.064514,274,274,11510,29,10016,0,1494
3052.000000,9946925,1353.000000,2.064514,274,274,11518,29,10020,0,1498
3058.000000,9963457,1353.000000,2.064514,274,274,11526,29,10026,0,1500
3063.000000,9978590,1353.000000,2.064514,274,274,11563,29,10062,0,1501
3068.000000,9998112,1353.000000,2.064514,274,274,11575,29,10069,0,1506
3073.000000,10013191,1353.000000,2.064514,274,274,11586,29,10076,0,1510
3078.000000,10027058,1353.000000,2.064514,274,274,11619,29,10106,0,1513
3083.000000,10044660,1353.000000,2.064514,274,274,11637,29,10121,0,1516
3088.000000,10060974,1353.000000,2.064514,274,274,11648,29,10132,0,1516
3093.000000,10077647,1353.000000,2.064514,274,274,11684,29,10164,0,1520
3099.000000,10095521,1353.000000,2.064514,274,274,11707,29,10185,0,1522
3104.000000,10111418,1353.000000,2.064514,274,274,11735,29,10204,0,1531
3109.000000,10130366,1353.000000,2.064514,274,274,11742,29,10210,0,1532
3114.000000,10146965,1353.000000,2.064514,274,274,11745,29,10213,0,1532
3119.000000,10160771,1353.000000,2.064514,274,274,11787,29,10253,0,1534
3124.000000,10177837,1353.000000,2.064514,274,274,11834,29,10298,0,1536
3129.000000,10194369,1353.000000,2.064514,274,274,11841,29,10303,0,1538
3134.000000,10212153,1353.000000,2.064514,274,274,11862,29,10321,0,1541
3139.000000,10229342,1353.000000,2.064514,274,274,11899,29,10356,0,1543
3144.000000,10244522,1353.000000,2.064514,274,274,11902,29,10358,0,1544
3149.000000,10259590,1353.000000,2.064514,274,274,11909,29,10363,0,1546
3155.000000,10273577,1353.000000,2.064514,274,274,11920,29,10372,0,1548
3160.000000,10286601,1353.000000,2.064514,274,274,11950,29,10399,0,1551
3165.000000,10301800,1353.000000,2.064514,274,274,11961,29,10402,0,1559
3170.000000,10318765,1353.000000,2.064514,274,274,11984,29,10425,0,1559
3175.000000,10334192,1353.000000,2.064514,274,274,12011,29,10452,0,1559
3180.000000,10351945,1353.000000,2.064514,274,274,12023,29,10463,0,1560
3185.000000,10366398,1353.000000,2.064514,274,274,12031,29,10469,0,1562
3190.000000,10382485,1353.000000,2.064514,274,274,12046,29,10482,0,1564
3195.000000,10397956,1353.000000,2.064514,274,274,12101,29,10537,0,1564
3200.000000,10414805,1353.000000,2.064514,274,274,12107,29,10541,0,1566
3205.000000,10428769,1353.000000,2.064514,274,274,12165,29,10597,0,1568
3210.000000,10442945,1353.000000,2.064514,274,274,12177,29,10608,0,1569
3215.000000,10458829,1353.000000,2.064514,274,274,12183,29,10613,0,1570
3220.000000,10475474,1353.000000,2.064514,274,274,12190,29,10618,0,1572
3225.000000,10491258,1353.000000,2.064514,274,274,12215,29,10640,0,1575
3230.000000,10507164,1353.000000,2.064514,274,274,12228,29,10653,0,1575
3235.000000,10524006,1353.000000,2.064514,274,274,12241,29,10665,0,1576
3240.000000,10535045,1353.000000,2.064514,274,274,12318,29,10740,0,1578
3246.000000,10551677,1353.000000,2.064514,274,274,12328,29,10747,0,1581
3251.000000,10567199,1353.000000,2.064514,274,274,12377,29,10794,0,1583
3256.000000,10582004,1353.000000,2.064514,274,274,12388,29,10802,0,1586
3261.000000,10597751,1353.000000,2.064514,274,274,12413,29,10827,0,1586
3266.000000,10613890,1353.000000,2.064514,274,274,12423,29,10835,0,1588
3271.000000,10629625,1353.000000,2.064514,275,275,12429,29,10840,0,1589
3276.000000,10642583,1353.000000,2.064514,275,275,12434,29,10843,0,1591
3281.000000,10658654,1353.000000,2.064514,275,275,12435,29,10844,0,1591
3286.000000,10675144,1353.000000,2.064514,276,276,12445,29,10851,0,1594
3291.000000,10692342,1353.000000,2.064514,276,276,12451,29,10855,0,1596
3297.000000,10706752,1353.000000,2.064514,276,276,12482,29,10881,0,1601
3302.000000,10721884,1353.000000,2.064514,276,276,12490,29,10886,0,1604
3307.000000,10737917,1353.000000,2.064514,276,276,12502,29,10896,0,1606
3312.000000,10752835,1353.000000,2.064514,276,276,12544,29,10938,0,1606
3317.000000,10767894,1353.000000,2.064514,276,276,12545,29,10939,0,1606
3322.000000,10783262,1353.000000,2.064514,276,276,12580,29,10971,0,1609
3327.000000,10797671,1353.000000,2.064514,276,276,12606,29,10994,0,1612
3332.000000,10814600,1353.000000,2.064514,276,276,12620,29,11004,0,1616
3337.000000,10829203,1353.000000,2.064514,276,276,12629,30,11008,0,1621
3343.000000,10841352,1353.000000,2.064514,276,276,12638,30,11017,0,1621
3348.000000,10852390,1353.000000,2.064514,276,276,12648,30,11024,0,1624
3353.000000,10862231,1353.000000,2.064514,276,276,12725,30,11100,0,1625
3358.000000,10875575,1353.000000,2.064514,276,276,12813,30,11186,0,1627
3363.000000,10890604,1353.000000,2.064514,276,276,12822,30,11194,0,1628
3368.000000,10906802,1353.000000,2.064514,276,276,12829,30,11199,0,1630
3373.000000,10923839,1353.000000,2.064514,276,276,12840,30,11205,0,1635
3378.000000,10941136,1353.000000,2.064514,276,276,12846,30,11211,0,1635
3383.000000,10955525,1353.000000,2.064514,276,276,12859,30,11220,0,1639
3388.000000,10972133,1353.000000,2.064514,276,276,12910,30,11268,0,1642
3393.000000,10988014,1353.000000,2.064514,277,277,12926,30,11282,0,1644
3398.000000,11002448,1353.000000,2.064514,277,277,12942,30,11293,0,1649
3404.000000,11019437,1353.000000,2.064514,277,277,12949,30,11299,0,1650
3409.000000,11031430,1353.000000,2.064514,277,277,12953,30,11301,0,1652
3414.000000,11046874,1353.000000,2.064514,277,277,12973,30,11317,0,1656
3419.000000,11063081,1353.000000,2.064514,277,277,12977,30,11321,0,1656
3424.000000,11079122,1353.000000,2.064514,277,277,12995,30,11332,0,1663
3429.000000,11095578,1353.000000,2.064514,277,277,13001,30,11338,0,1663
3434.000000,11111732,1353.000000,2.064514,277,277,13011,30,11346,0,1665
3439.000000,11124716,1353.000000,2.064514,277,277,13059,30,11390,0,1669
3444.000000,11140366,1353.000000,2.064514,277,277,13067,30,11396,0,1671
3449.000000,11156743,1353.000000,2.064514,277,277,13079,30,11406,0,1673
3454.000000,11172893,1353.000000,2.064514,277,277,13084,30,11408,0,1676
3459.000000,11190342,1353.000000,2.064514,277,277,13104,30,11427,0,1677
3465.000000,11205265,1353.000000,2.064514,277,277,13121,30,11441,0,1680
3470.000000,11220815,1353.000000,2.064514,277,277,13130,30,11446,0,1684
3475.000000,11231731,1353.000000,2.064514,277,277,13181,30,11497,0,1684
3480.000000,11245202,1353.000000,2.064514,277,277,13206,30,11521,0,1685
3485.000000,11259113,1353.000000,2.064514,277,277,13223,30,11530,0,1693
3490.000000,11274722,1353.000000,2.064514,277,277,13240,30,11543,0,1697
3495.000000,11289420,1353.000000,2.064514,277,277,13254,30,11553,0,1701
3500.000000,11303790,1353.000000,2.064514,277,277,13280,30,11576,0,1704
3505.000000,11319201,1353.000000,2.064514,277,277,13319,30,11612,0,1707
3511.000000,11334546,1353.000000,2.064514,277,277,13322,30,11615,0,1707
3516.000000,11350590,1353.000000,2.064514,277,277,13335,30,11625,0,1710
3521.000000,11366656,1353.000000,2.064514,277,277,13387,30,11676,0,1711
3526.000000,11384151,1353.000000,2.064514,277,277,13397,30,11682,0,1715
3531.000000,11395670,1353.000000,2.064514,278,278,13449,30,11733,0,1716
3536.000000,11411233,1353.000000,2.064514,278,278,13460,30,11743,0,1717
3541.000000,11426422,1353.000000,2.064514,278,278,13472,30,11754,0,1718
3546.000000,11442132,1353.000000,2.064514,278,278,13484,30,11764,0,1720
3551.000000,11458628,1353.000000,2.064514,278,278,13523,30,11801,0,1722
3557.000000,11475062,1353.000000,2.064514,278,278,13542,30,11812,0,1730
3562.000000,11492987,1353.000000,2.064514,278,278,13543,30,11813,0,1730
3567.000000,11510871,1353.000000,2.064514,278,278,13549,30,11818,0,1731
3572.000000,11527816,1353.000000,2.064514,278,278,13553,30,11820,0,1733
3577.000000,11544692,1353.000000,2.064514,278,278,13563,30,11828,0,1735
3582.000000,11560670,1353.000000,2.064514,278,278,13605,30,11869,0,1736
3587.000000,11577781,1353.000000,2.064514,278,278,13612,30,11874,0,1738
3592.000000,11591832,1353.000000,2.064514,278,278,13660,30,11921,0,1739
3596.000000,11598114,1353.000000,2.064514,278,278,13663,30,11923,0,1740
