# relative_time, cycles_done, cur_item, corpus_count, pending_total, pending_favs, map_size, saved_crashes, saved_hangs, max_depth, execs_per_sec, total_execs, edges_found
60, 0, 130, 162, 78, 1, 3.12%, 65, 0, 4, 766.14, 70147, 2044
66, 0, 131, 162, 76, 0, 3.12%, 65, 0, 4, 30.85, 73686, 2044
71, 0, 111, 166, 80, 0, 3.12%, 67, 0, 5, 1297.64, 80264, 2044
76, 0, 120, 167, 81, 0, 3.12%, 68, 0, 5, 1682.03, 86402, 2044
81, 0, 11, 171, 85, 0, 3.12%, 68, 0, 5, 198.25, 90235, 2044
87, 0, 11, 172, 86, 0, 3.12%, 68, 0, 5, 574.54, 93246, 2046
92, 0, 123, 175, 88, 0, 3.12%, 70, 0, 5, 804.57, 97557, 2047
97, 0, 85, 176, 88, 0, 3.12%, 73, 0, 5, 1003.22, 103035, 2047
102, 0, 11, 176, 88, 0, 3.12%, 73, 0, 5, 1059.34, 106215, 2047
107, 0, 101, 178, 90, 0, 3.12%, 73, 0, 5, 1044.10, 111730, 2047
112, 0, 76, 179, 91, 0, 3.12%, 73, 0, 5, 1069.93, 116669, 2047
117, 0, 181, 182, 91, 0, 3.18%, 75, 0, 5, 270.52, 120864, 2085
122, 0, 42, 183, 91, 0, 3.23%, 75, 0, 5, 509.96, 123256, 2115
127, 0, 120, 186, 94, 0, 3.23%, 76, 0, 5, 856.85, 127891, 2115
134, 0, 43, 188, 96, 0, 3.23%, 78, 0, 5, 33.12, 133612, 2115
139, 0, 98, 189, 96, 0, 3.23%, 79, 0, 5, 890.26, 138353, 2118
144, 0, 56, 189, 96, 0, 3.23%, 79, 0, 5, 172.44, 142276, 2118
149, 0, 18, 190, 97, 0, 3.23%, 79, 0, 5, 1144.71, 146661, 2119
154, 0, 189, 191, 97, 0, 3.23%, 79, 0, 5, 950.66, 151428, 2119
159, 0, 92, 194, 99, 0, 3.32%, 79, 0, 5, 950.64, 156560, 2176
164, 0, 191, 201, 106, 0, 3.33%, 79, 0, 5, 525.88, 158638, 2183
170, 0, 191, 201, 106, 0, 3.33%, 80, 0, 5, 521.52, 159850, 2183
175, 0, 191, 202, 107, 0, 3.33%, 80, 0, 5, 431.53, 161845, 2183
180, 0, 191, 202, 107, 0, 3.33%, 80, 0, 5, 422.97, 163997, 2183
185, 0, 61, 202, 106, 1, 3.33%, 80, 0, 5, 547.24, 166549, 2183
190, 0, 182, 203, 107, 1, 3.33%, 82, 0, 5, 431.26, 168653, 2185
195, 0, 182, 203, 107, 1, 3.33%, 82, 0, 5, 401.05, 170589, 2185
202, 0, 79, 203, 105, 0, 3.33%, 82, 0, 5, 50.48, 173304, 2185
207, 0, 188, 204, 106, 0, 3.33%, 82, 0, 5, 661.45, 177189, 2185
212, 0, 182, 205, 107, 0, 3.34%, 84, 0, 5, 705.81, 180679, 2187
217, 0, 89, 205, 106, 0, 3.34%, 85, 0, 5, 722.58, 183848, 2187
222, 0, 87, 205, 106, 0, 3.34%, 85, 0, 5, 873.39, 187985, 2187
227, 0, 179, 206, 107, 0, 3.34%, 85, 0, 5, 584.25, 190797, 2187
233, 0, 87, 206, 107, 0, 3.34%, 85, 0, 5, 851.22, 195351, 2187
238, 0, 67, 206, 107, 0, 3.34%, 85, 0, 5, 724.14, 198477, 2187
243, 0, 151, 206, 107, 0, 3.34%, 85, 0, 5, 154.30, 201449, 2187
248, 0, 11, 206, 107, 0, 3.34%, 85, 0, 5, 1014.04, 205223, 2187
253, 0, 112, 206, 107, 0, 3.34%, 85, 0, 5, 962.09, 208555, 2187
258, 0, 90, 206, 107, 0, 3.34%, 86, 0, 5, 994.96, 213986, 2187
263, 0, 60, 207, 108, 0, 3.34%, 87, 0, 5, 1002.95, 218199, 2187
270, 0, 68, 208, 109, 0, 3.34%, 87, 0, 5, 24.46, 221595, 2187
275, 1, 122, 208, 109, 0, 3.34%, 87, 0, 5, 605.61, 225468, 2187
280, 1, 57, 209, 109, 0, 3.34%, 88, 0, 5, 899.44, 230421, 2187
285, 1, 68, 209, 109, 0, 3.34%, 88, 0, 5, 784.82, 234119, 2187
290, 1, 204, 210, 110, 0, 3.34%, 88, 0, 6, 442.97, 235939, 2190
295, 1, 189, 212, 111, 0, 3.34%, 88, 0, 6, 684.31, 239208, 2190
300, 1, 67, 212, 111, 0, 3.34%, 90, 0, 6, 577.77, 243194, 2190
306, 1, 91, 212, 111, 0, 3.34%, 90, 0, 6, 738.00, 245941, 2190
311, 1, 112, 212, 111, 0, 3.34%, 90, 0, 6, 835.52, 250222, 2190
316, 1, 127, 212, 111, 0, 3.34%, 90, 0, 6, 887.70, 254698, 2190
321, 1, 42, 212, 111, 0, 3.34%, 91, 0, 6, 787.29, 258630, 2190
326, 1, 73, 213, 112, 0, 3.34%, 91, 0, 6, 977.91, 263338, 2190
331, 1, 188, 213, 112, 0, 3.34%, 92, 0, 6, 836.66, 267769, 2190
336, 1, 87, 213, 111, 0, 3.34%, 92, 0, 6, 924.85, 272546, 2190
341, 1, 194, 213, 111, 0, 3.34%, 92, 0, 6, 622.10, 274648, 2190
347, 1, 18, 214, 111, 0, 3.34%, 92, 0, 6, 840.40, 279448, 2190
352, 1, 11, 214, 111, 0, 3.34%, 92, 0, 6, 967.37, 284459, 2190
357, 1, 11, 214, 111, 0, 3.34%, 92, 0, 6, 829.52, 288456, 2190
362, 1, 79, 214, 111, 0, 3.34%, 92, 0, 6, 677.90, 292022, 2190
367, 1, 182, 214, 111, 0, 3.34%, 92, 0, 6, 608.87, 295541, 2190
372, 1, 144, 214, 111, 0, 3.34%, 92, 0, 6, 635.81, 297753, 2190
377, 1, 109, 214, 111, 0, 3.34%, 92, 0, 6, 855.12, 302010, 2190
383, 1, 213, 214, 111, 0, 3.34%, 93, 0, 6, 647.43, 305114, 2190
388, 1, 213, 214, 111, 0, 3.34%, 93, 0, 6, 223.99, 306509, 2190
393, 1, 11, 214, 111, 0, 3.34%, 93, 0, 6, 830.95, 311646, 2190
398, 1, 11, 214, 111, 0, 3.34%, 93, 0, 6, 613.70, 314237, 2190
403, 1, 68, 214, 111, 0, 3.34%, 93, 0, 6, 738.11, 318225, 2190
408, 1, 11, 214, 111, 0, 3.34%, 93, 0, 6, 616.60, 320749, 2190
413, 1, 68, 214, 111, 0, 3.34%, 93, 0, 6, 770.68, 324433, 2190
418, 1, 161, 216, 113, 0, 3.34%, 93, 0, 6, 818.18, 328753, 2190
423, 1, 161, 216, 113, 0, 3.34%, 93, 0, 6, 487.19, 330469, 2190
429, 1, 89, 217, 114, 0, 3.34%, 93, 0, 6, 525.95, 333143, 2190
434, 1, 77, 217, 114, 0, 3.34%, 93, 0, 6, 780.46, 337070, 2190
440, 1, 11, 217, 114, 0, 3.34%, 93, 0, 6, 109.01, 341086, 2190
445, 1, 69, 217, 114, 0, 3.34%, 93, 0, 6, 818.02, 345842, 2190
450, 1, 1, 217, 114, 0, 3.34%, 93, 0, 6, 669.31, 349040, 2190
455, 1, 87, 217, 114, 0, 3.34%, 93, 0, 6, 808.14, 353584, 2190
460, 1, 181, 217, 114, 0, 3.34%, 93, 0, 6, 1383.16, 357347, 2190
465, 1, 74, 217, 114, 0, 3.34%, 93, 0, 6, 108.11, 360343, 2190
470, 1, 43, 217, 114, 0, 3.34%, 93, 0, 6, 872.61, 364872, 2190
476, 1, 43, 218, 114, 0, 3.34%, 93, 0, 6, 942.93, 367309, 2190
481, 1, 56, 218, 114, 0, 3.34%, 93, 0, 6, 1274.73, 371910, 2190
486, 1, 76, 218, 114, 0, 3.34%, 93, 0, 6, 959.96, 375325, 2190
491, 1, 76, 219, 115, 0, 3.34%, 93, 0, 6, 829.79, 379249, 2190
496, 1, 56, 219, 115, 0, 3.34%, 93, 0, 6, 152.61, 382593, 2190
501, 1, 87, 219, 115, 0, 3.34%, 93, 0, 6, 849.49, 386174, 2190
508, 1, 57, 219, 115, 0, 3.34%, 93, 0, 6, 68.28, 390746, 2190
513, 1, 174, 219, 115, 0, 3.34%, 93, 0, 6, 584.82, 394394, 2190
518, 1, 112, 219, 115, 0, 3.34%, 93, 0, 6, 421.96, 396577, 2190
523, 1, 194, 219, 115, 0, 3.34%, 93, 0, 6, 766.08, 400706, 2190
528, 1, 9, 219, 115, 0, 3.34%, 93, 0, 6, 881.76, 405444, 2190
533, 1, 64, 219, 115, 0, 3.34%, 93, 0, 6, 938.61, 410390, 2190
539, 1, 79, 219, 115, 0, 3.34%, 93, 0, 6, 955.92, 415274, 2190
544, 1, 42, 219, 115, 0, 3.34%, 93, 0, 6, 1245.40, 418731, 2190
549, 1, 56, 219, 115, 0, 3.34%, 93, 0, 6, 93.44, 422325, 2190
554, 1, 155, 219, 115, 0, 3.34%, 93, 0, 6, 1046.54, 425327, 2190
559, 1, 101, 219, 115, 0, 3.34%, 94, 0, 6, 941.41, 429914, 2190
564, 1, 174, 219, 115, 0, 3.34%, 94, 0, 6, 457.35, 431762, 2190
569, 2, 128, 219, 115, 0, 3.34%, 94, 0, 6, 698.18, 435160, 2190
576, 2, 194, 219, 115, 0, 3.34%, 94, 0, 6, 16.96, 438716, 2190
581, 2, 89, 219, 115, 0, 3.34%, 94, 0, 6, 100.00, 442057, 2190
586, 2, 35, 219, 115, 0, 3.34%, 94, 0, 6, 554.43, 445606, 2190
591, 2, 79, 219, 114, 0, 3.34%, 94, 0, 6, 727.38, 449565, 2190
596, 2, 8, 219, 114, 0, 3.34%, 94, 0, 6, 838.09, 454135, 2190
601, 2, 9, 219, 114, 0, 3.34%, 94, 0, 6, 859.84, 458661, 2190
606, 2, 50, 220, 115, 0, 3.34%, 94, 0, 6, 349.30, 461483, 2190
612, 2, 0, 220, 115, 0, 3.34%, 94, 0, 6, 833.91, 463887, 2190
617, 2, 11, 220, 115, 0, 3.34%, 94, 0, 6, 215.56, 467939, 2190
622, 2, 8, 221, 116, 0, 3.34%, 94, 0, 6, 651.85, 472257, 2190
627, 2, 68, 221, 115, 0, 3.34%, 94, 0, 6, 746.90, 476149, 2190
632, 2, 220, 221, 115, 0, 3.34%, 94, 0, 6, 907.48, 480227, 2190
637, 2, 220, 221, 115, 0, 3.34%, 94, 0, 6, 886.03, 484527, 2190
644, 2, 111, 221, 115, 0, 3.34%, 94, 0, 6, 53.75, 489002, 2190
649, 2, 220, 222, 115, 0, 3.34%, 94, 0, 6, 767.89, 493046, 2191
654, 2, 0, 222, 115, 0, 3.34%, 94, 0, 6, 739.57, 497018, 2191
659, 2, 134, 222, 115, 0, 3.34%, 94, 0, 6, 1121.95, 501695, 2191
664, 2, 42, 223, 116, 0, 3.34%, 94, 0, 6, 780.89, 505364, 2191
669, 2, 127, 224, 117, 0, 3.34%, 94, 0, 6, 756.15, 509288, 2191
674, 2, 11, 224, 117, 0, 3.34%, 94, 0, 6, 948.15, 513992, 2191
679, 2, 221, 225, 118, 0, 3.34%, 94, 0, 6, 767.01, 517415, 2191
684, 2, 56, 225, 118, 0, 3.34%, 94, 0, 6, 158.11, 520552, 2191
690, 2, 120, 226, 118, 0, 3.34%, 94, 0, 6, 1040.29, 524589, 2191
695, 2, 110, 226, 117, 0, 3.34%, 94, 0, 6, 788.09, 528468, 2191
700, 2, 87, 226, 117, 0, 3.34%, 94, 0, 6, 1350.00, 532662, 2191
705, 2, 85, 226, 117, 0, 3.34%, 94, 0, 6, 984.73, 537078, 2191
712, 2, 80, 226, 117, 0, 3.34%, 94, 0, 6, 82.47, 541131, 2191
717, 2, 101, 226, 117, 0, 3.34%, 94, 0, 6, 87.91, 543797, 2191
722, 2, 101, 226, 117, 0, 3.34%, 94, 0, 6, 770.53, 547585, 2191
727, 2, 194, 226, 117, 0, 3.34%, 94, 0, 6, 1172.79, 550879, 2191
732, 2, 155, 226, 117, 0, 3.34%, 94, 0, 6, 401.82, 554072, 2191
737, 2, 161, 227, 118, 0, 3.34%, 94, 0, 6, 574.78, 556505, 2191
742, 2, 161, 232, 123, 0, 3.34%, 94, 0, 6, 486.51, 559011, 2191
747, 2, 67, 232, 123, 0, 3.34%, 94, 0, 6, 1147.31, 561806, 2191
753, 2, 221, 232, 123, 0, 3.34%, 94, 0, 6, 841.52, 565521, 2191
758, 2, 68, 232, 123, 0, 3.34%, 94, 0, 6, 718.06, 568997, 2191
763, 2, 68, 232, 123, 0, 3.34%, 94, 0, 6, 652.72, 572627, 2191
768, 2, 93, 232, 123, 0, 3.34%, 94, 0, 6, 716.02, 576162, 2191
773, 2, 11, 232, 123, 0, 3.34%, 94, 0, 6, 737.76, 579721, 2191
780, 2, 68, 232, 123, 0, 3.34%, 94, 0, 6, 9.04, 582958, 2191
785, 2, 57, 232, 123, 0, 3.34%, 94, 0, 6, 633.78, 586401, 2191
790, 2, 68, 233, 124, 0, 3.34%, 94, 0, 6, 737.20, 590361, 2191
795, 2, 194, 233, 124, 0, 3.34%, 94, 0, 6, 827.59, 593593, 2191
800, 2, 161, 233, 124, 0, 3.34%, 94, 0, 6, 746.84, 595853, 2191
805, 2, 9, 233, 124, 0, 3.34%, 94, 0, 6, 843.34, 599244, 2191
810, 2, 127, 233, 124, 0, 3.34%, 94, 0, 6, 770.46, 603187, 2191
815, 2, 94, 233, 124, 0, 3.34%, 94, 0, 6, 484.51, 605324, 2191
820, 2, 194, 233, 123, 0, 3.34%, 94, 0, 6, 269.24, 608874, 2191
825, 2, 60, 233, 123, 0, 3.34%, 94, 0, 6, 611.39, 612538, 2191
831, 2, 74, 233, 123, 0, 3.34%, 94, 0, 6, 602.96, 615498, 2191
836, 2, 13, 233, 123, 0, 3.34%, 94, 0, 6, 876.06, 618691, 2191
841, 2, 68, 233, 122, 0, 3.34%, 94, 0, 6, 925.22, 623233, 2191
847, 2, 80, 233, 121, 0, 3.34%, 94, 0, 6, 15.67, 626912, 2191
852, 2, 120, 233, 120, 0, 3.34%, 94, 0, 6, 214.19, 630827, 2191
857, 2, 8, 233, 120, 0, 3.34%, 94, 0, 6, 577.53, 634071, 2191
863, 3, 50, 233, 120, 0, 3.34%, 94, 0, 6, 271.73, 638386, 2191
868, 3, 92, 235, 121, 0, 3.34%, 94, 0, 6, 617.39, 642306, 2192
873, 3, 101, 235, 121, 0, 3.34%, 94, 0, 6, 1044.20, 646001, 2192
878, 3, 87, 235, 121, 0, 3.34%, 94, 0, 6, 855.39, 649974, 2192
883, 3, 128, 235, 121, 0, 3.34%, 94, 0, 6, 862.61, 652262, 2192
888, 3, 63, 235, 121, 0, 3.34%, 94, 0, 6, 701.78, 655553, 2192
893, 3, 60, 235, 120, 0, 3.34%, 94, 0, 6, 631.05, 657843, 2192
898, 3, 74, 235, 120, 0, 3.34%, 94, 0, 6, 629.09, 660772, 2192
903, 3, 101, 235, 120, 0, 3.34%, 95, 0, 6, 911.27, 663667, 2192
909, 3, 189, 235, 120, 0, 3.34%, 95, 0, 6, 858.59, 667724, 2192
914, 3, 74, 235, 120, 0, 3.34%, 95, 0, 6, 700.74, 671080, 2192
919, 3, 116, 235, 120, 0, 3.34%, 95, 0, 6, 256.20, 671876, 2192
924, 3, 74, 236, 121, 0, 3.34%, 95, 0, 6, 335.34, 674002, 2192
929, 3, 80, 236, 121, 0, 3.34%, 95, 0, 6, 730.94, 678208, 2192
934, 3, 111, 236, 121, 0, 3.34%, 95, 0, 6, 991.85, 682988, 2192
939, 3, 234, 236, 121, 0, 3.34%, 95, 0, 6, 576.21, 685327, 2192
944, 3, 152, 236, 121, 0, 3.34%, 95, 0, 6, 649.87, 688914, 2192
950, 3, 11, 236, 121, 0, 3.34%, 95, 0, 6, 30.45, 691584, 2192
955, 3, 189, 236, 121, 0, 3.34%, 95, 0, 6, 699.90, 694718, 2192
960, 3, 42, 237, 122, 0, 3.34%, 95, 0, 6, 726.08, 698256, 2192
965, 3, 122, 237, 122, 0, 3.34%, 95, 0, 6, 292.04, 701297, 2192
970, 3, 42, 237, 122, 0, 3.34%, 95, 0, 6, 721.99, 705125, 2192
975, 3, 220, 237, 122, 0, 3.34%, 95, 0, 6, 968.55, 708972, 2192
980, 3, 68, 238, 123, 0, 3.34%, 95, 0, 6, 920.80, 713662, 2192
986, 3, 11, 238, 123, 0, 3.34%, 95, 0, 6, 130.52, 716324, 2192
991, 3, 127, 238, 123, 0, 3.34%, 95, 0, 6, 748.69, 719510, 2192
996, 3, 209, 238, 123, 0, 3.34%, 95, 0, 6, 442.02, 721669, 2192
1001, 3, 209, 238, 123, 0, 3.34%, 95, 0, 6, 591.97, 724408, 2192
1006, 3, 8, 238, 122, 0, 3.34%, 95, 0, 6, 58.82, 727869, 2192
1011, 3, 120, 239, 123, 0, 3.34%, 95, 0, 6, 303.61, 731434, 2192
1016, 3, 189, 240, 124, 0, 3.34%, 95, 0, 6, 498.22, 734171, 2192
1021, 3, 27, 240, 124, 0, 3.34%, 95, 0, 6, 1120.00, 736418, 2192
1026, 3, 61, 240, 124, 0, 3.34%, 95, 0, 6, 1134.78, 740141, 2192
1031, 3, 80, 240, 124, 0, 3.34%, 95, 0, 6, 747.33, 742558, 2192
1036, 3, 54, 240, 124, 0, 3.34%, 95, 0, 6, 540.83, 745806, 2192
1041, 3, 92, 240, 124, 0, 3.34%, 95, 0, 6, 667.13, 749436, 2192
1047, 3, 99, 241, 125, 0, 3.34%, 95, 0, 6, 687.59, 753078, 2192
1052, 3, 11, 241, 125, 0, 3.34%, 95, 0, 6, 15.30, 755690, 2192
1057, 3, 57, 241, 125, 0, 3.34%, 95, 0, 6, 685.33, 758876, 2192
1062, 3, 101, 243, 127, 0, 3.34%, 95, 0, 6, 670.36, 762409, 2192
1067, 3, 189, 243, 127, 0, 3.34%, 95, 0, 6, 795.98, 766496, 2192
1072, 3, 79, 243, 127, 0, 3.34%, 95, 0, 6, 820.84, 770811, 2192
1077, 3, 189, 244, 128, 0, 3.34%, 95, 0, 6, 880.58, 774615, 2192
1083, 3, 43, 245, 129, 0, 3.34%, 95, 0, 6, 816.30, 778727, 2192
1088, 3, 9, 245, 129, 0, 3.34%, 95, 0, 6, 640.97, 781312, 2192
1093, 3, 171, 245, 129, 0, 3.34%, 95, 0, 6, 515.78, 783900, 2192
1098, 3, 92, 245, 129, 0, 3.34%, 95, 0, 6, 650.59, 787479, 2192
1103, 3, 194, 245, 129, 0, 3.34%, 95, 0, 6, 371.27, 791717, 2192
1108, 3, 120, 245, 129, 0, 3.34%, 95, 0, 6, 610.73, 795090, 2192
1113, 3, 189, 245, 129, 0, 3.34%, 95, 0, 6, 697.10, 798794, 2192
1120, 3, 13, 245, 129, 0, 3.34%, 95, 0, 6, 59.36, 801961, 2192
1125, 3, 11, 245, 129, 0, 3.34%, 95, 0, 6, 803.58, 805676, 2192
1130, 3, 76, 245, 129, 0, 3.34%, 95, 0, 6, 622.22, 808628, 2192
1135, 3, 89, 245, 129, 0, 3.34%, 95, 0, 6, 804.52, 812778, 2192
1140, 3, 56, 245, 129, 0, 3.34%, 95, 0, 6, 71.43, 815729, 2192
1145, 3, 99, 245, 129, 0, 3.34%, 95, 0, 6, 761.49, 819424, 2192
1151, 3, 133, 245, 129, 0, 3.34%, 95, 0, 6, 952.27, 824011, 2192
1156, 3, 68, 245, 129, 0, 3.34%, 95, 0, 6, 112.00, 826267, 2192
1161, 3, 101, 245, 129, 0, 3.34%, 95, 0, 6, 416.85, 829124, 2192
1166, 3, 101, 245, 129, 0, 3.34%, 95, 0, 6, 928.63, 832896, 2192
1171, 4, 68, 245, 129, 0, 3.34%, 95, 0, 6, 792.43, 836706, 2192
1176, 4, 79, 245, 128, 0, 3.34%, 95, 0, 6, 789.61, 841062, 2192
1182, 4, 76, 245, 128, 0, 3.34%, 95, 0, 6, 567.75, 843719, 2192
1188, 4, 93, 245, 128, 0, 3.34%, 95, 0, 6, 91.05, 846296, 2192
1193, 4, 44, 245, 128, 0, 3.34%, 95, 0, 6, 897.41, 850487, 2192
1198, 4, 202, 246, 129, 0, 3.34%, 95, 0, 6, 723.58, 854219, 2192
1203, 4, 202, 246, 129, 0, 3.34%, 95, 0, 6, 380.84, 855655, 2192
1209, 4, 202, 246, 129, 0, 3.34%, 95, 0, 6, 376.81, 857407, 2192
1214, 4, 9, 246, 128, 0, 3.34%, 95, 0, 6, 605.97, 860839, 2192
1219, 4, 131, 246, 128, 0, 3.34%, 95, 0, 6, 489.29, 863454, 2192
1224, 4, 50, 246, 128, 0, 3.34%, 95, 0, 6, 691.69, 865209, 2192
1229, 4, 87, 246, 128, 0, 3.34%, 95, 0, 6, 796.39, 869234, 2192
1234, 4, 93, 246, 128, 0, 3.34%, 95, 0, 6, 703.26, 872830, 2192
1239, 4, 161, 246, 128, 0, 3.34%, 95, 0, 6, 522.50, 875211, 2192
1244, 4, 8, 246, 128, 0, 3.34%, 95, 0, 6, 802.40, 879869, 2192
1249, 4, 35, 246, 127, 0, 3.34%, 95, 0, 6, 595.56, 882956, 2192
1256, 4, 134, 246, 127, 0, 3.34%, 95, 0, 6, 36.54, 885973, 2192
1261, 4, 122, 246, 127, 0, 3.34%, 95, 0, 6, 763.40, 889567, 2192
1266, 4, 11, 246, 127, 0, 3.34%, 95, 0, 6, 628.77, 892598, 2192
1271, 4, 97, 246, 127, 0, 3.34%, 95, 0, 6, 820.92, 896964, 2192
1277, 4, 245, 246, 126, 0, 3.34%, 95, 0, 6, 129.44, 899583, 2192
1282, 4, 245, 247, 127, 0, 3.34%, 95, 0, 7, 249.88, 901052, 2192
1287, 4, 245, 248, 128, 0, 3.34%, 95, 0, 7, 220.64, 902148, 2192
1292, 4, 245, 248, 128, 0, 3.34%, 95, 0, 7, 251.04, 902993, 2192
1297, 4, 245, 248, 128, 0, 3.34%, 95, 0, 7, 261.22, 904273, 2192
1302, 4, 245, 248, 128, 0, 3.34%, 95, 0, 7, 302.43, 905772, 2192
1307, 4, 245, 248, 128, 0, 3.34%, 95, 0, 7, 276.65, 907282, 2192
1312, 4, 58, 248, 128, 0, 3.34%, 95, 0, 7, 479.97, 910168, 2192
1317, 4, 11, 248, 127, 0, 3.34%, 95, 0, 7, 555.84, 913301, 2192
1322, 4, 134, 249, 128, 0, 3.34%, 95, 0, 7, 698.88, 916192, 2192
1328, 4, 120, 249, 128, 0, 3.34%, 95, 0, 7, 901.71, 918427, 2192
1333, 4, 43, 249, 128, 0, 3.34%, 95, 0, 7, 447.07, 921555, 2192
1338, 4, 122, 249, 128, 0, 3.34%, 95, 0, 7, 556.32, 924674, 2192
1343, 4, 220, 249, 128, 0, 3.34%, 95, 0, 7, 771.89, 928657, 2192
1348, 4, 9, 249, 128, 0, 3.34%, 95, 0, 7, 686.91, 932324, 2192
1353, 4, 110, 249, 128, 0, 3.34%, 95, 0, 7, 590.97, 934564, 2192
1358, 4, 44, 249, 128, 0, 3.34%, 95, 0, 7, 109.46, 936381, 2192
1364, 4, 101, 249, 128, 0, 3.34%, 95, 0, 7, 527.14, 938892, 2192
1369, 4, 58, 249, 128, 0, 3.34%, 95, 0, 7, 534.95, 941476, 2192
1374, 4, 131, 249, 128, 0, 3.34%, 95, 0, 7, 626.04, 944948, 2192
1379, 4, 220, 249, 128, 0, 3.34%, 95, 0, 7, 510.98, 947377, 2192
1384, 4, 102, 249, 128, 0, 3.34%, 95, 0, 7, 640.00, 949428, 2192
1389, 4, 11, 249, 128, 0, 3.34%, 95, 0, 7, 304.69, 952677, 2192
1394, 4, 67, 249, 128, 0, 3.34%, 95, 0, 7, 434.67, 954320, 2192
1399, 4, 89, 249, 127, 0, 3.34%, 95, 0, 7, 654.68, 958062, 2192
1404, 4, 68, 249, 126, 0, 3.34%, 95, 0, 7, 721.69, 961755, 2192
1410, 4, 11, 250, 127, 0, 3.34%, 95, 0, 7, 683.14, 965497, 2192
1415, 4, 11, 252, 129, 0, 3.34%, 95, 0, 7, 169.46, 968688, 2192
1420, 4, 11, 254, 131, 0, 3.34%, 95, 0, 7, 105.37, 969147, 2192
1426, 4, 127, 254, 131, 0, 3.34%, 95, 0, 7, 29.88, 970226, 2192
1431, 4, 101, 254, 131, 0, 3.34%, 95, 0, 7, 862.83, 973734, 2192
1436, 4, 0, 254, 131, 0, 3.34%, 95, 0, 7, 637.56, 976653, 2192
1441, 4, 76, 254, 131, 0, 3.34%, 95, 0, 7, 729.41, 980525, 2192
1446, 4, 181, 255, 132, 0, 3.34%, 95, 0, 7, 537.49, 982874, 2192
1451, 4, 181, 255, 132, 0, 3.34%, 95, 0, 7, 578.67, 985654, 2192
1456, 4, 109, 255, 132, 0, 3.34%, 95, 0, 7, 573.37, 989111, 2192
1461, 4, 161, 256, 133, 0, 3.34%, 95, 0, 7, 211.29, 990260, 2192
1466, 4, 161, 256, 133, 0, 3.34%, 95, 0, 7, 313.91, 991881, 2192
1472, 4, 79, 256, 133, 0, 3.34%, 95, 0, 7, 580.77, 995080, 2192
1477, 4, 194, 256, 132, 0, 3.34%, 95, 0, 7, 544.01, 997472, 2192
1482, 4, 134, 256, 132, 0, 3.34%, 95, 0, 7, 578.92, 1000569, 2192
1487, 4, 11, 256, 132, 0, 3.34%, 95, 0, 7, 649.96, 1003402, 2192
1492, 4, 101, 256, 132, 0, 3.34%, 95, 0, 7, 638.64, 1006651, 2192
1497, 4, 213, 256, 132, 0, 3.34%, 95, 0, 7, 743.07, 1008247, 2192
1502, 4, 11, 256, 132, 0, 3.34%, 95, 0, 7, 576.21, 1010783, 2192
1508, 4, 11, 256, 132, 0, 3.34%, 95, 0, 7, 323.41, 1014226, 2192
1513, 4, 188, 256, 132, 0, 3.34%, 95, 0, 7, 508.04, 1017344, 2192
1518, 4, 64, 256, 132, 0, 3.34%, 95, 0, 7, 566.57, 1020035, 2192
1523, 4, 79, 256, 132, 0, 3.34%, 95, 0, 7, 649.24, 1023068, 2192
1528, 4, 44, 256, 132, 0, 3.34%, 95, 0, 7, 935.00, 1024733, 2192
1533, 4, 60, 256, 132, 0, 3.34%, 95, 0, 7, 752.50, 1028381, 2192
1538, 4, 8, 256, 132, 0, 3.34%, 95, 0, 7, 768.92, 1032097, 2192
1543, 4, 68, 256, 132, 0, 3.34%, 95, 0, 7, 743.99, 1035566, 2192
1549, 4, 11, 256, 132, 0, 3.34%, 95, 0, 7, 595.66, 1038327, 2192
1554, 4, 101, 257, 133, 0, 3.34%, 95, 0, 7, 571.04, 1040119, 2192
1559, 4, 13, 257, 133, 0, 3.34%, 95, 0, 7, 654.10, 1043530, 2192
1564, 4, 64, 257, 133, 0, 3.34%, 95, 0, 7, 513.59, 1045250, 2192
1569, 4, 93, 257, 133, 0, 3.34%, 95, 0, 7, 679.22, 1047953, 2192
1574, 4, 11, 257, 133, 0, 3.34%, 95, 0, 7, 649.80, 1051125, 2192
1579, 4, 11, 258, 134, 0, 3.34%, 95, 0, 7, 153.16, 1053259, 2192
1584, 4, 68, 258, 134, 0, 3.34%, 95, 0, 7, 522.79, 1055622, 2192
1589, 4, 11, 258, 134, 0, 3.34%, 95, 0, 7, 596.06, 1058997, 2192
1594, 4, 35, 258, 134, 0, 3.34%, 95, 0, 7, 131.51, 1061543, 2192
1599, 4, 245, 259, 134, 0, 3.34%, 95, 0, 7, 427.64, 1063145, 2192
1605, 4, 27, 259, 134, 0, 3.34%, 95, 0, 7, 568.80, 1066176, 2192
1610, 5, 150, 259, 134, 0, 3.34%, 95, 0, 7, 579.11, 1069062, 2192
1615, 5, 43, 259, 133, 0, 3.34%, 95, 0, 7, 449.07, 1071073, 2192
1620, 5, 68, 259, 133, 0, 3.34%, 95, 0, 7, 570.36, 1074082, 2192
1625, 5, 189, 259, 133, 0, 3.34%, 95, 0, 7, 512.30, 1076766, 2192
1630, 5, 245, 259, 133, 0, 3.34%, 95, 0, 7, 266.09, 1077838, 2192
1635, 5, 152, 259, 133, 0, 3.34%, 95, 0, 7, 95.74, 1080027, 2192
1640, 5, 77, 259, 133, 0, 3.34%, 95, 0, 7, 705.88, 1083314, 2192
1646, 5, 98, 259, 133, 0, 3.34%, 95, 0, 7, 1157.87, 1085833, 2192
1651, 5, 68, 259, 133, 0, 3.34%, 95, 0, 7, 845.56, 1088767, 2192
1656, 5, 8, 259, 133, 0, 3.34%, 95, 0, 7, 811.51, 1091570, 2192
1661, 5, 89, 259, 133, 0, 3.34%, 95, 0, 7, 629.96, 1094551, 2192
1666, 5, 213, 259, 133, 0, 3.34%, 95, 0, 7, 288.76, 1095846, 2192
1671, 5, 107, 259, 133, 0, 3.34%, 95, 0, 7, 510.79, 1099107, 2192
1676, 5, 11, 259, 133, 0, 3.34%, 95, 0, 7, 541.71, 1102331, 2192
1681, 5, 68, 259, 133, 0, 3.34%, 95, 0, 7, 352.11, 1104828, 2192
1687, 5, 56, 259, 133, 0, 3.34%, 95, 0, 7, 106.76, 1106887, 2192
1692, 5, 8, 259, 133, 0, 3.34%, 95, 0, 7, 734.25, 1110410, 2192
1698, 5, 181, 260, 134, 0, 3.34%, 95, 0, 7, 21.25, 1112480, 2192
1703, 5, 77, 260, 134, 0, 3.34%, 95, 0, 7, 745.20, 1115350, 2192
1708, 5, 134, 260, 134, 0, 3.34%, 95, 0, 7, 541.15, 1117808, 2192
1713, 5, 43, 260, 134, 0, 3.34%, 95, 0, 7, 229.76, 1120535, 2192
1718, 5, 189, 260, 134, 0, 3.34%, 95, 0, 7, 452.69, 1123146, 2192
1723, 5, 80, 260, 134, 0, 3.34%, 95, 0, 7, 515.17, 1125139, 2192
1728, 5, 194, 260, 134, 0, 3.34%, 95, 0, 7, 572.27, 1127378, 2192
1734, 5, 13, 260, 134, 0, 3.34%, 95, 0, 7, 516.79, 1129426, 2192
1739, 5, 13, 260, 134, 0, 3.34%, 95, 0, 7, 141.34, 1130741, 2192
1744, 5, 174, 260, 134, 0, 3.34%, 95, 0, 7, 247.42, 1132330, 2192
1749, 5, 25, 260, 134, 0, 3.34%, 95, 0, 7, 315.03, 1133981, 2192
1754, 5, 76, 260, 133, 0, 3.34%, 95, 0, 7, 406.53, 1136224, 2192
1759, 5, 112, 260, 133, 0, 3.34%, 95, 0, 7, 377.78, 1138133, 2192
1766, 5, 99, 260, 133, 0, 3.34%, 95, 0, 7, 14.94, 1140351, 2192
1771, 5, 43, 260, 132, 0, 3.34%, 96, 0, 7, 272.56, 1141995, 2192
1776, 5, 82, 260, 132, 0, 3.34%, 96, 0, 7, 298.10, 1143699, 2192
1781, 5, 237, 260, 132, 0, 3.34%, 96, 0, 7, 181.75, 1145347, 2192
1786, 5, 11, 260, 131, 0, 3.34%, 96, 0, 7, 209.81, 1147666, 2192
1791, 5, 57, 260, 131, 0, 3.34%, 96, 0, 7, 321.28, 1149356, 2192
1796, 5, 0, 260, 131, 0, 3.34%, 96, 0, 7, 450.22, 1151655, 2192
1801, 5, 0, 260, 131, 0, 3.34%, 96, 0, 7, 323.41, 1152658, 2192
1806, 5, 64, 260, 131, 0, 3.34%, 96, 0, 7, 457.91, 1155205, 2192
1812, 5, 120, 260, 131, 0, 3.34%, 96, 0, 7, 482.90, 1157738, 2192
1817, 5, 11, 260, 131, 0, 3.34%, 96, 0, 7, 753.20, 1160329, 2192
1822, 5, 92, 260, 131, 0, 3.34%, 96, 0, 7, 604.87, 1163041, 2192
1827, 5, 135, 260, 131, 0, 3.34%, 96, 0, 7, 113.55, 1164833, 2192
1832, 5, 155, 260, 131, 0, 3.34%, 96, 0, 7, 139.14, 1166184, 2192
1837, 5, 87, 260, 131, 0, 3.34%, 96, 0, 7, 422.79, 1167840, 2192
1842, 5, 220, 261, 132, 0, 3.34%, 96, 0, 7, 562.35, 1171061, 2192
1848, 5, 9, 261, 132, 0, 3.34%, 96, 0, 7, 613.98, 1174377, 2192
1853, 5, 11, 261, 132, 0, 3.34%, 96, 0, 7, 503.31, 1176835, 2192
1858, 5, 61, 261, 132, 0, 3.34%, 96, 0, 7, 79.56, 1179031, 2192
1863, 5, 54, 261, 132, 0, 3.34%, 96, 0, 7, 1067.32, 1181011, 2192
1868, 5, 99, 261, 132, 0, 3.34%, 96, 0, 7, 35.10, 1182817, 2192
1873, 5, 80, 261, 132, 0, 3.34%, 96, 0, 7, 641.48, 1186124, 2192
1878, 5, 61, 261, 130, 0, 3.34%, 96, 0, 7, 667.46, 1189709, 2192
1884, 5, 9, 261, 130, 0, 3.34%, 96, 0, 7, 754.98, 1193050, 2192
1889, 5, 90, 261, 130, 0, 3.34%, 96, 0, 7, 679.13, 1196312, 2192
1894, 5, 42, 261, 130, 0, 3.34%, 96, 0, 7, 716.57, 1199388, 2192
1899, 5, 43, 261, 130, 0, 3.34%, 96, 0, 7, 671.83, 1202032, 2192
1904, 5, 68, 261, 130, 0, 3.34%, 96, 0, 7, 460.08, 1203890, 2192
1909, 5, 68, 261, 129, 0, 3.34%, 96, 0, 7, 490.30, 1206756, 2192
1914, 5, 134, 261, 129, 0, 3.34%, 96, 0, 7, 614.82, 1210084, 2192
1919, 5, 134, 261, 129, 0, 3.34%, 97, 0, 7, 120.30, 1212647, 2192
1924, 5, 131, 261, 129, 0, 3.34%, 97, 0, 7, 643.40, 1215469, 2192
1929, 5, 74, 261, 129, 0, 3.34%, 97, 0, 7, 675.71, 1219085, 2192
1936, 5, 245, 261, 129, 0, 3.34%, 97, 0, 7, 31.19, 1220181, 2192
1941, 5, 90, 261, 129, 0, 3.34%, 97, 0, 7, 582.61, 1223034, 2192
1946, 5, 79, 261, 129, 0, 3.34%, 97, 0, 7, 549.34, 1225923, 2192
1952, 5, 8, 261, 129, 0, 3.34%, 97, 0, 7, 619.28, 1229201, 2192
1957, 5, 44, 261, 129, 0, 3.34%, 97, 0, 7, 609.27, 1232313, 2192
1962, 5, 194, 261, 129, 0, 3.34%, 97, 0, 7, 454.00, 1234591, 2192
1967, 5, 0, 261, 129, 0, 3.34%, 97, 0, 7, 802.04, 1237906, 2192
1972, 5, 189, 261, 129, 0, 3.34%, 97, 0, 7, 768.41, 1239542, 2192
1977, 5, 87, 261, 129, 0, 3.34%, 97, 0, 7, 490.71, 1241592, 2192
1982, 5, 189, 261, 129, 0, 3.34%, 97, 0, 7, 667.67, 1245126, 2192
1987, 5, 109, 261, 129, 0, 3.34%, 97, 0, 7, 800.72, 1248165, 2192
1993, 5, 80, 261, 129, 0, 3.34%, 97, 0, 7, 656.78, 1251325, 2192
1998, 5, 80, 261, 129, 0, 3.34%, 97, 0, 7, 615.96, 1254344, 2192
2004, 5, 79, 261, 128, 0, 3.34%, 97, 0, 7, 69.38, 1257067, 2192
2009, 5, 89, 261, 128, 0, 3.34%, 97, 0, 7, 123.50, 1259440, 2192
2014, 5, 103, 261, 128, 0, 3.34%, 97, 0, 7, 627.61, 1261851, 2192
2019, 5, 11, 261, 128, 0, 3.34%, 97, 0, 7, 555.62, 1264593, 2192
2024, 5, 80, 261, 128, 0, 3.34%, 97, 0, 7, 623.78, 1267780, 2192
2030, 5, 87, 261, 128, 0, 3.34%, 97, 0, 7, 780.81, 1270552, 2192
2035, 5, 67, 261, 128, 0, 3.34%, 97, 0, 7, 612.69, 1273360, 2192
2040, 5, 77, 261, 128, 0, 3.34%, 97, 0, 7, 546.82, 1275173, 2192
2045, 6, 131, 262, 129, 0, 3.35%, 97, 0, 7, 450.89, 1277611, 2196
2050, 6, 102, 262, 128, 0, 3.35%, 97, 0, 7, 77.67, 1279837, 2196
2055, 6, 56, 262, 128, 0, 3.35%, 97, 0, 7, 471.53, 1282361, 2196
2060, 6, 11, 262, 128, 0, 3.35%, 97, 0, 7, 536.77, 1285613, 2196
2066, 6, 60, 262, 128, 0, 3.35%, 97, 0, 7, 321.12, 1288763, 2196
2072, 6, 194, 262, 128, 0, 3.35%, 97, 0, 7, 6.04, 1291567, 2196
2077, 6, 9, 262, 128, 0, 3.35%, 97, 0, 7, 538.14, 1293952, 2196
2082, 6, 80, 263, 129, 0, 3.35%, 97, 0, 7, 614.16, 1296813, 2196
2087, 6, 101, 264, 130, 0, 3.35%, 97, 0, 7, 594.86, 1299696, 2196
2092, 6, 92, 264, 130, 0, 3.35%, 97, 0, 7, 631.45, 1302364, 2196
2097, 6, 68, 264, 130, 0, 3.35%, 97, 0, 7, 273.27, 1304710, 2196
2102, 6, 68, 264, 130, 0, 3.35%, 97, 0, 7, 572.96, 1307909, 2196
2108, 6, 120, 264, 130, 0, 3.35%, 97, 0, 7, 553.60, 1309949, 2196
2113, 6, 128, 265, 130, 0, 3.35%, 97, 0, 7, 665.12, 1313123, 2196
2118, 6, 101, 265, 130, 0, 3.35%, 97, 0, 7, 647.08, 1315825, 2196
2123, 6, 126, 265, 130, 0, 3.35%, 97, 0, 7, 516.35, 1318290, 2196
2128, 6, 135, 265, 130, 0, 3.35%, 97, 0, 7, 555.27, 1321207, 2196
2133, 6, 11, 265, 130, 0, 3.35%, 97, 0, 7, 526.09, 1323588, 2196
2138, 6, 101, 265, 130, 0, 3.35%, 97, 0, 7, 618.90, 1326989, 2196
2143, 6, 44, 265, 130, 0, 3.35%, 97, 0, 7, 388.79, 1328213, 2196
2149, 6, 161, 265, 130, 0, 3.35%, 97, 0, 7, 417.93, 1330170, 2196
2154, 6, 89, 265, 130, 0, 3.35%, 97, 0, 7, 424.33, 1332416, 2196
2159, 6, 101, 265, 130, 0, 3.35%, 97, 0, 7, 1000.63, 1334516, 2196
2164, 6, 155, 265, 130, 0, 3.35%, 97, 0, 7, 147.23, 1336954, 2196
2169, 6, 85, 265, 130, 0, 3.35%, 97, 0, 7, 950.35, 1340508, 2196
2174, 6, 134, 265, 130, 0, 3.35%, 97, 0, 7, 37.08, 1342792, 2196
2179, 6, 131, 265, 130, 0, 3.35%, 97, 0, 7, 495.27, 1345108, 2196
2184, 6, 56, 265, 130, 0, 3.35%, 97, 0, 7, 403.56, 1346856, 2196
2190, 6, 44, 265, 130, 0, 3.35%, 97, 0, 7, 786.07, 1348784, 2196
2195, 6, 76, 265, 130, 0, 3.35%, 97, 0, 7, 336.56, 1352535, 2196
2200, 6, 97, 265, 130, 0, 3.35%, 97, 0, 7, 561.54, 1355656, 2196
2205, 6, 87, 265, 130, 0, 3.35%, 97, 0, 7, 559.73, 1358571, 2196
2210, 6, 60, 265, 130, 0, 3.35%, 97, 0, 7, 1280.53, 1360552, 2196
2215, 6, 76, 265, 130, 0, 3.35%, 97, 0, 7, 929.85, 1363814, 2196
2220, 6, 45, 265, 130, 0, 3.35%, 97, 0, 7, 147.12, 1367061, 2196
2226, 6, 0, 265, 130, 0, 3.35%, 97, 0, 7, 781.73, 1370789, 2196
2231, 6, 9, 265, 130, 0, 3.35%, 97, 0, 7, 624.94, 1373824, 2196
2236, 6, 131, 265, 130, 0, 3.35%, 97, 0, 7, 456.71, 1375927, 2196
2242, 6, 37, 265, 129, 0, 3.35%, 97, 0, 7, 34.86, 1378547, 2196
2248, 6, 85, 265, 128, 0, 3.35%, 97, 0, 7, 710.03, 1381868, 2196
2253, 6, 110, 265, 128, 0, 3.35%, 97, 0, 7, 745.48, 1385618, 2196
2258, 6, 11, 265, 128, 0, 3.35%, 97, 0, 7, 604.92, 1388401, 2196
2263, 6, 11, 265, 128, 0, 3.35%, 97, 0, 7, 625.43, 1391040, 2196
2268, 6, 64, 265, 128, 0, 3.35%, 97, 0, 7, 69.71, 1393349, 2196
2273, 6, 64, 265, 128, 0, 3.35%, 97, 0, 7, 308.88, 1395648, 2196
2278, 6, 107, 265, 128, 0, 3.35%, 97, 0, 7, 372.59, 1397089, 2196
2283, 6, 90, 265, 128, 0, 3.35%, 97, 0, 7, 736.06, 1400224, 2196
2288, 6, 8, 265, 128, 0, 3.35%, 97, 0, 7, 443.23, 1403011, 2196
2293, 6, 50, 265, 128, 0, 3.35%, 97, 0, 7, 574.96, 1406055, 2196
2298, 6, 68, 265, 128, 0, 3.35%, 97, 0, 7, 476.70, 1408751, 2196
2303, 6, 45, 265, 128, 0, 3.35%, 97, 0, 7, 616.59, 1411784, 2196
2310, 6, 0, 265, 128, 0, 3.35%, 97, 0, 7, 90.37, 1414914, 2196
2315, 6, 11, 265, 128, 0, 3.35%, 97, 0, 7, 512.78, 1418060, 2196
2320, 6, 11, 265, 128, 0, 3.35%, 97, 0, 7, 547.14, 1419865, 2196
2326, 6, 11, 265, 128, 0, 3.35%, 97, 0, 7, 1390.00, 1422780, 2196
2331, 6, 101, 265, 128, 0, 3.35%, 97, 0, 7, 744.15, 1425710, 2196
2336, 6, 71, 265, 128, 0, 3.35%, 97, 0, 7, 772.14, 1430037, 2196
2341, 6, 0, 265, 128, 0, 3.35%, 97, 0, 7, 654.21, 1432929, 2196
2346, 6, 79, 265, 128, 0, 3.35%, 97, 0, 7, 309.25, 1434435, 2196
2351, 6, 234, 265, 128, 0, 3.35%, 97, 0, 7, 528.91, 1437648, 2196
2356, 6, 79, 265, 128, 0, 3.35%, 97, 0, 7, 506.95, 1440442, 2196
2361, 6, 92, 265, 128, 0, 3.35%, 97, 0, 7, 721.04, 1443817, 2196
2366, 6, 122, 265, 128, 0, 3.35%, 97, 0, 7, 258.16, 1446174, 2196
2372, 6, 110, 265, 128, 0, 3.35%, 97, 0, 7, 448.69, 1448904, 2196
2378, 6, 112, 265, 128, 0, 3.35%, 97, 0, 7, 22.54, 1450894, 2196
2384, 6, 18, 265, 128, 0, 3.35%, 98, 0, 7, 795.79, 1454641, 2196
2389, 6, 76, 265, 128, 0, 3.35%, 98, 0, 7, 678.47, 1457720, 2196
2394, 6, 13, 265, 128, 0, 3.35%, 98, 0, 7, 976.66, 1459902, 2196
2399, 6, 0, 265, 128, 0, 3.35%, 98, 0, 7, 129.39, 1462513, 2196
2404, 6, 133, 266, 129, 0, 3.35%, 98, 0, 7, 631.68, 1465277, 2196
2409, 6, 56, 266, 129, 0, 3.35%, 98, 0, 7, 561.17, 1467919, 2196
2414, 6, 87, 266, 129, 0, 3.35%, 98, 0, 7, 578.15, 1469706, 2196
2419, 6, 93, 266, 129, 0, 3.35%, 98, 0, 7, 614.92, 1472640, 2196
2424, 6, 174, 266, 129, 0, 3.35%, 98, 0, 7, 407.09, 1474598, 2196
2430, 6, 117, 266, 129, 0, 3.35%, 98, 0, 7, 695.52, 1478498, 2196
2435, 6, 41, 266, 128, 0, 3.35%, 98, 0, 7, 192.78, 1481546, 2196
2440, 6, 43, 266, 128, 0, 3.35%, 98, 0, 7, 502.76, 1484194, 2196
2446, 6, 50, 266, 128, 0, 3.35%, 98, 0, 7, 65.45, 1487137, 2196
2451, 6, 90, 266, 128, 0, 3.35%, 98, 0, 7, 822.19, 1491027, 2196
2457, 6, 111, 266, 128, 0, 3.35%, 98, 0, 7, 623.17, 1493911, 2196
2462, 7, 82, 266, 128, 0, 3.35%, 98, 0, 7, 544.44, 1496740, 2196
2467, 7, 189, 266, 128, 0, 3.35%, 98, 0, 7, 640.32, 1499727, 2196
2472, 7, 71, 266, 128, 0, 3.35%, 98, 0, 7, 493.77, 1502112, 2196
2477, 7, 127, 266, 128, 0, 3.35%, 98, 0, 7, 661.24, 1505874, 2196
2482, 7, 77, 266, 128, 0, 3.35%, 98, 0, 7, 634.47, 1507484, 2196
2487, 7, 120, 266, 128, 0, 3.35%, 98, 0, 7, 654.26, 1510793, 2196
2492, 7, 112, 266, 128, 0, 3.35%, 98, 0, 7, 727.50, 1514267, 2196
2497, 7, 93, 266, 128, 0, 3.35%, 98, 0, 7, 621.83, 1516228, 2196
2503, 7, 135, 266, 128, 0, 3.35%, 98, 0, 7, 186.38, 1519571, 2196
2508, 7, 189, 266, 128, 0, 3.35%, 98, 0, 7, 523.48, 1522333, 2196
2513, 7, 44, 266, 128, 0, 3.35%, 98, 0, 7, 1323.53, 1525142, 2196
2518, 7, 76, 266, 128, 0, 3.35%, 98, 0, 7, 724.62, 1527052, 2196
2523, 7, 135, 266, 128, 0, 3.35%, 98, 0, 7, 683.36, 1530477, 2196
2528, 7, 144, 266, 128, 0, 3.35%, 98, 0, 7, 634.06, 1533453, 2196
2533, 7, 44, 267, 129, 0, 3.35%, 98, 0, 7, 665.27, 1536666, 2196
2538, 7, 79, 267, 129, 0, 3.35%, 98, 0, 7, 772.16, 1539884, 2196
2543, 7, 18, 267, 129, 0, 3.35%, 98, 0, 7, 470.29, 1541765, 2196
2548, 7, 189, 267, 129, 0, 3.35%, 98, 0, 7, 29.35, 1543747, 2196
2553, 7, 8, 267, 129, 0, 3.35%, 98, 0, 7, 551.73, 1546554, 2196
2559, 7, 68, 267, 129, 0, 3.35%, 98, 0, 7, 599.16, 1548859, 2196
2564, 7, 56, 267, 129, 0, 3.35%, 98, 0, 7, 94.36, 1551165, 2196
2569, 7, 3, 267, 129, 0, 3.35%, 98, 0, 7, 404.23, 1553526, 2196
2574, 7, 101, 267, 128, 0, 3.35%, 98, 0, 7, 736.68, 1556075, 2196
2579, 7, 11, 267, 127, 0, 3.35%, 99, 0, 7, 613.43, 1558925, 2196
2584, 7, 11, 267, 127, 0, 3.35%, 99, 0, 7, 56.39, 1560601, 2196
2589, 7, 161, 267, 127, 0, 3.35%, 99, 0, 7, 527.19, 1563147, 2196
2594, 7, 161, 267, 127, 0, 3.35%, 99, 0, 7, 449.78, 1565231, 2196
2599, 7, 120, 267, 127, 0, 3.35%, 99, 0, 7, 564.38, 1568435, 2196
2605, 7, 138, 267, 127, 0, 3.35%, 99, 0, 7, 434.02, 1571030, 2196
2610, 7, 43, 267, 127, 0, 3.35%, 99, 0, 7, 363.11, 1573907, 2196
2615, 7, 79, 267, 127, 0, 3.35%, 99, 0, 7, 513.99, 1576483, 2196
2620, 7, 209, 267, 127, 0, 3.35%, 99, 0, 7, 559.15, 1579641, 2196
2625, 7, 23, 267, 127, 0, 3.35%, 99, 0, 7, 550.83, 1582235, 2196
2630, 7, 126, 267, 127, 0, 3.35%, 99, 0, 7, 662.23, 1585569, 2196
2635, 7, 87, 267, 127, 0, 3.35%, 99, 0, 7, 679.85, 1587508, 2196
2640, 7, 13, 267, 127, 0, 3.35%, 99, 0, 7, 618.43, 1590399, 2196
2645, 7, 101, 267, 127, 0, 3.35%, 99, 0, 7, 831.01, 1593066, 2196
2650, 7, 9, 267, 127, 0, 3.35%, 99, 0, 7, 742.62, 1596458, 2196
2655, 7, 71, 267, 127, 0, 3.35%, 99, 0, 7, 835.83, 1599598, 2196
2660, 7, 43, 267, 127, 0, 3.35%, 99, 0, 7, 485.69, 1602510, 2196
2666, 7, 133, 267, 127, 0, 3.35%, 99, 0, 7, 464.12, 1604668, 2196
2671, 7, 11, 267, 127, 0, 3.35%, 99, 0, 7, 564.14, 1607702, 2196
2677, 7, 76, 267, 127, 0, 3.35%, 99, 0, 7, 551.07, 1609849, 2196
2682, 7, 76, 267, 126, 0, 3.35%, 99, 0, 7, 549.72, 1612591, 2196
2687, 7, 27, 267, 126, 0, 3.35%, 99, 0, 7, 149.69, 1615335, 2196
2692, 7, 155, 267, 126, 0, 3.35%, 99, 0, 7, 529.27, 1617577, 2196
2697, 7, 82, 267, 126, 0, 3.35%, 99, 0, 7, 548.48, 1620430, 2196
2702, 7, 194, 267, 126, 0, 3.35%, 99, 0, 7, 955.71, 1622577, 2196
2707, 7, 261, 267, 126, 0, 3.35%, 99, 0, 7, 636.70, 1625505, 2196
2712, 7, 79, 267, 126, 0, 3.35%, 99, 0, 7, 598.29, 1628528, 2196
2718, 7, 11, 267, 126, 0, 3.35%, 99, 0, 7, 550.00, 1631373, 2196
2723, 7, 43, 267, 126, 0, 3.35%, 99, 0, 7, 232.92, 1633682, 2196
2728, 7, 127, 267, 126, 0, 3.35%, 99, 0, 7, 737.24, 1636942, 2196
2734, 7, 76, 267, 126, 0, 3.35%, 99, 0, 7, 3.77, 1639440, 2196
2740, 7, 79, 267, 126, 0, 3.35%, 99, 0, 7, 420.01, 1641737, 2196
2745, 7, 50, 267, 126, 0, 3.35%, 99, 0, 7, 496.38, 1644248, 2196
2750, 7, 68, 267, 126, 0, 3.35%, 99, 0, 7, 578.61, 1647417, 2196
2755, 7, 56, 267, 126, 0, 3.35%, 99, 0, 7, 113.59, 1649046, 2196
2760, 7, 43, 267, 126, 0, 3.35%, 99, 0, 7, 498.42, 1652616, 2196
2765, 7, 79, 267, 126, 0, 3.35%, 99, 0, 7, 100.96, 1654785, 2196
2770, 7, 152, 267, 126, 0, 3.35%, 99, 0, 7, 976.48, 1656005, 2196
2775, 7, 1, 267, 126, 0, 3.35%, 99, 0, 7, 1049.07, 1659473, 2196
2780, 7, 194, 267, 126, 0, 3.35%, 99, 0, 7, 637.88, 1662224, 2196
2786, 7, 194, 267, 125, 0, 3.35%, 100, 0, 7, 647.18, 1665427, 2196
2791, 7, 42, 268, 126, 0, 3.35%, 100, 0, 7, 407.64, 1667927, 2196
2796, 7, 0, 268, 126, 0, 3.35%, 100, 0, 7, 448.37, 1670232, 2196
2802, 7, 220, 268, 126, 0, 3.35%, 100, 0, 7, 23.86, 1672708, 2196
2807, 7, 68, 268, 126, 0, 3.35%, 100, 0, 7, 708.54, 1675985, 2196
2813, 7, 229, 268, 126, 0, 3.35%, 100, 0, 7, 681.83, 1679312, 2196
2818, 7, 50, 268, 125, 0, 3.35%, 100, 0, 7, 497.69, 1681980, 2196
2823, 7, 93, 268, 125, 0, 3.35%, 100, 0, 7, 365.84, 1684890, 2196
2828, 7, 1, 268, 125, 0, 3.35%, 100, 0, 7, 98.71, 1687117, 2196
2833, 7, 11, 269, 126, 0, 3.35%, 100, 0, 7, 709.03, 1690843, 2196
2838, 7, 11, 269, 126, 0, 3.35%, 100, 0, 7, 316.00, 1693210, 2196
2843, 7, 44, 269, 126, 0, 3.35%, 100, 0, 7, 104.49, 1696355, 2196
2848, 7, 68, 269, 126, 0, 3.35%, 100, 0, 7, 100.37, 1699850, 2196
2853, 7, 76, 269, 126, 0, 3.35%, 100, 0, 7, 585.94, 1701479, 2196
2859, 7, 11, 269, 126, 0, 3.35%, 100, 0, 7, 805.63, 1704076, 2196
2864, 7, 50, 269, 126, 0, 3.35%, 100, 0, 7, 685.25, 1706954, 2196
2870, 8, 9, 269, 126, 0, 3.35%, 100, 0, 7, 51.09, 1710324, 2196
2876, 8, 98, 269, 126, 0, 3.35%, 100, 0, 7, 523.04, 1713053, 2196
2881, 8, 127, 270, 127, 0, 3.35%, 100, 0, 7, 635.83, 1716162, 2196
2886, 8, 189, 270, 127, 0, 3.35%, 100, 0, 7, 723.76, 1719874, 2196
2891, 8, 9, 270, 127, 0, 3.35%, 100, 0, 7, 77.27, 1722751, 2196
2896, 8, 77, 270, 127, 0, 3.35%, 100, 0, 7, 639.16, 1726157, 2196
2901, 8, 68, 270, 127, 0, 3.35%, 100, 0, 7, 871.86, 1727775, 2196
2906, 8, 8, 270, 127, 0, 3.35%, 100, 0, 7, 591.39, 1729847, 2196
2911, 8, 99, 270, 127, 0, 3.35%, 100, 0, 7, 484.70, 1732386, 2196
2916, 8, 80, 270, 127, 0, 3.35%, 100, 0, 7, 685.66, 1735544, 2196
2921, 8, 0, 270, 127, 0, 3.35%, 100, 0, 7, 598.48, 1738215, 2196
2926, 8, 112, 270, 127, 0, 3.35%, 100, 0, 7, 368.59, 1740207, 2196
2932, 8, 64, 270, 127, 0, 3.35%, 100, 0, 7, 397.09, 1742118, 2196
2937, 8, 13, 270, 127, 0, 3.35%, 100, 0, 7, 496.09, 1744703, 2196
2942, 8, 13, 270, 127, 0, 3.35%, 100, 0, 7, 225.58, 1746182, 2196
2947, 8, 43, 270, 127, 0, 3.35%, 100, 0, 7, 478.04, 1748834, 2196
2952, 8, 11, 270, 127, 0, 3.35%, 100, 0, 7, 631.01, 1752320, 2196
2957, 8, 1, 270, 127, 0, 3.35%, 100, 0, 7, 740.56, 1756102, 2196
2962, 8, 161, 270, 127, 0, 3.35%, 100, 0, 7, 483.85, 1758335, 2196
2968, 8, 79, 270, 127, 0, 3.35%, 100, 0, 7, 539.06, 1761162, 2196
2973, 8, 221, 270, 127, 0, 3.35%, 100, 0, 7, 7.04, 1764428, 2196
2978, 8, 29, 270, 127, 0, 3.35%, 100, 0, 7, 653.43, 1767612, 2196
2984, 8, 0, 270, 127, 0, 3.35%, 100, 0, 7, 859.70, 1771406, 2196
2989, 8, 189, 270, 127, 0, 3.35%, 100, 0, 7, 89.11, 1773159, 2196
2994, 8, 87, 270, 127, 0, 3.35%, 100, 0, 7, 57.93, 1775460, 2196
2999, 8, 80, 270, 127, 0, 3.35%, 100, 0, 7, 481.17, 1777855, 2196
3004, 8, 42, 270, 127, 0, 3.35%, 100, 0, 7, 541.05, 1780510, 2196
3009, 8, 11, 270, 127, 0, 3.35%, 100, 0, 7, 582.23, 1783032, 2196
3014, 8, 50, 270, 127, 0, 3.35%, 100, 0, 7, 870.32, 1785099, 2196
3019, 8, 89, 270, 127, 0, 3.35%, 100, 0, 7, 672.29, 1788191, 2196
3024, 8, 13, 270, 127, 0, 3.35%, 100, 0, 7, 566.92, 1790965, 2196
3030, 8, 97, 270, 127, 0, 3.35%, 100, 0, 7, 476.89, 1793194, 2196
3035, 8, 80, 270, 127, 0, 3.35%, 100, 0, 7, 603.03, 1795440, 2196
3040, 8, 122, 270, 127, 0, 3.35%, 100, 0, 7, 523.09, 1797987, 2196
3045, 8, 152, 270, 127, 0, 3.35%, 100, 0, 7, 620.46, 1800228, 2196
3050, 8, 134, 270, 127, 0, 3.35%, 100, 0, 7, 602.80, 1802334, 2196
3055, 8, 18, 270, 127, 0, 3.35%, 100, 0, 7, 528.24, 1804826, 2196
3060, 8, 93, 270, 127, 0, 3.35%, 100, 0, 7, 562.01, 1807522, 2196
3065, 8, 101, 270, 127, 0, 3.35%, 100, 0, 7, 656.93, 1810451, 2196
3070, 8, 97, 270, 127, 0, 3.35%, 100, 0, 7, 546.12, 1813185, 2196
3076, 8, 152, 270, 127, 0, 3.35%, 100, 0, 7, 45.05, 1814857, 2196
3081, 8, 71, 270, 127, 0, 3.35%, 100, 0, 7, 558.33, 1817377, 2196
3086, 8, 74, 270, 127, 0, 3.35%, 100, 0, 7, 369.18, 1819193, 2196
3091, 8, 8, 270, 127, 0, 3.35%, 100, 0, 7, 366.38, 1821159, 2196
3096, 8, 18, 270, 127, 0, 3.35%, 100, 0, 7, 903.93, 1823512, 2196
3101, 8, 11, 270, 127, 0, 3.35%, 100, 0, 7, 766.78, 1827202, 2196
3106, 8, 189, 270, 127, 0, 3.35%, 100, 0, 7, 733.63, 1829180, 2196
3111, 8, 79, 270, 127, 0, 3.35%, 100, 0, 7, 591.77, 1830567, 2196
3117, 8, 79, 270, 127, 0, 3.35%, 100, 0, 7, 608.12, 1833667, 2196
3122, 8, 18, 270, 127, 0, 3.35%, 100, 0, 7, 50.05, 1836310, 2196
3127, 8, 27, 270, 127, 0, 3.35%, 100, 0, 7, 392.39, 1838264, 2196
3132, 8, 57, 270, 127, 0, 3.35%, 100, 0, 7, 583.43, 1841421, 2196
3137, 8, 127, 270, 127, 0, 3.35%, 100, 0, 7, 91.42, 1844156, 2196
3142, 8, 89, 270, 127, 0, 3.35%, 100, 0, 7, 141.75, 1847213, 2196
3147, 8, 87, 270, 127, 0, 3.35%, 100, 0, 7, 662.51, 1848862, 2196
3152, 8, 87, 270, 127, 0, 3.35%, 100, 0, 7, 571.47, 1851617, 2196
3158, 8, 43, 270, 127, 0, 3.35%, 100, 0, 7, 606.35, 1853487, 2196
3163, 8, 143, 270, 127, 0, 3.35%, 100, 0, 7, 647.74, 1856892, 2196
3168, 8, 135, 270, 127, 0, 3.35%, 100, 0, 7, 70.29, 1859868, 2196
3173, 8, 194, 270, 127, 0, 3.35%, 100, 0, 7, 530.20, 1862149, 2196
3178, 8, 194, 270, 127, 0, 3.35%, 100, 0, 7, 97.42, 1863928, 2196
3183, 8, 11, 270, 127, 0, 3.35%, 100, 0, 7, 872.84, 1868210, 2196
3188, 8, 57, 270, 127, 0, 3.35%, 100, 0, 7, 332.54, 1870335, 2196
3194, 8, 56, 270, 127, 0, 3.35%, 100, 0, 7, 53.00, 1872717, 2196
3199, 8, 80, 270, 127, 0, 3.35%, 100, 0, 7, 754.92, 1875669, 2196
3204, 8, 57, 270, 127, 0, 3.35%, 100, 0, 7, 419.67, 1878058, 2196
3209, 8, 93, 270, 127, 0, 3.35%, 100, 0, 7, 137.69, 1880669, 2196
3214, 8, 194, 270, 127, 0, 3.35%, 100, 0, 7, 318.46, 1882079, 2196
3219, 8, 92, 270, 127, 0, 3.35%, 100, 0, 7, 439.81, 1884147, 2196
3224, 8, 181, 270, 127, 0, 3.35%, 100, 0, 7, 483.63, 1886040, 2196
3229, 8, 68, 270, 127, 0, 3.35%, 100, 0, 7, 57.14, 1888510, 2196
3234, 8, 11, 270, 127, 0, 3.35%, 100, 0, 7, 591.26, 1890937, 2196
3240, 8, 134, 270, 127, 0, 3.35%, 100, 0, 7, 493.02, 1893559, 2196
3245, 8, 99, 271, 128, 0, 3.35%, 100, 0, 7, 472.33, 1896349, 2196
3250, 8, 0, 271, 128, 0, 3.35%, 100, 0, 7, 149.83, 1898561, 2196
3255, 8, 134, 271, 128, 0, 3.35%, 100, 0, 7, 212.62, 1901557, 2196
3260, 8, 103, 271, 128, 0, 3.35%, 100, 0, 7, 515.81, 1904009, 2196
3265, 8, 189, 271, 128, 0, 3.35%, 100, 0, 7, 549.99, 1906802, 2196
3270, 8, 101, 271, 128, 0, 3.35%, 100, 0, 7, 559.11, 1908704, 2196
3275, 8, 68, 271, 128, 0, 3.35%, 100, 0, 7, 542.30, 1911511, 2196
3281, 8, 11, 271, 128, 0, 3.35%, 100, 0, 7, 13.65, 1914225, 2196
3286, 8, 60, 271, 128, 0, 3.35%, 100, 0, 7, 464.00, 1916537, 2196
3291, 8, 0, 271, 128, 0, 3.35%, 100, 0, 7, 1006.43, 1920448, 2196
3296, 8, 220, 271, 128, 0, 3.35%, 100, 0, 7, 446.92, 1922864, 2196
3301, 8, 80, 271, 128, 0, 3.35%, 100, 0, 7, 554.51, 1925394, 2196
3306, 8, 189, 271, 128, 0, 3.35%, 100, 0, 7, 688.76, 1928990, 2196
3312, 8, 85, 271, 128, 0, 3.35%, 100, 0, 7, 602.90, 1931754, 2196
3317, 8, 79, 271, 128, 0, 3.35%, 100, 0, 7, 532.51, 1933379, 2196
3322, 8, 135, 271, 128, 0, 3.35%, 100, 0, 7, 463.58, 1935301, 2196
3327, 8, 91, 271, 128, 0, 3.35%, 100, 0, 7, 751.56, 1936819, 2196
3332, 8, 220, 271, 128, 0, 3.35%, 100, 0, 7, 540.31, 1939124, 2196
3337, 9, 181, 271, 128, 0, 3.35%, 100, 0, 7, 582.58, 1941756, 2196
3342, 9, 128, 271, 128, 0, 3.35%, 100, 0, 7, 630.74, 1944803, 2196
3347, 9, 89, 271, 128, 0, 3.35%, 100, 0, 7, 571.89, 1947756, 2196
3352, 9, 174, 271, 128, 0, 3.35%, 100, 0, 7, 484.26, 1949083, 2196
3357, 9, 79, 271, 128, 0, 3.35%, 100, 0, 7, 77.63, 1951113, 2196
3363, 9, 188, 271, 128, 0, 3.35%, 100, 0, 7, 766.50, 1954038, 2196
3368, 9, 55, 271, 128, 0, 3.35%, 100, 0, 7, 619.42, 1956560, 2196
3373, 9, 68, 272, 129, 0, 3.35%, 100, 0, 7, 657.35, 1959468, 2196
3378, 9, 9, 272, 129, 0, 3.35%, 100, 0, 7, 541.42, 1962333, 2196
3383, 9, 80, 272, 129, 0, 3.35%, 100, 0, 7, 28.45, 1963513, 2196
3388, 9, 194, 272, 129, 0, 3.35%, 100, 0, 7, 566.26, 1966415, 2196
3394, 9, 155, 272, 129, 0, 3.35%, 100, 0, 7, 595.77, 1969473, 2196
3399, 9, 133, 272, 129, 0, 3.35%, 100, 0, 7, 828.81, 1972326, 2196
3404, 9, 57, 272, 129, 0, 3.35%, 100, 0, 7, 687.28, 1975339, 2196
3409, 9, 87, 273, 129, 0, 3.35%, 100, 0, 7, 624.63, 1978441, 2196
3414, 9, 80, 273, 129, 0, 3.35%, 100, 0, 7, 582.92, 1981493, 2196
3419, 9, 76, 273, 129, 0, 3.35%, 100, 0, 7, 698.55, 1983559, 2196
3424, 9, 220, 274, 130, 0, 3.35%, 100, 0, 7, 807.07, 1986677, 2196
3429, 9, 79, 274, 130, 0, 3.35%, 100, 0, 7, 603.28, 1989570, 2196
3434, 9, 8, 274, 130, 0, 3.35%, 100, 0, 7, 564.79, 1992194, 2196
3439, 9, 87, 274, 130, 0, 3.35%, 100, 0, 7, 850.90, 1994384, 2196
3444, 9, 189, 276, 132, 0, 3.35%, 100, 0, 7, 809.60, 1998119, 2196
3450, 9, 68, 276, 132, 0, 3.35%, 100, 0, 7, 541.09, 2001218, 2196
3455, 9, 9, 276, 132, 0, 3.35%, 100, 0, 7, 399.10, 2002794, 2196
3460, 9, 57, 276, 132, 0, 3.35%, 100, 0, 7, 468.19, 2005202, 2196
3465, 9, 127, 276, 132, 0, 3.35%, 100, 0, 7, 644.34, 2008706, 2196
3470, 9, 111, 276, 132, 0, 3.35%, 100, 0, 7, 721.29, 2012367, 2196
3475, 9, 43, 276, 132, 0, 3.35%, 100, 0, 7, 766.93, 2015324, 2196
3480, 9, 76, 277, 133, 0, 3.35%, 100, 0, 7, 651.45, 2018542, 2196
3486, 9, 27, 277, 133, 0, 3.35%, 100, 0, 7, 24.60, 2020527, 2196
3491, 9, 181, 277, 133, 0, 3.35%, 100, 0, 7, 554.72, 2023325, 2196
3496, 9, 144, 277, 133, 0, 3.35%, 100, 0, 7, 556.93, 2026302, 2196
3501, 9, 135, 277, 133, 0, 3.35%, 100, 0, 7, 294.67, 2028398, 2196
3506, 9, 134, 277, 133, 0, 3.35%, 100, 0, 7, 516.91, 2031015, 2196
3511, 9, 276, 278, 134, 0, 3.35%, 100, 0, 7, 954.86, 2035135, 2196
3516, 9, 87, 278, 133, 0, 3.35%, 100, 0, 7, 1116.20, 2037128, 2196
3521, 9, 188, 278, 133, 0, 3.35%, 100, 0, 7, 501.58, 2038497, 2196
3526, 9, 43, 278, 133, 0, 3.35%, 100, 0, 7, 511.93, 2041025, 2196
3532, 9, 18, 279, 133, 0, 3.35%, 100, 0, 7, 549.76, 2043638, 2197
3537, 9, 189, 279, 133, 0, 3.35%, 100, 0, 7, 589.75, 2046483, 2197
3542, 9, 50, 279, 133, 0, 3.35%, 100, 0, 7, 509.88, 2049013, 2197
3547, 9, 1, 279, 133, 0, 3.35%, 100, 0, 7, 486.00, 2051576, 2197
3552, 9, 43, 279, 133, 0, 3.35%, 100, 0, 7, 637.83, 2055079, 2197
3557, 9, 194, 279, 133, 0, 3.35%, 100, 0, 7, 496.52, 2056637, 2197
3562, 9, 11, 279, 133, 0, 3.35%, 100, 0, 7, 559.05, 2059839, 2197
3567, 9, 68, 279, 133, 0, 3.35%, 100, 0, 7, 601.93, 2063032, 2197
3573, 9, 133, 279, 133, 0, 3.35%, 100, 0, 7, 656.62, 2066195, 2197
3578, 9, 58, 279, 133, 0, 3.35%, 100, 0, 7, 602.09, 2069239, 2197
3583, 9, 116, 279, 133, 0, 3.35%, 100, 0, 7, 570.58, 2072294, 2197
3588, 9, 89, 279, 133, 0, 3.35%, 100, 0, 7, 5.50, 2074258, 2197
3593, 9, 0, 279, 133, 0, 3.35%, 100, 0, 7, 915.42, 2077001, 2197
3598, 9, 68, 279, 133, 0, 3.35%, 100, 0, 7, 1089.28, 2079909, 2197
3603, 9, 127, 279, 133, 0, 3.35%, 100, 0, 7, 468.02, 2082361, 2197
3609, 9, 194, 279, 133, 0, 3.35%, 100, 0, 7, 423.03, 2084645, 2197
3614, 9, 68, 279, 133, 0, 3.35%, 100, 0, 7, 508.76, 2087190, 2197
3619, 9, 11, 279, 133, 0, 3.35%, 100, 0, 7, 558.13, 2090217, 2197
3624, 9, 79, 279, 133, 0, 3.35%, 100, 0, 7, 246.47, 2091398, 2197
3629, 9, 90, 279, 133, 0, 3.35%, 100, 0, 7, 415.29, 2093909, 2197
3634, 9, 18, 279, 133, 0, 3.35%, 100, 0, 7, 547.16, 2096722, 2197
3639, 9, 54, 279, 133, 0, 3.35%, 100, 0, 7, 1239.98, 2099537, 2197
3644, 9, 128, 280, 134, 0, 3.35%, 100, 0, 7, 397.75, 2101748, 2197
3650, 9, 87, 280, 133, 0, 3.35%, 100, 0, 7, 516.91, 2104547, 2197
3655, 9, 74, 280, 133, 0, 3.35%, 100, 0, 7, 188.93, 2105897, 2197
3660, 9, 131, 281, 134, 0, 3.36%, 100, 0, 7, 162.13, 2106530, 2204
3665, 9, 131, 281, 134, 0, 3.36%, 100, 0, 7, 269.70, 2108032, 2204
3670, 9, 9, 281, 133, 0, 3.36%, 100, 0, 7, 609.27, 2111232, 2204
3675, 9, 102, 281, 133, 0, 3.36%, 100, 0, 7, 610.96, 2114208, 2204
3680, 9, 280, 281, 133, 0, 3.36%, 100, 0, 7, 239.54, 2116300, 2204
3685, 9, 280, 281, 133, 0, 3.36%, 100, 0, 7, 432.12, 2118731, 2204
3691, 9, 280, 281, 133, 0, 3.36%, 101, 0, 7, 42.32, 2120944, 2204
3696, 9, 280, 281, 133, 0, 3.36%, 101, 0, 7, 360.34, 2122867, 2204
3701, 9, 280, 281, 133, 0, 3.36%, 101, 0, 7, 495.41, 2125218, 2204
3706, 9, 280, 281, 133, 0, 3.36%, 101, 0, 7, 225.26, 2126744, 2204
3712, 9, 280, 281, 133, 0, 3.36%, 101, 0, 7, 49.31, 2127239, 2204
3717, 9, 280, 281, 133, 0, 3.36%, 101, 0, 7, 50.23, 2127495, 2204
3722, 9, 280, 281, 133, 0, 3.36%, 101, 0, 7, 46.88, 2127738, 2204
3727, 9, 280, 281, 133, 0, 3.36%, 101, 0, 7, 104.46, 2128731, 2204
3732, 9, 280, 281, 133, 0, 3.36%, 101, 0, 7, 253.32, 2129928, 2204
3737, 9, 280, 281, 133, 0, 3.36%, 101, 0, 7, 294.15, 2131762, 2204
3742, 9, 280, 281, 133, 0, 3.36%, 101, 0, 7, 264.67, 2133333, 2204
3747, 9, 57, 281, 133, 0, 3.36%, 101, 0, 7, 241.94, 2134352, 2204
3752, 9, 80, 281, 133, 0, 3.36%, 101, 0, 7, 74.51, 2135688, 2204
3757, 9, 101, 281, 133, 0, 3.36%, 101, 0, 7, 242.52, 2137078, 2204
3763, 9, 220, 281, 133, 0, 3.36%, 101, 0, 7, 416.25, 2138400, 2204
3768, 9, 11, 281, 133, 0, 3.36%, 101, 0, 7, 896.67, 2140397, 2204
3773, 9, 11, 282, 134, 0, 3.36%, 101, 0, 7, 521.48, 2142094, 2204
3778, 9, 189, 282, 134, 0, 3.36%, 101, 0, 7, 69.41, 2143785, 2204
3783, 9, 133, 282, 134, 0, 3.36%, 101, 0, 7, 212.97, 2145126, 2204
3788, 9, 194, 282, 134, 0, 3.36%, 101, 0, 7, 301.27, 2146485, 2204
3794, 9, 74, 282, 134, 0, 3.36%, 101, 0, 7, 0.58, 2147313, 2204
3799, 9, 188, 282, 134, 0, 3.36%, 101, 0, 7, 156.54, 2148089, 2204
3804, 9, 42, 282, 133, 0, 3.36%, 101, 0, 7, 350.40, 2150049, 2204
3809, 9, 92, 282, 133, 0, 3.36%, 101, 0, 7, 104.27, 2151974, 2204
3814, 9, 56, 282, 133, 0, 3.36%, 101, 0, 7, 39.51, 2152994, 2204
3819, 9, 76, 282, 133, 0, 3.36%, 101, 0, 7, 650.21, 2153613, 2204
3824, 9, 115, 282, 133, 0, 3.36%, 101, 0, 7, 495.34, 2155823, 2204
3830, 9, 89, 282, 133, 0, 3.36%, 101, 0, 7, 464.90, 2157059, 2204
3835, 9, 194, 282, 133, 0, 3.36%, 101, 0, 7, 341.34, 2158656, 2204
3840, 9, 76, 282, 133, 0, 3.36%, 101, 0, 7, 302.46, 2160317, 2204
3845, 9, 94, 282, 133, 0, 3.36%, 101, 0, 7, 208.99, 2161677, 2204
3850, 9, 89, 282, 133, 0, 3.36%, 101, 0, 7, 360.73, 2163617, 2204
3855, 9, 42, 282, 133, 0, 3.36%, 101, 0, 7, 689.16, 2165809, 2204
3860, 9, 18, 282, 133, 0, 3.36%, 101, 0, 7, 453.10, 2168464, 2204
3865, 9, 71, 282, 133, 0, 3.36%, 101, 0, 7, 644.34, 2170236, 2204
3870, 9, 188, 282, 133, 0, 3.36%, 101, 0, 7, 622.10, 2173378, 2204
3875, 9, 74, 282, 133, 0, 3.36%, 101, 0, 7, 100.96, 2174573, 2204
3880, 9, 133, 282, 133, 0, 3.36%, 101, 0, 7, 498.50, 2176588, 2204
3886, 9, 29, 282, 133, 0, 3.36%, 101, 0, 7, 57.42, 2178564, 2204
3891, 9, 161, 282, 133, 0, 3.36%, 101, 0, 7, 309.44, 2179979, 2204
3897, 9, 194, 282, 133, 0, 3.36%, 101, 0, 7, 29.61, 2181241, 2204
3902, 9, 11, 282, 133, 0, 3.36%, 101, 0, 7, 488.74, 2183653, 2204
3907, 9, 11, 282, 133, 0, 3.36%, 101, 0, 7, 712.08, 2186064, 2204
3912, 9, 13, 282, 133, 0, 3.36%, 101, 0, 7, 788.18, 2187481, 2204
3917, 9, 13, 282, 133, 0, 3.36%, 101, 0, 7, 511.38, 2190052, 2204
3922, 9, 110, 282, 133, 0, 3.36%, 101, 0, 7, 445.74, 2191909, 2204
3927, 9, 110, 282, 133, 0, 3.36%, 101, 0, 7, 177.17, 2194234, 2204
3932, 9, 1, 282, 133, 0, 3.36%, 101, 0, 7, 447.98, 2196125, 2204
3938, 9, 90, 282, 133, 0, 3.36%, 101, 0, 7, 398.31, 2198252, 2204
3943, 10, 42, 282, 133, 0, 3.36%, 101, 0, 7, 505.05, 2200933, 2204
3948, 10, 135, 282, 133, 0, 3.36%, 101, 0, 7, 78.04, 2203353, 2204
3953, 10, 9, 282, 133, 0, 3.36%, 101, 0, 7, 602.05, 2205670, 2204
3958, 10, 220, 282, 133, 0, 3.36%, 101, 0, 7, 513.36, 2207932, 2204
3963, 10, 50, 282, 133, 0, 3.36%, 101, 0, 7, 576.53, 2210934, 2204
3968, 10, 42, 282, 133, 0, 3.36%, 101, 0, 7, 875.25, 2212603, 2204
3973, 10, 2, 282, 133, 0, 3.36%, 101, 0, 7, 560.24, 2214846, 2204
3978, 10, 93, 282, 133, 0, 3.36%, 101, 0, 7, 505.80, 2216927, 2204
3983, 10, 87, 282, 133, 0, 3.36%, 101, 0, 7, 369.96, 2218730, 2204
3989, 10, 11, 282, 133, 0, 3.36%, 101, 0, 7, 457.96, 2221132, 2204
3994, 10, 0, 282, 133, 0, 3.36%, 101, 0, 7, 387.27, 2223020, 2204
3999, 10, 82, 282, 133, 0, 3.36%, 101, 0, 7, 25.86, 2224528, 2204
4004, 10, 43, 282, 133, 0, 3.36%, 101, 0, 7, 392.72, 2226661, 2204
4009, 10, 278, 282, 133, 0, 3.36%, 101, 0, 7, 198.58, 2229075, 2204
4014, 10, 278, 282, 133, 0, 3.36%, 101, 0, 7, 315.20, 2230683, 2204
4019, 10, 278, 282, 133, 0, 3.36%, 101, 0, 7, 309.41, 2232237, 2204
4024, 10, 110, 282, 133, 0, 3.36%, 101, 0, 7, 429.28, 2234570, 2204
4029, 10, 67, 282, 133, 0, 3.36%, 101, 0, 7, 449.92, 2236524, 2204
4034, 10, 0, 282, 133, 0, 3.36%, 101, 0, 7, 262.00, 2238434, 2204
4039, 10, 11, 282, 133, 0, 3.36%, 101, 0, 7, 586.32, 2241282, 2204
4045, 10, 50, 282, 133, 0, 3.36%, 101, 0, 7, 606.97, 2243502, 2204
4050, 10, 138, 282, 133, 0, 3.36%, 101, 0, 7, 389.45, 2245254, 2204
4055, 10, 71, 282, 133, 0, 3.36%, 101, 0, 7, 508.48, 2247695, 2204
4060, 10, 112, 282, 133, 0, 3.36%, 101, 0, 7, 493.31, 2250012, 2204
4067, 10, 280, 282, 133, 0, 3.36%, 101, 0, 7, 27.29, 2252160, 2204
4072, 10, 111, 282, 133, 0, 3.36%, 101, 0, 7, 534.38, 2254974, 2204
4077, 10, 56, 282, 133, 0, 3.36%, 101, 0, 7, 432.84, 2257074, 2204
4082, 10, 80, 282, 133, 0, 3.36%, 101, 0, 7, 314.14, 2258711, 2204
4087, 10, 155, 282, 133, 0, 3.36%, 101, 0, 7, 427.55, 2260555, 2204
4092, 10, 127, 282, 133, 0, 3.36%, 101, 0, 7, 485.28, 2263235, 2204
4097, 10, 112, 282, 133, 0, 3.36%, 101, 0, 7, 480.27, 2265458, 2204
4102, 10, 209, 282, 133, 0, 3.36%, 101, 0, 7, 388.71, 2266992, 2204
4108, 10, 43, 282, 133, 0, 3.36%, 101, 0, 7, 529.19, 2269961, 2204
4113, 10, 79, 282, 133, 0, 3.36%, 101, 0, 7, 460.49, 2272399, 2204
4118, 10, 89, 282, 133, 0, 3.36%, 101, 0, 7, 539.76, 2275296, 2204
4123, 10, 9, 282, 133, 0, 3.36%, 101, 0, 7, 528.74, 2277760, 2204
4128, 10, 189, 282, 133, 0, 3.36%, 101, 0, 7, 845.00, 2279587, 2204
4135, 10, 280, 282, 133, 0, 3.36%, 101, 0, 7, 49.05, 2281630, 2204
4140, 10, 280, 282, 133, 0, 3.36%, 101, 0, 7, 350.01, 2283479, 2204
4145, 10, 80, 282, 133, 0, 3.36%, 101, 0, 7, 508.37, 2286070, 2204
4150, 10, 54, 282, 133, 0, 3.36%, 101, 0, 7, 559.47, 2288944, 2204
4155, 10, 11, 282, 133, 0, 3.36%, 101, 0, 7, 89.11, 2291359, 2204
4160, 10, 97, 283, 134, 0, 3.36%, 101, 0, 7, 726.52, 2294497, 2204
4165, 10, 93, 283, 134, 0, 3.36%, 101, 0, 7, 616.46, 2297189, 2204
4171, 10, 161, 283, 134, 0, 3.36%, 101, 0, 7, 333.46, 2298567, 2204
4176, 10, 152, 283, 134, 0, 3.36%, 101, 0, 7, 338.82, 2300258, 2204
4181, 10, 11, 283, 134, 0, 3.36%, 101, 0, 7, 450.17, 2302703, 2204
4186, 10, 123, 284, 135, 0, 3.37%, 101, 0, 7, 148.15, 2305059, 2211
4191, 10, 35, 284, 134, 0, 3.37%, 101, 0, 7, 74.31, 2307200, 2211
4196, 10, 194, 284, 134, 0, 3.37%, 101, 0, 7, 603.55, 2308987, 2211
4203, 10, 8, 284, 134, 0, 3.37%, 101, 0, 7, 11.07, 2311514, 2211
4208, 10, 11, 284, 134, 0, 3.37%, 101, 0, 7, 415.88, 2313874, 2211
4213, 10, 11, 284, 134, 0, 3.37%, 101, 0, 7, 117.42, 2314521, 2211
4218, 10, 45, 284, 134, 0, 3.37%, 101, 0, 7, 1119.88, 2316867, 2211
4223, 10, 69, 284, 133, 0, 3.37%, 101, 0, 7, 416.36, 2319232, 2211
4228, 10, 68, 284, 133, 0, 3.37%, 101, 0, 7, 487.59, 2321616, 2211
4233, 10, 27, 284, 133, 0, 3.37%, 101, 0, 7, 438.21, 2323897, 2211
4238, 10, 90, 284, 133, 0, 3.37%, 101, 0, 7, 55.10, 2325233, 2211
4243, 10, 11, 284, 133, 0, 3.37%, 101, 0, 7, 471.73, 2327784, 2211
4249, 10, 283, 284, 133, 0, 3.37%, 101, 0, 7, 478.91, 2330145, 2211
4254, 10, 283, 284, 133, 0, 3.37%, 101, 0, 7, 549.26, 2332902, 2211
4259, 10, 67, 284, 133, 0, 3.37%, 101, 0, 7, 491.67, 2335401, 2211
4264, 10, 55, 284, 132, 0, 3.37%, 101, 0, 7, 447.91, 2337796, 2211
4271, 10, 68, 284, 132, 0, 3.37%, 101, 0, 7, 61.51, 2340166, 2211
4276, 10, 278, 284, 132, 0, 3.37%, 101, 0, 7, 282.27, 2342366, 2211
4281, 10, 79, 284, 132, 0, 3.37%, 102, 0, 7, 406.61, 2344435, 2211
4286, 10, 107, 284, 132, 0, 3.37%, 102, 0, 7, 457.84, 2346879, 2211
4291, 10, 127, 284, 132, 0, 3.37%, 102, 0, 7, 439.72, 2349045, 2211
4296, 10, 13, 284, 132, 0, 3.37%, 102, 0, 7, 367.08, 2350888, 2211
4301, 10, 13, 284, 132, 0, 3.37%, 102, 0, 7, 356.05, 2352696, 2211
4306, 10, 107, 284, 132, 0, 3.37%, 102, 0, 7, 654.96, 2354455, 2211
4311, 10, 138, 284, 132, 0, 3.37%, 102, 0, 7, 460.94, 2356666, 2211
4317, 10, 102, 284, 132, 0, 3.37%, 102, 0, 7, 443.62, 2359051, 2211
4322, 10, 68, 284, 132, 0, 3.37%, 102, 0, 7, 529.61, 2361805, 2211
4327, 10, 89, 284, 132, 0, 3.37%, 102, 0, 7, 505.72, 2364521, 2211
4332, 10, 9, 284, 132, 0, 3.37%, 102, 0, 7, 611.47, 2367650, 2211
4338, 10, 188, 284, 132, 0, 3.37%, 102, 0, 7, 41.34, 2369844, 2211
4344, 10, 42, 284, 132, 0, 3.37%, 102, 0, 7, 64.69, 2372475, 2211
4349, 10, 42, 284, 132, 0, 3.37%, 102, 0, 7, 416.61, 2374878, 2211
4354, 10, 44, 285, 133, 0, 3.37%, 102, 0, 7, 442.25, 2377196, 2211
4359, 10, 11, 285, 133, 0, 3.37%, 102, 0, 7, 615.60, 2380188, 2211
4364, 10, 134, 285, 133, 0, 3.37%, 102, 0, 7, 469.61, 2382366, 2211
4370, 10, 76, 285, 133, 0, 3.37%, 102, 0, 7, 414.14, 2384570, 2211
4375, 10, 50, 285, 133, 0, 3.37%, 102, 0, 7, 715.92, 2386319, 2211
4380, 10, 1, 285, 133, 0, 3.37%, 102, 0, 7, 461.15, 2388434, 2211
4385, 10, 1, 285, 133, 0, 3.37%, 102, 0, 7, 65.15, 2390074, 2211
4390, 10, 11, 285, 133, 0, 3.37%, 102, 0, 7, 158.88, 2392520, 2211
4395, 10, 194, 285, 133, 0, 3.37%, 102, 0, 7, 392.87, 2394730, 2211
4400, 10, 101, 285, 133, 0, 3.37%, 102, 0, 7, 652.74, 2397173, 2211
4407, 10, 9, 285, 133, 0, 3.37%, 102, 0, 7, 133.39, 2399427, 2211
4412, 10, 9, 285, 133, 0, 3.37%, 102, 0, 7, 513.63, 2402030, 2211
4417, 10, 80, 285, 133, 0, 3.37%, 102, 0, 7, 535.89, 2404134, 2211
4422, 10, 80, 285, 133, 0, 3.37%, 102, 0, 7, 514.80, 2406885, 2211
4427, 10, 9, 285, 133, 0, 3.37%, 102, 0, 7, 532.10, 2409475, 2211
4432, 10, 11, 285, 133, 0, 3.37%, 102, 0, 7, 601.71, 2412846, 2211
4437, 10, 11, 285, 133, 0, 3.37%, 102, 0, 7, 832.33, 2415078, 2211
4442, 10, 97, 285, 133, 0, 3.37%, 102, 0, 7, 213.60, 2415722, 2211
4448, 10, 56, 285, 133, 0, 3.37%, 102, 0, 7, 364.05, 2417746, 2211
4453, 10, 68, 285, 133, 0, 3.37%, 102, 0, 7, 365.34, 2419053, 2211
4458, 10, 35, 285, 133, 0, 3.37%, 102, 0, 7, 339.20, 2420475, 2211
4463, 10, 35, 285, 132, 0, 3.37%, 102, 0, 7, 644.33, 2422818, 2211
4468, 10, 245, 285, 132, 0, 3.37%, 102, 0, 7, 467.42, 2424126, 2211
4473, 10, 76, 285, 132, 0, 3.37%, 102, 0, 7, 289.00, 2425660, 2211
4478, 10, 13, 285, 132, 0, 3.37%, 102, 0, 7, 741.15, 2427567, 2211
4483, 10, 13, 285, 132, 0, 3.37%, 102, 0, 7, 402.06, 2429344, 2211
4488, 10, 44, 285, 132, 0, 3.37%, 102, 0, 7, 462.21, 2431742, 2211
4493, 10, 91, 285, 132, 0, 3.37%, 102, 0, 7, 465.65, 2434142, 2211
4499, 10, 174, 285, 132, 0, 3.37%, 102, 0, 7, 327.01, 2435885, 2211
4504, 10, 90, 285, 132, 0, 3.37%, 102, 0, 7, 497.38, 2438421, 2211
4510, 10, 200, 285, 132, 0, 3.37%, 102, 0, 7, 10.25, 2439299, 2211
4515, 10, 76, 285, 132, 0, 3.37%, 102, 0, 7, 331.31, 2440766, 2211
4520, 10, 9, 285, 132, 0, 3.37%, 102, 0, 7, 84.11, 2443325, 2211
4525, 10, 135, 285, 132, 0, 3.37%, 102, 0, 7, 643.03, 2445888, 2211
4530, 10, 67, 285, 131, 0, 3.37%, 102, 0, 7, 511.93, 2448126, 2211
4535, 10, 97, 285, 130, 0, 3.37%, 102, 0, 7, 202.67, 2450336, 2211
4540, 10, 44, 285, 130, 0, 3.37%, 102, 0, 7, 315.39, 2452152, 2211
4545, 10, 87, 285, 130, 0, 3.37%, 102, 0, 7, 276.41, 2453764, 2211
4551, 10, 93, 285, 130, 0, 3.37%, 102, 0, 7, 442.61, 2456090, 2211
4556, 11, 194, 285, 130, 0, 3.37%, 102, 0, 7, 473.16, 2458388, 2211
4561, 11, 11, 285, 130, 0, 3.37%, 102, 0, 7, 444.05, 2460671, 2211
4566, 11, 23, 285, 130, 0, 3.37%, 102, 0, 7, 89.19, 2462528, 2211
4571, 11, 89, 285, 130, 0, 3.37%, 102, 0, 7, 560.17, 2465630, 2211
4576, 11, 11, 285, 130, 0, 3.37%, 102, 0, 7, 466.32, 2467957, 2211
4581, 11, 92, 285, 130, 0, 3.37%, 102, 0, 7, 574.79, 2469593, 2211
4586, 11, 127, 285, 130, 0, 3.37%, 102, 0, 7, 605.88, 2472222, 2211
4591, 11, 110, 285, 129, 0, 3.37%, 102, 0, 7, 1003.68, 2474099, 2211
4596, 11, 68, 285, 129, 0, 3.37%, 102, 0, 7, 553.11, 2477234, 2211
4601, 11, 11, 285, 129, 0, 3.37%, 102, 0, 7, 92.09, 2479213, 2211
4606, 11, 122, 285, 129, 0, 3.37%, 102, 0, 7, 500.94, 2480952, 2211
4613, 11, 45, 285, 129, 0, 3.37%, 102, 0, 7, 22.78, 2482966, 2211
4618, 11, 11, 285, 129, 0, 3.37%, 102, 0, 7, 485.30, 2485352, 2211
4623, 11, 9, 285, 129, 0, 3.37%, 102, 0, 7, 382.81, 2487294, 2211
4628, 11, 115, 285, 129, 0, 3.37%, 102, 0, 7, 504.78, 2489859, 2211
4633, 11, 11, 285, 129, 0, 3.37%, 102, 0, 7, 488.58, 2492470, 2211
4638, 11, 43, 285, 129, 0, 3.37%, 102, 0, 7, 370.50, 2494340, 2211
4643, 11, 181, 285, 129, 0, 3.37%, 102, 0, 7, 405.08, 2496160, 2211
4649, 11, 60, 285, 129, 0, 3.37%, 102, 0, 7, 484.97, 2497740, 2211
4654, 11, 80, 285, 129, 0, 3.37%, 102, 0, 7, 449.13, 2499923, 2211
4659, 11, 89, 285, 129, 0, 3.37%, 102, 0, 7, 425.41, 2502061, 2211
4664, 11, 11, 285, 129, 0, 3.37%, 102, 0, 7, 490.59, 2504884, 2211
4669, 11, 194, 285, 129, 0, 3.37%, 102, 0, 7, 486.32, 2507194, 2211
4674, 11, 11, 285, 129, 0, 3.37%, 102, 0, 7, 833.95, 2510124, 2211
4679, 11, 61, 285, 129, 0, 3.37%, 102, 0, 7, 411.06, 2512551, 2211
4684, 11, 11, 285, 129, 0, 3.37%, 102, 0, 7, 445.49, 2514772, 2211
4689, 11, 11, 285, 129, 0, 3.37%, 102, 0, 7, 535.34, 2517493, 2211
4694, 11, 8, 285, 129, 0, 3.37%, 102, 0, 7, 484.42, 2519845, 2211
4699, 11, 29, 285, 129, 0, 3.37%, 102, 0, 7, 727.43, 2521287, 2211
4704, 11, 18, 285, 129, 0, 3.37%, 102, 0, 7, 290.76, 2523367, 2211
4709, 11, 76, 285, 129, 0, 3.37%, 102, 0, 7, 396.03, 2525357, 2211
4715, 11, 43, 285, 129, 0, 3.37%, 102, 0, 7, 443.13, 2527388, 2211
4720, 11, 135, 285, 129, 0, 3.37%, 102, 0, 7, 483.34, 2529399, 2211
4725, 11, 11, 285, 129, 0, 3.37%, 102, 0, 7, 580.05, 2532534, 2211
4732, 11, 74, 285, 129, 0, 3.37%, 102, 0, 7, 43.35, 2534752, 2211
4737, 11, 11, 285, 129, 0, 3.37%, 102, 0, 7, 92.82, 2536255, 2211
4742, 11, 82, 285, 129, 0, 3.37%, 102, 0, 7, 695.16, 2538968, 2211
4747, 11, 174, 285, 129, 0, 3.37%, 102, 0, 7, 408.92, 2540718, 2211
4752, 11, 161, 285, 129, 0, 3.37%, 102, 0, 7, 302.49, 2542119, 2211
4757, 11, 189, 285, 129, 0, 3.37%, 102, 0, 7, 416.36, 2544194, 2211
4762, 11, 57, 285, 129, 0, 3.37%, 102, 0, 7, 463.65, 2546620, 2211
4768, 11, 174, 285, 129, 0, 3.37%, 102, 0, 7, 280.30, 2547816, 2211
4773, 11, 68, 285, 129, 0, 3.37%, 102, 0, 7, 52.63, 2549590, 2211
4778, 11, 68, 285, 129, 0, 3.37%, 102, 0, 7, 509.63, 2552084, 2211
4783, 11, 68, 285, 129, 0, 3.37%, 102, 0, 7, 408.64, 2554088, 2211
4788, 11, 44, 285, 128, 0, 3.37%, 102, 0, 7, 606.03, 2556292, 2211
4793, 11, 135, 285, 128, 0, 3.37%, 102, 0, 7, 578.49, 2559149, 2211
4800, 11, 57, 285, 128, 0, 3.37%, 102, 0, 7, 0.98, 2561959, 2211
4805, 11, 127, 285, 128, 0, 3.37%, 102, 0, 7, 336.51, 2563921, 2211
4811, 11, 43, 285, 128, 0, 3.37%, 102, 0, 7, 469.21, 2566153, 2211
4816, 11, 11, 285, 128, 0, 3.37%, 102, 0, 7, 656.86, 2569038, 2211
4821, 11, 194, 285, 128, 0, 3.37%, 102, 0, 7, 491.78, 2571220, 2211
4826, 11, 161, 285, 128, 0, 3.37%, 102, 0, 7, 349.89, 2573050, 2211
4831, 11, 283, 285, 128, 0, 3.37%, 102, 0, 7, 474.31, 2575460, 2211
4836, 11, 76, 285, 128, 0, 3.37%, 102, 0, 7, 500.65, 2577039, 2211
4841, 11, 74, 285, 128, 0, 3.37%, 102, 0, 7, 56.29, 2578140, 2211
4847, 11, 68, 285, 128, 0, 3.37%, 102, 0, 7, 480.72, 2580595, 2211
4852, 11, 9, 285, 128, 0, 3.37%, 102, 0, 7, 508.30, 2583368, 2211
4857, 11, 93, 285, 128, 0, 3.37%, 102, 0, 7, 460.86, 2585593, 2211
4862, 11, 11, 285, 128, 0, 3.37%, 102, 0, 7, 530.50, 2588340, 2211
4869, 11, 43, 285, 128, 0, 3.37%, 102, 0, 7, 23.16, 2590412, 2211
4874, 11, 13, 285, 128, 0, 3.37%, 102, 0, 7, 680.45, 2592921, 2211
4879, 11, 13, 285, 128, 0, 3.37%, 102, 0, 7, 584.49, 2594915, 2211
4884, 11, 127, 285, 128, 0, 3.37%, 102, 0, 7, 140.75, 2596999, 2211
4889, 11, 101, 285, 128, 0, 3.37%, 102, 0, 7, 373.95, 2599180, 2211
4894, 11, 13, 285, 128, 0, 3.37%, 102, 0, 7, 769.78, 2601204, 2211
4899, 11, 13, 285, 128, 0, 3.37%, 102, 0, 7, 658.34, 2604471, 2211
4904, 11, 194, 285, 128, 0, 3.37%, 102, 0, 7, 784.41, 2605748, 2211
4909, 11, 11, 285, 128, 0, 3.37%, 102, 0, 7, 684.31, 2608714, 2211
4914, 11, 11, 285, 128, 0, 3.37%, 102, 0, 7, 740.94, 2610640, 2211
4919, 11, 76, 285, 127, 0, 3.37%, 102, 0, 7, 536.43, 2612935, 2211
4924, 11, 138, 285, 127, 0, 3.37%, 102, 0, 7, 459.88, 2615051, 2211
4930, 11, 9, 285, 127, 0, 3.37%, 102, 0, 7, 839.10, 2618120, 2211
4935, 11, 194, 285, 127, 0, 3.37%, 102, 0, 7, 241.87, 2620795, 2211
4940, 11, 87, 285, 127, 0, 3.37%, 102, 0, 7, 274.52, 2622525, 2211
4945, 11, 120, 285, 127, 0, 3.37%, 102, 0, 7, 357.16, 2624472, 2211
4950, 11, 13, 285, 127, 0, 3.37%, 102, 0, 7, 554.77, 2627331, 2211
4955, 11, 13, 285, 127, 0, 3.37%, 102, 0, 7, 283.58, 2628283, 2211
4960, 11, 68, 285, 127, 0, 3.37%, 102, 0, 7, 384.04, 2630153, 2211
4965, 11, 45, 285, 127, 0, 3.37%, 102, 0, 7, 553.84, 2632374, 2211
4972, 11, 0, 285, 127, 0, 3.37%, 102, 0, 7, 12.47, 2634527, 2211
4977, 11, 68, 285, 127, 0, 3.37%, 102, 0, 7, 446.13, 2637003, 2211
4982, 11, 13, 285, 127, 0, 3.37%, 102, 0, 7, 489.92, 2639883, 2211
4987, 11, 188, 285, 127, 0, 3.37%, 102, 0, 7, 501.11, 2642923, 2211
4992, 11, 92, 285, 127, 0, 3.37%, 102, 0, 7, 591.37, 2645591, 2211
4997, 11, 43, 285, 127, 0, 3.37%, 102, 0, 7, 473.72, 2647862, 2211
5002, 11, 79, 285, 127, 0, 3.37%, 102, 0, 7, 287.04, 2649955, 2211
5007, 11, 98, 285, 127, 0, 3.37%, 102, 0, 7, 502.15, 2652033, 2211
5013, 11, 56, 285, 127, 0, 3.37%, 102, 0, 7, 124.09, 2653668, 2211
5018, 11, 13, 285, 127, 0, 3.37%, 102, 0, 7, 667.50, 2656873, 2211
5023, 11, 8, 285, 127, 0, 3.37%, 102, 0, 7, 664.22, 2660148, 2211
5028, 11, 89, 285, 127, 0, 3.37%, 102, 0, 7, 707.12, 2662143, 2211
5033, 11, 103, 285, 127, 0, 3.37%, 102, 0, 7, 445.32, 2664169, 2211
5038, 11, 57, 285, 127, 0, 3.37%, 102, 0, 7, 424.39, 2665006, 2211
5043, 11, 89, 285, 127, 0, 3.37%, 102, 0, 7, 270.62, 2666642, 2211
5049, 11, 98, 285, 127, 0, 3.37%, 102, 0, 7, 461.48, 2669089, 2211
5054, 11, 57, 285, 127, 0, 3.37%, 102, 0, 7, 504.65, 2671810, 2211
5059, 11, 107, 285, 127, 0, 3.37%, 102, 0, 7, 567.31, 2673982, 2211
5064, 11, 55, 285, 127, 0, 3.37%, 102, 0, 7, 620.00, 2676624, 2211
5069, 11, 56, 285, 127, 0, 3.37%, 102, 0, 7, 114.33, 2678229, 2211
5075, 11, 77, 285, 127, 0, 3.37%, 102, 0, 7, 28.07, 2679693, 2211
5080, 11, 74, 285, 127, 0, 3.37%, 102, 0, 7, 345.50, 2681732, 2211
5085, 11, 57, 285, 127, 0, 3.37%, 102, 0, 7, 531.15, 2683076, 2211
5090, 11, 194, 285, 127, 0, 3.37%, 102, 0, 7, 440.85, 2685098, 2211
5095, 11, 209, 285, 127, 0, 3.37%, 102, 0, 7, 361.23, 2686922, 2211
5100, 11, 71, 285, 127, 0, 3.37%, 102, 0, 7, 340.49, 2688060, 2211
5105, 11, 68, 285, 127, 0, 3.37%, 102, 0, 7, 472.35, 2690346, 2211
5110, 11, 144, 285, 127, 0, 3.37%, 102, 0, 7, 184.67, 2691434, 2211
5115, 11, 77, 285, 127, 0, 3.37%, 102, 0, 7, 326.07, 2693530, 2211
5120, 11, 68, 285, 127, 0, 3.37%, 102, 0, 7, 653.64, 2696294, 2211
5125, 11, 102, 285, 127, 0, 3.37%, 102, 0, 7, 395.64, 2698175, 2211
5130, 11, 68, 285, 127, 0, 3.37%, 102, 0, 7, 478.30, 2700906, 2211
5135, 11, 112, 285, 127, 0, 3.37%, 102, 0, 7, 67.26, 2703096, 2211
5141, 11, 97, 285, 127, 0, 3.37%, 102, 0, 7, 271.70, 2705081, 2211
5146, 11, 181, 285, 127, 0, 3.37%, 102, 0, 7, 560.49, 2706530, 2211
5151, 11, 67, 285, 127, 0, 3.37%, 102, 0, 7, 456.76, 2708892, 2211
5156, 11, 87, 285, 127, 0, 3.37%, 102, 0, 7, 463.35, 2711163, 2211
5161, 11, 174, 285, 127, 0, 3.37%, 102, 0, 7, 347.14, 2712399, 2211
5166, 12, 127, 285, 127, 0, 3.37%, 102, 0, 7, 382.17, 2714612, 2211
5171, 12, 280, 285, 127, 0, 3.37%, 102, 0, 7, 413.40, 2716765, 2211
5177, 12, 85, 285, 127, 0, 3.37%, 102, 0, 7, 25.18, 2718601, 2211
5182, 12, 220, 285, 127, 0, 3.37%, 102, 0, 7, 609.97, 2721520, 2211
5187, 12, 11, 285, 127, 0, 3.37%, 102, 0, 7, 545.54, 2724439, 2211
5193, 12, 127, 285, 127, 0, 3.37%, 102, 0, 7, 107.52, 2726325, 2211
5198, 12, 85, 285, 127, 0, 3.37%, 102, 0, 7, 281.51, 2728238, 2211
5203, 12, 56, 285, 127, 0, 3.37%, 102, 0, 7, 488.45, 2730337, 2211
5208, 12, 68, 285, 127, 0, 3.37%, 102, 0, 7, 737.69, 2731814, 2211
5213, 12, 55, 285, 127, 0, 3.37%, 102, 0, 7, 371.64, 2732934, 2211
5218, 12, 152, 285, 126, 0, 3.37%, 102, 0, 7, 567.84, 2734878, 2211
5223, 12, 13, 285, 126, 0, 3.37%, 102, 0, 7, 1174.97, 2737800, 2211
5228, 12, 101, 285, 126, 0, 3.37%, 102, 0, 7, 738.40, 2740868, 2211
5233, 12, 135, 285, 126, 0, 3.37%, 102, 0, 7, 557.35, 2743349, 2211
5239, 12, 101, 285, 126, 0, 3.37%, 102, 0, 7, 496.55, 2745799, 2211
5244, 12, 261, 285, 126, 0, 3.37%, 102, 0, 7, 483.18, 2747986, 2211
5249, 12, 261, 285, 126, 0, 3.37%, 102, 0, 7, 355.06, 2749339, 2211
5254, 12, 8, 285, 126, 0, 3.37%, 102, 0, 7, 483.02, 2751780, 2211
5259, 12, 101, 285, 126, 0, 3.37%, 102, 0, 7, 465.12, 2754158, 2211
5265, 12, 280, 285, 126, 0, 3.37%, 102, 0, 7, 566.80, 2756441, 2211
5270, 12, 80, 285, 126, 0, 3.37%, 102, 0, 7, 555.15, 2759238, 2211
5275, 12, 9, 285, 126, 0, 3.37%, 102, 0, 7, 517.75, 2761875, 2211
5280, 12, 67, 285, 126, 0, 3.37%, 102, 0, 7, 7.84, 2763014, 2211
5285, 12, 9, 285, 126, 0, 3.37%, 102, 0, 7, 561.26, 2765947, 2211
5290, 12, 212, 286, 127, 0, 3.37%, 102, 0, 7, 466.96, 2768415, 2211
5295, 12, 280, 286, 126, 0, 3.37%, 102, 0, 7, 424.57, 2770125, 2211
5301, 12, 76, 286, 126, 0, 3.37%, 102, 0, 7, 424.45, 2772417, 2211
5306, 12, 68, 286, 126, 0, 3.37%, 102, 0, 7, 498.40, 2774914, 2211
5311, 12, 8, 286, 126, 0, 3.37%, 102, 0, 7, 576.58, 2778033, 2211
5316, 12, 57, 286, 126, 0, 3.37%, 102, 0, 7, 186.97, 2779478, 2211
5321, 12, 11, 286, 126, 0, 3.37%, 102, 0, 7, 348.53, 2781802, 2211
5326, 12, 1, 286, 126, 0, 3.37%, 102, 0, 7, 513.01, 2784228, 2211
5332, 12, 135, 286, 126, 0, 3.37%, 102, 0, 7, 637.80, 2787505, 2211
5337, 12, 93, 286, 126, 0, 3.37%, 102, 0, 7, 476.51, 2790187, 2211
5342, 12, 1, 286, 126, 0, 3.37%, 102, 0, 7, 473.86, 2792639, 2211
5348, 12, 1, 286, 126, 0, 3.37%, 102, 0, 7, 4.28, 2794504, 2211
5353, 12, 79, 286, 126, 0, 3.37%, 102, 0, 7, 45.11, 2796551, 2211
5358, 12, 97, 286, 126, 0, 3.37%, 102, 0, 7, 455.75, 2798889, 2211
5364, 12, 11, 286, 126, 0, 3.37%, 102, 0, 7, 483.53, 2801515, 2211
5369, 12, 11, 286, 126, 0, 3.37%, 102, 0, 7, 86.72, 2803948, 2211
5374, 12, 74, 286, 126, 0, 3.37%, 102, 0, 7, 548.15, 2805818, 2211
5379, 12, 245, 286, 126, 0, 3.37%, 102, 0, 7, 875.64, 2807872, 2211
5384, 12, 245, 286, 126, 0, 3.37%, 102, 0, 7, 363.31, 2808816, 2211
5389, 12, 13, 286, 126, 0, 3.37%, 102, 0, 7, 583.90, 2811648, 2211
5394, 12, 13, 286, 126, 0, 3.37%, 102, 0, 7, 58.15, 2813747, 2211
5400, 12, 13, 286, 126, 0, 3.37%, 102, 0, 7, 424.95, 2814878, 2211
5405, 12, 254, 286, 126, 0, 3.37%, 102, 0, 7, 75.74, 2816388, 2211
5410, 12, 194, 286, 125, 0, 3.37%, 102, 0, 7, 488.42, 2818607, 2211
5415, 12, 87, 286, 125, 0, 3.37%, 102, 0, 7, 394.00, 2820509, 2211
5420, 12, 56, 286, 125, 0, 3.37%, 102, 0, 7, 394.93, 2821857, 2211
5425, 12, 189, 286, 125, 0, 3.37%, 102, 0, 7, 550.11, 2824168, 2211
5430, 12, 64, 286, 125, 0, 3.37%, 102, 0, 7, 240.48, 2825445, 2211
5435, 12, 80, 286, 125, 0, 3.37%, 102, 0, 7, 389.93, 2827607, 2211
5440, 12, 31, 286, 125, 0, 3.37%, 102, 0, 7, 531.52, 2830274, 2211
5445, 12, 194, 286, 124, 0, 3.37%, 102, 0, 7, 569.26, 2833215, 2211
5451, 12, 11, 286, 124, 0, 3.37%, 102, 0, 7, 26.44, 2835503, 2211
5457, 12, 11, 286, 124, 0, 3.37%, 102, 0, 7, 330.76, 2837285, 2211
5462, 12, 35, 286, 124, 0, 3.37%, 102, 0, 7, 416.05, 2838671, 2211
5467, 12, 11, 286, 124, 0, 3.37%, 102, 0, 7, 441.03, 2840596, 2211
5472, 12, 68, 286, 124, 0, 3.37%, 102, 0, 7, 458.93, 2843036, 2211
5477, 12, 134, 286, 124, 0, 3.37%, 102, 0, 7, 97.64, 2845347, 2211
5482, 12, 56, 286, 124, 0, 3.37%, 102, 0, 7, 220.17, 2846831, 2211
5487, 12, 89, 286, 124, 0, 3.37%, 102, 0, 7, 680.38, 2848854, 2211
5493, 12, 120, 286, 124, 0, 3.37%, 102, 0, 7, 523.73, 2851085, 2211
5498, 12, 194, 286, 124, 0, 3.37%, 102, 0, 7, 465.59, 2853339, 2211
5503, 12, 188, 286, 124, 0, 3.37%, 102, 0, 7, 456.45, 2855700, 2211
5508, 12, 45, 286, 124, 0, 3.37%, 102, 0, 7, 526.67, 2858456, 2211
5513, 12, 11, 286, 124, 0, 3.37%, 102, 0, 7, 53.10, 2861325, 2211
5518, 12, 11, 286, 124, 0, 3.37%, 102, 0, 7, 458.02, 2863233, 2211
5523, 12, 194, 286, 124, 0, 3.37%, 102, 0, 7, 577.38, 2864468, 2211
5528, 12, 221, 286, 124, 0, 3.37%, 102, 0, 7, 472.23, 2866739, 2211
5533, 12, 44, 286, 124, 0, 3.37%, 102, 0, 7, 539.92, 2869196, 2211
5538, 12, 68, 286, 124, 0, 3.37%, 102, 0, 7, 579.88, 2872055, 2211
5544, 12, 11, 286, 124, 0, 3.37%, 102, 0, 7, 530.40, 2875013, 2211
5549, 12, 9, 286, 124, 0, 3.37%, 102, 0, 7, 422.09, 2877068, 2211
5554, 12, 9, 286, 124, 0, 3.37%, 102, 0, 7, 11.34, 2878523, 2211
5559, 12, 76, 286, 124, 0, 3.37%, 102, 0, 7, 93.31, 2880933, 2211
5565, 12, 68, 286, 124, 0, 3.37%, 102, 0, 7, 48.70, 2884253, 2211
5570, 12, 11, 286, 124, 0, 3.37%, 102, 0, 7, 519.26, 2886379, 2211
5575, 12, 11, 286, 124, 0, 3.37%, 102, 0, 7, 58.46, 2888100, 2211
5580, 12, 85, 286, 124, 0, 3.37%, 102, 0, 7, 520.46, 2890128, 2211
5585, 12, 35, 286, 124, 0, 3.37%, 102, 0, 7, 94.99, 2891499, 2211
5590, 12, 280, 286, 124, 0, 3.37%, 102, 0, 7, 385.59, 2892773, 2211
5595, 12, 90, 286, 124, 0, 3.37%, 102, 0, 7, 361.36, 2894315, 2211
5600, 12, 54, 286, 124, 0, 3.37%, 102, 0, 7, 555.07, 2897166, 2211
5605, 12, 56, 286, 124, 0, 3.37%, 102, 0, 7, 507.64, 2899567, 2211
5610, 12, 0, 286, 124, 0, 3.37%, 102, 0, 7, 670.81, 2901075, 2211
5615, 12, 56, 286, 124, 0, 3.37%, 102, 0, 7, 112.28, 2902310, 2211
5621, 12, 11, 286, 124, 0, 3.37%, 102, 0, 7, 586.78, 2904767, 2211
5626, 12, 11, 286, 124, 0, 3.37%, 102, 0, 7, 545.62, 2905972, 2211
5631, 12, 64, 286, 124, 0, 3.37%, 102, 0, 7, 455.48, 2907687, 2211
5636, 12, 56, 286, 124, 0, 3.37%, 102, 0, 7, 54.42, 2909598, 2211
5641, 12, 179, 286, 124, 0, 3.37%, 102, 0, 7, 470.87, 2911606, 2211
5646, 12, 80, 286, 124, 0, 3.37%, 102, 0, 7, 347.18, 2913110, 2211
5651, 12, 97, 286, 124, 0, 3.37%, 102, 0, 7, 388.84, 2915032, 2211
5657, 12, 181, 286, 124, 0, 3.37%, 102, 0, 7, 11.21, 2916455, 2211
5662, 12, 87, 286, 124, 0, 3.37%, 102, 0, 7, 385.24, 2918278, 2211
5667, 12, 99, 286, 124, 0, 3.37%, 102, 0, 7, 328.90, 2919774, 2211
5672, 12, 55, 286, 124, 0, 3.37%, 102, 0, 7, 44.30, 2921420, 2211
5678, 12, 76, 286, 124, 0, 3.37%, 102, 0, 7, 254.99, 2923042, 2211
5683, 12, 13, 286, 124, 0, 3.37%, 102, 0, 7, 354.88, 2924940, 2211
5688, 12, 57, 286, 124, 0, 3.37%, 102, 0, 7, 527.43, 2927738, 2211
5693, 12, 79, 286, 124, 0, 3.37%, 102, 0, 7, 161.45, 2929123, 2211
5698, 12, 0, 286, 124, 0, 3.37%, 102, 0, 7, 308.24, 2930959, 2211
5703, 12, 64, 286, 124, 0, 3.37%, 102, 0, 7, 393.79, 2933111, 2211
5708, 12, 13, 286, 124, 0, 3.37%, 102, 0, 7, 398.20, 2935262, 2211
5713, 12, 13, 286, 124, 0, 3.37%, 102, 0, 7, 330.18, 2936916, 2211
5719, 12, 56, 286, 124, 0, 3.37%, 102, 0, 7, 243.17, 2937920, 2211
5725, 12, 194, 286, 124, 0, 3.37%, 102, 0, 7, 39.76, 2939671, 2211
5730, 12, 8, 286, 124, 0, 3.37%, 102, 0, 7, 485.30, 2942254, 2211
5735, 12, 56, 286, 124, 0, 3.37%, 102, 0, 7, 83.95, 2944237, 2211
5740, 12, 11, 286, 124, 0, 3.37%, 102, 0, 7, 521.81, 2946244, 2211
5745, 12, 11, 286, 124, 0, 3.37%, 102, 0, 7, 263.41, 2947291, 2211
5750, 12, 79, 286, 124, 0, 3.37%, 102, 0, 7, 340.84, 2949235, 2211
5755, 12, 11, 286, 124, 0, 3.37%, 102, 0, 7, 380.59, 2951454, 2211
5760, 12, 11, 286, 124, 0, 3.37%, 102, 0, 7, 82.12, 2952281, 2211
5765, 12, 42, 286, 124, 0, 3.37%, 102, 0, 7, 495.31, 2954278, 2211
5771, 12, 29, 286, 124, 0, 3.37%, 102, 0, 7, 76.37, 2956049, 2211
5776, 12, 68, 286, 124, 0, 3.37%, 102, 0, 7, 530.00, 2957379, 2211
5781, 12, 13, 286, 124, 0, 3.37%, 102, 0, 7, 87.85, 2959960, 2211
5786, 12, 68, 286, 124, 0, 3.37%, 102, 0, 7, 744.58, 2962476, 2211
5791, 12, 11, 286, 124, 0, 3.37%, 102, 0, 7, 593.72, 2965331, 2211
5796, 12, 181, 286, 124, 0, 3.37%, 102, 0, 7, 515.75, 2967141, 2211
5801, 12, 87, 286, 124, 0, 3.37%, 102, 0, 7, 599.36, 2970026, 2211
5807, 12, 11, 286, 124, 0, 3.37%, 102, 0, 7, 343.56, 2972092, 2211
5812, 12, 67, 286, 124, 0, 3.37%, 102, 0, 7, 497.25, 2975011, 2211
5817, 12, 194, 286, 124, 0, 3.37%, 102, 0, 7, 515.26, 2977244, 2211
5822, 12, 55, 286, 124, 0, 3.37%, 102, 0, 7, 1115.19, 2979041, 2211
5827, 12, 57, 286, 124, 0, 3.37%, 102, 0, 7, 353.23, 2980682, 2211
5832, 12, 245, 286, 124, 0, 3.37%, 102, 0, 7, 241.63, 2981917, 2211
5837, 12, 27, 286, 124, 0, 3.37%, 102, 0, 7, 352.69, 2983502, 2211
5842, 12, 74, 286, 124, 0, 3.37%, 102, 0, 7, 66.25, 2985108, 2211
5847, 13, 220, 286, 124, 0, 3.37%, 102, 0, 7, 637.30, 2987520, 2211
5853, 13, 98, 286, 124, 0, 3.37%, 102, 0, 7, 578.29, 2990440, 2211
5858, 13, 280, 286, 124, 0, 3.37%, 102, 0, 7, 287.35, 2992143, 2211
5863, 13, 23, 286, 124, 0, 3.37%, 102, 0, 7, 184.48, 2993216, 2211
5868, 13, 41, 286, 124, 0, 3.37%, 102, 0, 7, 396.66, 2995669, 2211
5873, 13, 11, 286, 124, 0, 3.37%, 102, 0, 7, 468.33, 2998010, 2211
5878, 13, 85, 286, 124, 0, 3.37%, 102, 0, 7, 505.46, 3000854, 2211
5883, 13, 189, 286, 124, 0, 3.37%, 102, 0, 7, 498.09, 3003476, 2211
5888, 13, 188, 286, 124, 0, 3.37%, 102, 0, 7, 452.03, 3005855, 2211
5893, 13, 8, 286, 124, 0, 3.37%, 102, 0, 7, 86.35, 3007752, 2211
5898, 13, 8, 286, 124, 0, 3.37%, 102, 0, 7, 261.94, 3008744, 2211
5903, 13, 11, 286, 124, 0, 3.37%, 102, 0, 7, 102.86, 3011846, 2211
5908, 13, 11, 286, 124, 0, 3.37%, 102, 0, 7, 456.23, 3012782, 2211
5913, 13, 13, 286, 124, 0, 3.37%, 102, 0, 7, 527.73, 3015713, 2211
5919, 13, 135, 286, 124, 0, 3.37%, 102, 0, 7, 163.77, 3018497, 2211
5924, 13, 135, 287, 125, 0, 3.37%, 102, 0, 7, 87.75, 3019503, 2211
5929, 13, 68, 287, 125, 0, 3.37%, 102, 0, 7, 34.44, 3020908, 2211
5934, 13, 80, 287, 125, 0, 3.37%, 102, 0, 7, 662.42, 3023723, 2211
5939, 13, 189, 287, 125, 0, 3.37%, 102, 0, 7, 498.24, 3025989, 2211
5944, 13, 68, 287, 125, 0, 3.37%, 102, 0, 7, 590.25, 3028919, 2211
5950, 13, 181, 287, 125, 0, 3.37%, 102, 0, 7, 436.36, 3030946, 2211
5955, 13, 8, 287, 125, 0, 3.37%, 102, 0, 7, 572.47, 3033747, 2211
5960, 13, 101, 287, 125, 0, 3.37%, 102, 0, 7, 427.56, 3035591, 2211
5965, 13, 45, 287, 125, 0, 3.37%, 102, 0, 7, 304.52, 3037101, 2211
5970, 13, 43, 287, 125, 0, 3.37%, 102, 0, 7, 533.01, 3038753, 2211
5975, 13, 8, 287, 125, 0, 3.37%, 102, 0, 7, 544.92, 3041198, 2211
5980, 13, 8, 287, 125, 0, 3.37%, 102, 0, 7, 403.38, 3043185, 2211
5985, 13, 179, 287, 125, 0, 3.37%, 102, 0, 7, 364.82, 3044881, 2211
5990, 13, 8, 287, 125, 0, 3.37%, 102, 0, 7, 405.78, 3047110, 2211
5997, 13, 68, 287, 125, 0, 3.37%, 102, 0, 7, 26.63, 3049858, 2211
6002, 13, 220, 287, 125, 0, 3.37%, 102, 0, 7, 524.16, 3051930, 2211
6007, 13, 44, 287, 125, 0, 3.37%, 102, 0, 7, 487.84, 3054477, 2211
6012, 13, 27, 287, 125, 0, 3.37%, 102, 0, 7, 81.59, 3056509, 2211
6017, 13, 122, 287, 125, 0, 3.37%, 102, 0, 7, 487.02, 3058860, 2211
6022, 13, 85, 287, 125, 0, 3.37%, 102, 0, 7, 502.46, 3061424, 2211
6027, 13, 18, 287, 125, 0, 3.37%, 102, 0, 7, 594.05, 3064317, 2211
6032, 13, 181, 287, 125, 0, 3.37%, 102, 0, 7, 233.18, 3065429, 2211
6037, 13, 44, 287, 125, 0, 3.37%, 102, 0, 7, 440.29, 3067709, 2211
6042, 13, 9, 287, 125, 0, 3.37%, 102, 0, 7, 625.77, 3070853, 2211
6048, 13, 11, 287, 125, 0, 3.37%, 102, 0, 7, 482.27, 3073235, 2211
6053, 13, 134, 287, 125, 0, 3.37%, 102, 0, 7, 431.62, 3075348, 2211
6058, 13, 11, 287, 125, 0, 3.37%, 102, 0, 7, 199.59, 3076326, 2211
6063, 13, 11, 287, 125, 0, 3.37%, 102, 0, 7, 249.59, 3077525, 2211
6068, 13, 11, 287, 125, 0, 3.37%, 102, 0, 7, 346.46, 3078682, 2211
6073, 13, 194, 287, 125, 0, 3.37%, 102, 0, 7, 407.62, 3080553, 2211
6078, 13, 188, 287, 125, 0, 3.37%, 102, 0, 7, 59.32, 3082161, 2211
6083, 13, 144, 287, 124, 0, 3.37%, 102, 0, 7, 460.23, 3084367, 2211
6088, 13, 68, 287, 124, 0, 3.37%, 102, 0, 7, 485.93, 3086674, 2211
6094, 13, 144, 287, 124, 0, 3.37%, 102, 0, 7, 944.32, 3088849, 2211
6099, 13, 101, 287, 124, 0, 3.37%, 102, 0, 7, 615.15, 3090339, 2211
6104, 13, 13, 287, 124, 0, 3.37%, 102, 0, 7, 90.62, 3093073, 2211
6109, 13, 13, 287, 124, 0, 3.37%, 102, 0, 7, 415.06, 3094428, 2211
6114, 13, 57, 287, 124, 0, 3.37%, 102, 0, 7, 492.14, 3096359, 2211
6119, 13, 181, 287, 124, 0, 3.37%, 102, 0, 7, 119.01, 3098593, 2211
6124, 13, 57, 287, 124, 0, 3.37%, 102, 0, 7, 789.57, 3100709, 2211
6129, 13, 43, 287, 124, 0, 3.37%, 102, 0, 7, 144.99, 3101984, 2211
6134, 13, 57, 287, 124, 0, 3.37%, 102, 0, 7, 497.36, 3103322, 2211
6139, 13, 181, 287, 124, 0, 3.37%, 102, 0, 7, 60.61, 3105624, 2211
6145, 13, 138, 287, 124, 0, 3.37%, 102, 0, 7, 406.76, 3107491, 2211
6150, 13, 220, 287, 124, 0, 3.37%, 102, 0, 7, 501.70, 3110179, 2211
6155, 13, 79, 287, 124, 0, 3.37%, 102, 0, 7, 53.02, 3112319, 2211
6160, 13, 135, 287, 124, 0, 3.37%, 102, 0, 7, 709.36, 3113998, 2211
6166, 13, 181, 287, 124, 0, 3.37%, 102, 0, 7, 4.50, 3115335, 2211
6172, 13, 103, 287, 124, 0, 3.37%, 102, 0, 7, 534.75, 3118073, 2211
6177, 13, 11, 287, 124, 0, 3.37%, 102, 0, 7, 462.23, 3120494, 2211
6182, 13, 85, 287, 124, 0, 3.37%, 102, 0, 7, 485.17, 3123129, 2211
6187, 13, 41, 287, 124, 0, 3.37%, 102, 0, 7, 79.69, 3125321, 2211
6192, 13, 56, 287, 124, 0, 3.37%, 102, 0, 7, 67.36, 3127388, 2211
6197, 13, 194, 287, 124, 0, 3.37%, 102, 0, 7, 322.85, 3129264, 2211
6203, 13, 44, 287, 124, 0, 3.37%, 102, 0, 7, 467.65, 3131393, 2211
6208, 13, 11, 287, 124, 0, 3.37%, 102, 0, 7, 691.69, 3134393, 2211
6213, 13, 11, 287, 124, 0, 3.37%, 102, 0, 7, 475.90, 3136643, 2211
6218, 13, 35, 287, 124, 0, 3.37%, 102, 0, 7, 57.47, 3138143, 2211
6223, 13, 43, 287, 124, 0, 3.37%, 102, 0, 7, 235.51, 3140168, 2211
6228, 13, 79, 287, 124, 0, 3.37%, 102, 0, 7, 363.97, 3142146, 2211
6234, 13, 189, 287, 124, 0, 3.37%, 102, 0, 7, 8.71, 3143827, 2211
6239, 13, 11, 287, 124, 0, 3.37%, 102, 0, 7, 354.38, 3145834, 2211
6244, 13, 194, 287, 124, 0, 3.37%, 102, 0, 7, 428.77, 3148041, 2211
6249, 13, 56, 287, 124, 0, 3.37%, 102, 0, 7, 97.13, 3150471, 2211
6254, 13, 42, 287, 124, 0, 3.37%, 102, 0, 7, 382.18, 3152700, 2211
6260, 13, 189, 287, 124, 0, 3.37%, 102, 0, 7, 403.51, 3154743, 2211
6265, 13, 11, 287, 124, 0, 3.37%, 102, 0, 7, 70.25, 3156984, 2211
6270, 13, 11, 287, 124, 0, 3.37%, 102, 0, 7, 117.14, 3157489, 2211
6275, 13, 11, 287, 124, 0, 3.37%, 102, 0, 7, 629.93, 3160397, 2211
6280, 13, 275, 287, 124, 0, 3.37%, 102, 0, 7, 589.45, 3163415, 2211
6285, 13, 128, 287, 123, 0, 3.37%, 102, 0, 7, 635.37, 3166701, 2211
6291, 13, 93, 288, 124, 0, 3.37%, 102, 0, 7, 528.06, 3169496, 2211
6296, 13, 71, 288, 123, 0, 3.37%, 102, 0, 7, 1210.00, 3172422, 2211
6302, 13, 8, 289, 124, 0, 3.37%, 102, 0, 7, 43.96, 3174952, 2211
6307, 13, 61, 289, 124, 0, 3.37%, 102, 0, 7, 527.55, 3177583, 2211
6312, 13, 98, 289, 124, 0, 3.37%, 102, 0, 7, 557.23, 3180489, 2211
6317, 13, 45, 289, 124, 0, 3.37%, 102, 0, 7, 1284.27, 3182618, 2211
6322, 13, 135, 289, 124, 0, 3.37%, 102, 0, 7, 110.83, 3186342, 2211
6328, 13, 13, 289, 124, 0, 3.37%, 102, 0, 7, 626.98, 3189595, 2211
6333, 13, 56, 289, 124, 0, 3.37%, 102, 0, 7, 83.79, 3191985, 2211
6338, 13, 101, 289, 124, 0, 3.37%, 102, 0, 7, 599.38, 3193733, 2211
6343, 13, 56, 289, 124, 0, 3.37%, 102, 0, 7, 573.34, 3196750, 2211
6348, 13, 122, 289, 124, 0, 3.37%, 102, 0, 7, 139.07, 3198886, 2211
6353, 13, 194, 289, 124, 0, 3.37%, 102, 0, 7, 532.69, 3201763, 2211
6358, 13, 194, 289, 124, 0, 3.37%, 102, 0, 7, 478.22, 3203947, 2211
6364, 13, 9, 289, 124, 0, 3.37%, 102, 0, 7, 332.81, 3205667, 2211
6370, 13, 9, 289, 124, 0, 3.37%, 102, 0, 7, 39.09, 3207203, 2211
6375, 13, 9, 289, 124, 0, 3.37%, 102, 0, 7, 624.04, 3209214, 2211
6380, 13, 87, 289, 124, 0, 3.37%, 102, 0, 7, 410.89, 3212092, 2211
6385, 13, 189, 289, 124, 0, 3.37%, 102, 0, 7, 572.35, 3215323, 2211
6390, 13, 11, 289, 124, 0, 3.37%, 102, 0, 7, 616.57, 3218656, 2211
6395, 13, 11, 289, 124, 0, 3.37%, 102, 0, 7, 603.28, 3221597, 2211
6400, 13, 56, 289, 124, 0, 3.37%, 102, 0, 7, 62.63, 3224123, 2211
6405, 13, 194, 289, 124, 0, 3.37%, 102, 0, 7, 496.90, 3225983, 2211
6410, 13, 35, 290, 125, 0, 3.37%, 102, 0, 7, 93.91, 3228065, 2211
6415, 13, 68, 290, 125, 0, 3.37%, 102, 0, 7, 546.15, 3231095, 2211
6420, 13, 11, 290, 125, 0, 3.37%, 102, 0, 7, 609.88, 3234123, 2211
6425, 13, 79, 290, 125, 0, 3.37%, 102, 0, 7, 269.26, 3235845, 2211
6430, 13, 80, 290, 125, 0, 3.37%, 102, 0, 7, 88.67, 3238289, 2211
6435, 13, 69, 290, 125, 0, 3.37%, 102, 0, 7, 832.48, 3240933, 2211
6440, 14, 29, 290, 124, 0, 3.37%, 102, 0, 7, 573.27, 3243202, 2211
6446, 14, 126, 290, 124, 0, 3.37%, 102, 0, 7, 538.31, 3245675, 2211
6451, 14, 245, 290, 124, 0, 3.37%, 102, 0, 7, 456.29, 3248272, 2211
6456, 14, 98, 290, 124, 0, 3.37%, 102, 0, 7, 512.94, 3250697, 2211
6461, 14, 61, 290, 124, 0, 3.37%, 102, 0, 7, 565.11, 3253330, 2211
6466, 14, 68, 290, 124, 0, 3.37%, 102, 0, 7, 128.95, 3255815, 2211
6471, 14, 11, 290, 124, 0, 3.37%, 102, 0, 7, 1.68, 3258249, 2211
6477, 14, 79, 290, 124, 0, 3.37%, 102, 0, 7, 653.46, 3261464, 2211
6482, 14, 11, 290, 124, 0, 3.37%, 102, 0, 7, 720.63, 3265262, 2211
6487, 14, 8, 290, 124, 0, 3.37%, 102, 0, 7, 515.98, 3267714, 2211
6492, 14, 56, 290, 124, 0, 3.37%, 102, 0, 7, 545.24, 3270641, 2211
6497, 14, 43, 290, 124, 0, 3.37%, 102, 0, 7, 1364.13, 3274096, 2211
6502, 14, 11, 290, 124, 0, 3.37%, 102, 0, 7, 768.98, 3277489, 2211
6508, 14, 0, 290, 124, 0, 3.37%, 102, 0, 7, 489.15, 3279602, 2211
6513, 14, 13, 290, 124, 0, 3.37%, 102, 0, 7, 107.32, 3282512, 2211
6518, 14, 13, 290, 124, 0, 3.37%, 102, 0, 7, 359.01, 3284419, 2211
6523, 14, 11, 290, 124, 0, 3.37%, 102, 0, 7, 639.90, 3287290, 2211
6528, 14, 42, 290, 124, 0, 3.37%, 102, 0, 7, 831.63, 3289728, 2211
6533, 14, 9, 290, 124, 0, 3.37%, 102, 0, 7, 553.30, 3292151, 2211
6540, 14, 144, 290, 124, 0, 3.37%, 102, 0, 7, 22.29, 3294217, 2211
6545, 14, 80, 290, 124, 0, 3.37%, 102, 0, 7, 596.55, 3297479, 2211
6550, 14, 89, 290, 124, 0, 3.37%, 102, 0, 7, 673.79, 3300148, 2211
6555, 14, 11, 290, 124, 0, 3.37%, 102, 0, 7, 728.51, 3304193, 2211
6560, 14, 99, 290, 124, 0, 3.37%, 102, 0, 7, 567.33, 3306427, 2211
6565, 14, 8, 290, 124, 0, 3.37%, 102, 0, 7, 548.47, 3309047, 2211
6570, 14, 80, 290, 124, 0, 3.37%, 102, 0, 7, 101.05, 3311701, 2211
6575, 14, 57, 290, 124, 0, 3.37%, 102, 0, 7, 366.38, 3314027, 2211
6581, 14, 87, 290, 124, 0, 3.37%, 102, 0, 7, 401.13, 3316068, 2211
6586, 14, 181, 290, 124, 0, 3.37%, 102, 0, 7, 641.93, 3319861, 2211
6591, 14, 35, 290, 124, 0, 3.37%, 102, 0, 7, 632.49, 3322428, 2211
6596, 14, 126, 290, 124, 0, 3.37%, 102, 0, 7, 706.47, 3324982, 2211
6601, 14, 135, 291, 125, 0, 3.37%, 102, 0, 7, 159.44, 3327719, 2211
6608, 14, 68, 291, 124, 0, 3.37%, 102, 0, 7, 101.94, 3330562, 2211
6613, 14, 35, 291, 124, 0, 3.37%, 102, 0, 7, 431.07, 3333109, 2211
6619, 14, 99, 291, 123, 0, 3.37%, 102, 0, 7, 1015.69, 3335069, 2211
6624, 14, 103, 291, 123, 0, 3.37%, 102, 0, 7, 734.80, 3338169, 2211
6629, 14, 200, 291, 123, 0, 3.37%, 102, 0, 7, 578.37, 3340948, 2211
6634, 14, 42, 291, 123, 0, 3.37%, 102, 0, 7, 1049.54, 3343433, 2211
6639, 14, 1, 291, 123, 0, 3.37%, 102, 0, 7, 833.41, 3347026, 2211
6644, 14, 1, 291, 123, 0, 3.37%, 102, 0, 7, 90.50, 3348311, 2211
6649, 14, 91, 291, 123, 0, 3.37%, 102, 0, 7, 707.07, 3350931, 2211
6654, 14, 161, 291, 123, 0, 3.37%, 102, 0, 7, 562.95, 3353455, 2211
6659, 14, 101, 291, 123, 0, 3.37%, 102, 0, 7, 549.29, 3356200, 2211
6664, 14, 93, 291, 123, 0, 3.37%, 102, 0, 7, 634.23, 3359221, 2211
6670, 14, 107, 291, 123, 0, 3.37%, 102, 0, 7, 605.42, 3362219, 2211
6675, 14, 99, 291, 123, 0, 3.37%, 102, 0, 7, 657.14, 3365494, 2211
6680, 14, 42, 291, 123, 0, 3.37%, 102, 0, 7, 647.08, 3367445, 2211
6685, 14, 80, 291, 123, 0, 3.37%, 102, 0, 7, 166.25, 3369461, 2211
6690, 14, 133, 291, 123, 0, 3.37%, 102, 0, 7, 1311.92, 3371468, 2211
6695, 14, 97, 291, 123, 0, 3.37%, 102, 0, 7, 579.46, 3374609, 2211
6700, 14, 11, 291, 123, 0, 3.37%, 102, 0, 7, 763.11, 3378104, 2211
6705, 14, 43, 291, 123, 0, 3.37%, 102, 0, 7, 502.79, 3380774, 2211
6711, 14, 80, 291, 123, 0, 3.37%, 102, 0, 7, 31.79, 3383477, 2211
6716, 14, 68, 291, 123, 0, 3.37%, 102, 0, 7, 1340.00, 3385592, 2211
6721, 14, 209, 291, 123, 0, 3.37%, 102, 0, 7, 544.23, 3388054, 2211
6726, 14, 8, 291, 123, 0, 3.37%, 102, 0, 7, 715.19, 3391745, 2211
6731, 14, 44, 291, 123, 0, 3.37%, 102, 0, 7, 562.99, 3394310, 2211
6737, 14, 87, 291, 123, 0, 3.37%, 102, 0, 7, 558.97, 3396625, 2211
6742, 14, 79, 291, 123, 0, 3.37%, 102, 0, 7, 694.76, 3399521, 2211
6747, 14, 1, 291, 123, 0, 3.37%, 102, 0, 7, 841.58, 3401873, 2211
6752, 14, 11, 291, 123, 0, 3.37%, 102, 0, 7, 531.49, 3404147, 2211
6757, 14, 278, 291, 123, 0, 3.37%, 102, 0, 7, 506.56, 3406290, 2211
6762, 14, 98, 291, 123, 0, 3.37%, 102, 0, 7, 569.70, 3409034, 2211
6767, 14, 89, 291, 123, 0, 3.37%, 102, 0, 7, 600.14, 3412129, 2211
6772, 14, 174, 291, 123, 0, 3.37%, 102, 0, 7, 535.91, 3414968, 2211
6779, 14, 79, 291, 123, 0, 3.37%, 102, 0, 7, 36.27, 3417585, 2211
6784, 14, 194, 291, 123, 0, 3.37%, 102, 0, 7, 595.71, 3420580, 2211
6790, 14, 11, 291, 123, 0, 3.37%, 102, 0, 7, 920.97, 3423696, 2211
6795, 14, 135, 291, 122, 0, 3.37%, 102, 0, 7, 731.62, 3427038, 2211
6800, 14, 68, 291, 122, 0, 3.37%, 102, 0, 7, 592.42, 3429604, 2211
6805, 14, 135, 291, 122, 0, 3.37%, 102, 0, 7, 163.46, 3432402, 2211
6810, 14, 68, 291, 122, 0, 3.37%, 102, 0, 7, 568.58, 3435711, 2211
6815, 14, 55, 291, 122, 0, 3.37%, 102, 0, 7, 151.86, 3437235, 2211
6820, 14, 54, 291, 122, 0, 3.37%, 102, 0, 7, 420.89, 3439345, 2211
6825, 14, 8, 291, 122, 0, 3.37%, 102, 0, 7, 493.36, 3441920, 2211
6830, 14, 110, 291, 122, 0, 3.37%, 102, 0, 7, 508.85, 3444401, 2211
6836, 14, 56, 292, 122, 0, 3.37%, 102, 0, 7, 604.69, 3447720, 2211
6841, 14, 99, 292, 122, 0, 3.37%, 102, 0, 7, 774.23, 3449134, 2211
6848, 14, 11, 292, 122, 0, 3.37%, 102, 0, 7, 6.36, 3451116, 2211
6853, 14, 161, 292, 122, 0, 3.37%, 102, 0, 7, 263.27, 3453315, 2211
6858, 14, 87, 292, 122, 0, 3.37%, 102, 0, 7, 508.95, 3455847, 2211
6863, 14, 56, 292, 122, 0, 3.37%, 102, 0, 7, 592.71, 3459066, 2211
6868, 14, 181, 292, 122, 0, 3.37%, 102, 0, 7, 614.97, 3461628, 2211
6873, 14, 42, 292, 122, 0, 3.37%, 102, 0, 7, 694.13, 3464844, 2211
6878, 14, 13, 292, 122, 0, 3.37%, 102, 0, 7, 663.52, 3467791, 2211
6884, 14, 13, 292, 122, 0, 3.37%, 102, 0, 7, 429.68, 3469697, 2211
6889, 14, 43, 292, 122, 0, 3.37%, 102, 0, 7, 428.91, 3471817, 2211
6894, 14, 80, 292, 122, 0, 3.37%, 102, 0, 7, 659.41, 3475637, 2211
6899, 14, 56, 292, 122, 0, 3.37%, 102, 0, 7, 155.00, 3477721, 2211
6904, 14, 11, 292, 122, 0, 3.37%, 102, 0, 7, 423.82, 3479940, 2211
6909, 14, 11, 292, 122, 0, 3.37%, 102, 0, 7, 329.95, 3481361, 2211
6916, 14, 220, 292, 122, 0, 3.37%, 102, 0, 7, 4.77, 3484000, 2211
6921, 14, 76, 292, 122, 0, 3.37%, 102, 0, 7, 493.40, 3486321, 2211
6926, 14, 11, 292, 122, 0, 3.37%, 102, 0, 7, 921.42, 3489338, 2211
6931, 14, 89, 292, 122, 0, 3.37%, 102, 0, 7, 657.25, 3492165, 2211
6936, 14, 29, 292, 122, 0, 3.37%, 102, 0, 7, 641.05, 3495336, 2211
6941, 15, 64, 292, 122, 0, 3.37%, 102, 0, 7, 663.24, 3498636, 2211
6946, 15, 245, 292, 122, 0, 3.37%, 102, 0, 7, 596.69, 3501948, 2211
6951, 15, 245, 292, 122, 0, 3.37%, 102, 0, 7, 344.76, 3502956, 2211
6957, 15, 98, 292, 122, 0, 3.37%, 102, 0, 7, 395.62, 3504915, 2211
6962, 15, 234, 292, 122, 0, 3.37%, 102, 0, 7, 409.74, 3507096, 2211
