relative_time_sec,total_execs,coverage_seen,coverage_percent,interesting_test_cases,corpus_size,unique_bugs,unique_crashes,validity_bugs,functional_bugs,bonus_bugs
0.000000,0.000000,0.000000,0.000000,11,11,0,0,0,0,0
15.377262,319.973173,5.804168,0.008856,12,12,0,0,0,0,0
15.756274,327.859738,5.947227,0.009075,13,13,0,0,0,0,0
34.704040,722.128673,13.099087,0.019988,14,14,0,0,0,0,0
58.154338,1210.087202,21.950434,0.033494,15,15,0,0,0,0,0
59.925397,1246.939755,22.618922,0.034514,16,16,0,0,0,0,0
60.794944,1265.033453,22.947134,0.035015,17,17,0,0,0,0,0
60.951837,1268.298129,23.006354,0.035105,18,18,0,0,0,0,0
66.536349,1384.501781,25.114235,0.038321,19,19,0,0,0,0,0
70.615066,1469.372543,26.653752,0.040670,20,20,0,0,0,0,0
128.650873,2676.993318,48.559446,0.074096,21,21,0,0,0,0,0
128.681837,2677.637626,48.571134,0.074114,22,21,0,0,0,0,0
129.010731,2684.481316,48.695275,0.074303,23,22,0,0,0,0,0
133.214613,2771.956556,50.282037,0.076724,24,23,0,0,0,0,0
197.054726,4100.354502,74.378574,0.113493,25,24,0,0,0,0,0
198.868744,4138.100954,75.063277,0.114537,26,25,0,0,0,0,0
198.956842,4139.934116,75.096530,0.114588,27,26,0,0,0,0,0
205.006294,4265.812336,77.379904,0.118072,28,27,0,0,0,0,0
314.347694,6541.010247,118.650963,0.181047,29,28,0,0,0,0,0
314.379694,6541.676111,118.663042,0.181065,30,28,0,0,0,0,0
314.724450,6548.849851,118.793170,0.181264,31,29,0,0,0,0,0
327.804589,6821.024021,123.730287,0.188797,32,29,0,0,0,0,0
394.254628,8203.729849,148.811944,0.227069,33,30,0,0,0,0,0
783.236730,16297.747907,295.633766,0.451101,34,31,0,0,0,0,0
784.060096,16314.880676,295.944546,0.451576,35,32,0,0,0,0,0
794.287907,16527.703033,299.805048,0.457466,36,33,0,0,0,0,0
805.855443,16768.402664,304.171230,0.464128,37,34,0,0,0,0,0
843.356958,17548.741753,318.326228,0.485727,38,35,0,0,0,0,0
898.550518,18697.220473,339.159111,0.517516,39,36,0,0,0,0,0
898.609615,18698.450187,339.181418,0.517550,40,37,0,0,0,0,0
899.330606,18713.452711,339.453557,0.517965,41,38,0,0,0,0,0
899.425162,18715.420253,339.489247,0.518019,42,39,0,0,0,0,0
916.131864,19063.056669,345.795214,0.527642,43,40,0,0,0,0,0
920.773564,19159.642110,347.547231,0.530315,44,41,0,0,0,0,0
1021.387034,21253.227496,385.523921,0.588263,45,41,0,0,0,0,0
1021.657993,21258.865664,385.626195,0.588419,46,41,0,0,0,0,0
1022.078176,21267.608905,385.784793,0.588661,47,41,0,0,0,0,0
1022.718368,21280.930165,386.026435,0.589030,48,41,0,0,0,0,0
1022.935057,21285.439076,386.108225,0.589154,49,42,0,0,0,0,0
1023.175385,21290.439871,386.198937,0.589293,50,42,0,0,0,0,0
1041.595962,21673.738935,393.151808,0.599902,51,42,0,0,0,0,0
1045.986847,21765.105374,394.809154,0.602431,52,42,0,0,0,0,0
1386.758248,28855.945433,523.433781,0.798697,53,42,0,0,0,0,0
1446.763118,30104.538874,546.082701,0.833256,54,43,0,0,0,0,0
1481.907093,30835.821807,559.347842,0.853497,55,44,0,0,0,0,0
1611.104068,33524.178527,608.113415,0.927907,56,45,0,0,0,0,0
1611.599602,33534.489697,608.300455,0.928193,57,45,0,0,0,0,0
1611.675602,33536.071120,608.329142,0.928237,58,45,0,0,0,0,0
1612.471602,33552.634448,608.629593,0.928695,59,45,0,0,0,0,0
1620.735195,33724.584953,611.748697,0.933454,60,46,0,0,0,0,0
1650.802724,34350.236168,623.097727,0.950772,61,46,0,0,0,0,0
1758.352416,36588.151853,663.692504,1.012714,62,47,0,0,0,0,0
2287.303687,47594.676639,863.345879,1.317361,63,48,0,0,0,0,0
2289.341648,47637.082933,864.115110,1.318535,64,49,0,0,0,0,0
2302.005253,47900.589781,868.895005,1.325829,65,50,0,0,0,0,0
2580.863014,53703.118356,974.150245,1.486435,66,51,0,0,0,0,0
2737.485122,56962.142776,1033.267472,1.576641,67,51,0,0,0,0,0
3566.662291,74215.828607,1346.241519,2.054202,68,52,0,0,0,0,0
3658.749604,76132.000000,1381.000000,2.107239,68,52,0,0,0,0,0
