# relative_time, cycles_done, cur_item, corpus_count, pending_total, pending_favs, map_size, saved_crashes, saved_hangs, max_depth, execs_per_sec, total_execs, edges_found
61, 0, 35, 60, 41, 0, 1.39%, 15, 0, 3, 315.01, 22468, 909
66, 0, 1, 61, 42, 0, 1.39%, 16, 0, 3, 306.24, 24086, 909
71, 0, 1, 62, 43, 0, 1.39%, 16, 0, 3, 246.49, 25390, 909
76, 0, 61, 63, 43, 0, 1.39%, 16, 0, 3, 289.78, 27139, 909
81, 0, 61, 64, 44, 0, 1.39%, 16, 0, 3, 180.78, 27932, 909
86, 0, 23, 64, 44, 0, 1.39%, 16, 0, 3, 338.82, 29782, 909
91, 0, 14, 64, 44, 0, 1.39%, 17, 0, 3, 396.53, 31792, 909
96, 0, 30, 64, 44, 0, 1.39%, 17, 0, 3, 414.78, 33934, 909
101, 0, 12, 65, 45, 0, 1.39%, 17, 1, 3, 333.70, 35458, 909
106, 0, 12, 65, 45, 0, 1.39%, 17, 1, 3, 399.01, 37509, 909
112, 0, 23, 65, 45, 0, 1.39%, 17, 2, 3, 332.97, 38804, 909
117, 0, 61, 65, 45, 0, 1.39%, 17, 2, 3, 69.30, 39874, 909
122, 0, 23, 65, 45, 0, 1.39%, 17, 2, 3, 210.42, 40831, 909
127, 0, 61, 65, 45, 0, 1.39%, 17, 2, 3, 251.91, 42318, 909
132, 1, 35, 65, 45, 0, 1.39%, 17, 2, 3, 337.28, 43867, 909
137, 1, 61, 65, 45, 0, 1.39%, 17, 2, 3, 231.85, 44958, 909
142, 1, 61, 65, 45, 0, 1.39%, 18, 2, 3, 204.34, 45913, 909
147, 1, 33, 65, 45, 0, 1.39%, 18, 2, 3, 396.27, 48222, 909
152, 1, 61, 65, 44, 0, 1.39%, 18, 2, 3, 345.18, 49938, 909
157, 1, 9, 65, 42, 0, 1.39%, 18, 2, 3, 385.66, 51734, 909
162, 1, 9, 65, 42, 0, 1.39%, 18, 2, 3, 402.26, 53645, 909
167, 1, 17, 65, 41, 0, 1.39%, 18, 2, 3, 399.28, 55609, 909
172, 1, 9, 65, 41, 0, 1.39%, 18, 2, 3, 392.97, 57558, 909
178, 1, 17, 65, 41, 0, 1.39%, 18, 2, 3, 306.89, 58992, 909
183, 1, 9, 65, 41, 0, 1.39%, 18, 2, 3, 330.53, 60618, 909
188, 1, 17, 65, 41, 0, 1.39%, 18, 2, 3, 400.77, 62832, 909
193, 1, 17, 65, 41, 0, 1.39%, 18, 2, 3, 338.01, 64446, 909
198, 1, 9, 65, 41, 0, 1.39%, 18, 2, 3, 389.45, 66393, 909
203, 1, 17, 65, 41, 0, 1.39%, 18, 2, 3, 354.40, 68204, 909
208, 1, 9, 65, 41, 0, 1.39%, 18, 2, 3, 375.78, 70090, 909
213, 1, 9, 66, 42, 0, 1.39%, 18, 2, 3, 352.91, 71797, 909
218, 1, 9, 66, 42, 0, 1.39%, 18, 2, 3, 331.43, 73446, 909
223, 1, 9, 66, 42, 0, 1.39%, 18, 2, 3, 200.12, 74354, 909
229, 1, 9, 66, 42, 0, 1.39%, 18, 2, 3, 349.10, 76346, 909
234, 1, 9, 67, 43, 0, 1.39%, 18, 2, 3, 339.33, 77974, 909
239, 1, 9, 67, 43, 0, 1.39%, 18, 2, 3, 373.88, 79863, 909
244, 1, 9, 80, 56, 0, 1.39%, 19, 2, 3, 79.87, 80609, 909
249, 1, 9, 86, 62, 0, 1.39%, 20, 2, 3, 83.22, 81037, 909
254, 1, 9, 91, 67, 0, 1.39%, 20, 2, 3, 84.90, 81629, 909
259, 1, 61, 91, 67, 0, 1.39%, 20, 2, 3, 107.07, 82237, 909
264, 1, 9, 91, 67, 0, 1.39%, 20, 2, 3, 273.39, 83858, 909
269, 1, 61, 91, 67, 0, 1.39%, 22, 2, 3, 210.48, 84856, 909
274, 1, 9, 91, 67, 0, 1.39%, 22, 2, 3, 350.80, 86915, 909
279, 1, 9, 91, 67, 0, 1.39%, 22, 2, 3, 345.37, 88430, 909
285, 1, 35, 91, 67, 0, 1.39%, 23, 2, 3, 245.87, 89562, 909
290, 1, 9, 93, 69, 0, 1.39%, 24, 2, 3, 206.19, 90802, 909
295, 1, 35, 93, 69, 0, 1.39%, 24, 2, 3, 337.64, 92553, 909
300, 1, 9, 93, 69, 0, 1.39%, 24, 2, 3, 404.72, 94697, 909
305, 1, 17, 93, 69, 0, 1.39%, 24, 2, 3, 381.85, 96517, 909
311, 1, 17, 93, 69, 0, 1.39%, 24, 2, 3, 315.44, 98114, 909
316, 1, 9, 93, 69, 0, 1.39%, 24, 2, 3, 317.46, 99838, 909
321, 1, 9, 93, 69, 0, 1.39%, 25, 2, 3, 357.38, 101486, 909
326, 1, 9, 93, 69, 0, 1.39%, 27, 2, 3, 262.52, 102627, 909
331, 1, 12, 93, 69, 0, 1.39%, 27, 2, 3, 385.72, 104823, 909
336, 1, 12, 93, 69, 0, 1.39%, 27, 2, 3, 357.62, 106626, 909
341, 1, 9, 93, 69, 0, 1.39%, 27, 2, 3, 366.52, 108390, 909
346, 1, 9, 94, 70, 0, 1.39%, 27, 2, 3, 313.19, 110127, 909
351, 1, 12, 94, 70, 0, 1.39%, 27, 2, 3, 325.02, 111783, 909
356, 1, 12, 94, 70, 0, 1.39%, 27, 2, 3, 290.23, 113205, 909
362, 1, 35, 94, 70, 0, 1.39%, 27, 2, 3, 299.12, 114653, 909
367, 1, 9, 94, 70, 0, 1.39%, 27, 2, 3, 309.37, 116414, 909
372, 1, 9, 95, 71, 0, 1.39%, 27, 2, 3, 284.79, 117904, 909
377, 1, 9, 98, 74, 0, 1.39%, 27, 2, 3, 219.72, 118956, 909
382, 1, 17, 99, 75, 0, 1.39%, 27, 2, 3, 326.46, 120837, 909
387, 1, 17, 102, 78, 0, 1.39%, 27, 2, 3, 73.25, 121856, 909
392, 1, 17, 104, 80, 0, 1.39%, 27, 2, 3, 93.14, 122332, 909
397, 1, 9, 104, 80, 0, 1.39%, 27, 2, 3, 322.01, 123956, 909
403, 1, 9, 104, 80, 0, 1.39%, 27, 2, 3, 399.83, 126050, 909
408, 1, 12, 104, 80, 0, 1.39%, 27, 2, 3, 366.56, 127802, 909
413, 1, 12, 104, 80, 0, 1.39%, 27, 2, 3, 323.28, 129403, 909
418, 1, 9, 104, 80, 0, 1.39%, 27, 2, 3, 327.71, 131039, 909
423, 1, 9, 104, 80, 0, 1.39%, 27, 2, 3, 363.78, 132714, 909
428, 1, 9, 105, 81, 0, 1.39%, 27, 2, 3, 260.08, 134082, 909
433, 1, 17, 105, 81, 0, 1.39%, 27, 2, 3, 366.68, 135941, 909
439, 1, 17, 105, 81, 0, 1.39%, 27, 2, 3, 254.77, 137297, 909
444, 1, 9, 105, 81, 0, 1.39%, 27, 2, 3, 384.99, 139348, 909
449, 1, 9, 105, 81, 0, 1.39%, 27, 2, 3, 420.60, 141406, 909
454, 1, 17, 105, 81, 0, 1.39%, 27, 2, 3, 370.88, 143183, 909
459, 1, 17, 105, 81, 0, 1.39%, 28, 2, 3, 250.36, 144444, 909
464, 1, 17, 105, 81, 0, 1.39%, 28, 2, 3, 253.18, 145834, 909
469, 1, 12, 105, 81, 0, 1.39%, 28, 2, 3, 348.51, 147770, 909
474, 1, 12, 105, 81, 0, 1.39%, 28, 2, 3, 313.62, 149313, 909
479, 1, 9, 105, 81, 0, 1.39%, 28, 2, 3, 307.41, 150935, 909
484, 1, 12, 105, 81, 0, 1.39%, 28, 2, 3, 312.96, 152579, 909
489, 1, 12, 105, 81, 0, 1.39%, 28, 2, 3, 348.22, 154338, 909
494, 1, 9, 105, 81, 0, 1.39%, 28, 2, 3, 297.50, 155934, 909
500, 1, 9, 106, 82, 0, 1.39%, 28, 2, 3, 305.45, 157281, 909
505, 1, 35, 106, 82, 0, 1.39%, 29, 2, 3, 261.17, 158451, 909
510, 1, 9, 106, 82, 0, 1.39%, 29, 2, 3, 440.00, 160407, 909
515, 1, 17, 106, 82, 0, 1.39%, 29, 2, 3, 381.93, 162295, 909
520, 1, 17, 106, 82, 0, 1.39%, 29, 2, 3, 329.27, 163980, 909
525, 1, 17, 106, 82, 0, 1.39%, 29, 2, 3, 364.49, 165845, 909
530, 1, 17, 106, 82, 0, 1.39%, 29, 2, 3, 386.13, 167831, 909
535, 2, 9, 106, 82, 0, 1.39%, 29, 2, 3, 415.84, 169927, 909
541, 2, 9, 106, 82, 0, 1.39%, 29, 2, 3, 388.01, 171973, 909
546, 2, 12, 106, 82, 0, 1.39%, 29, 2, 3, 315.98, 173459, 909
551, 2, 12, 106, 82, 0, 1.39%, 29, 2, 3, 268.50, 174701, 909
556, 2, 9, 106, 82, 0, 1.39%, 29, 2, 3, 71.96, 175910, 909
561, 2, 9, 106, 82, 0, 1.39%, 29, 2, 3, 281.66, 176706, 909
566, 2, 9, 106, 82, 0, 1.39%, 29, 2, 3, 225.00, 177458, 909
571, 2, 9, 106, 82, 0, 1.39%, 29, 2, 3, 257.17, 178806, 909
577, 2, 9, 106, 82, 0, 1.39%, 29, 2, 3, 364.05, 180664, 909
582, 2, 9, 107, 83, 0, 1.39%, 29, 2, 3, 199.12, 181631, 909
587, 2, 17, 107, 83, 0, 1.39%, 29, 2, 3, 272.60, 183015, 909
592, 2, 17, 107, 83, 0, 1.39%, 29, 2, 3, 226.97, 184117, 909
597, 2, 17, 107, 83, 0, 1.39%, 29, 2, 3, 194.85, 185045, 909
602, 2, 17, 107, 83, 0, 1.39%, 29, 2, 3, 160.44, 185794, 909
607, 2, 9, 107, 83, 0, 1.39%, 29, 2, 3, 187.24, 186745, 909
612, 2, 9, 107, 83, 0, 1.39%, 29, 2, 3, 178.51, 187714, 909
617, 2, 9, 107, 83, 0, 1.39%, 29, 2, 3, 223.91, 188769, 909
622, 2, 9, 107, 83, 0, 1.39%, 29, 2, 3, 137.04, 189646, 909
628, 2, 9, 107, 83, 0, 1.39%, 29, 2, 3, 232.21, 191022, 909
633, 2, 9, 107, 83, 0, 1.39%, 29, 2, 3, 270.52, 192470, 909
638, 2, 9, 107, 83, 0, 1.39%, 29, 2, 3, 305.41, 194053, 909
643, 2, 35, 107, 83, 0, 1.39%, 29, 2, 3, 296.30, 195625, 909
648, 2, 17, 107, 83, 0, 1.39%, 29, 2, 3, 317.11, 197172, 909
653, 2, 17, 107, 83, 0, 1.39%, 29, 2, 3, 318.67, 198804, 909
658, 2, 58, 107, 83, 0, 1.39%, 29, 2, 3, 28.36, 199813, 909
663, 2, 9, 107, 82, 0, 1.39%, 29, 2, 3, 272.61, 200486, 909
668, 2, 9, 107, 82, 0, 1.39%, 29, 2, 3, 345.64, 201682, 909
673, 2, 61, 108, 83, 0, 1.39%, 32, 2, 3, 38.11, 202582, 909
678, 2, 9, 108, 83, 0, 1.39%, 32, 2, 3, 308.28, 203924, 909
684, 2, 23, 108, 83, 0, 1.39%, 32, 2, 3, 288.78, 205240, 909
689, 2, 35, 109, 84, 0, 1.39%, 32, 2, 3, 337.04, 206248, 909
694, 2, 9, 109, 84, 0, 1.39%, 32, 2, 3, 290.46, 207713, 909
699, 2, 9, 109, 84, 0, 1.39%, 32, 2, 3, 306.29, 209115, 909
704, 2, 9, 109, 84, 0, 1.39%, 32, 2, 3, 240.78, 210097, 909
709, 2, 9, 109, 84, 0, 1.39%, 32, 2, 3, 314.04, 211825, 909
714, 2, 35, 109, 83, 0, 1.39%, 32, 2, 3, 306.94, 212796, 909
719, 2, 9, 109, 83, 0, 1.39%, 32, 2, 3, 59.27, 214224, 909
724, 2, 9, 109, 83, 0, 1.39%, 32, 2, 3, 145.94, 215170, 909
729, 2, 9, 109, 83, 0, 1.39%, 32, 2, 3, 302.78, 216934, 909
734, 2, 9, 110, 84, 0, 1.39%, 32, 2, 3, 54.75, 218363, 909
739, 2, 35, 110, 84, 0, 1.39%, 32, 2, 3, 252.74, 219520, 909
745, 2, 9, 110, 84, 0, 1.39%, 32, 2, 3, 51.40, 220966, 909
750, 2, 35, 110, 84, 0, 1.39%, 32, 2, 3, 131.38, 221844, 909
755, 2, 9, 110, 84, 0, 1.39%, 32, 2, 3, 269.44, 223420, 909
760, 2, 9, 110, 84, 0, 1.39%, 32, 2, 3, 292.80, 224753, 909
765, 2, 9, 110, 84, 0, 1.39%, 32, 2, 3, 281.52, 226063, 909
770, 2, 9, 110, 84, 0, 1.39%, 32, 2, 3, 254.00, 227385, 909
775, 2, 23, 110, 84, 0, 1.39%, 32, 2, 3, 185.70, 228352, 909
780, 2, 23, 111, 85, 0, 1.39%, 32, 2, 3, 185.32, 229196, 909
786, 2, 35, 111, 84, 0, 1.39%, 32, 2, 3, 195.18, 230179, 909
791, 2, 9, 111, 84, 0, 1.39%, 32, 2, 3, 243.27, 231555, 909
796, 2, 9, 111, 84, 0, 1.39%, 32, 2, 3, 231.10, 232793, 909
801, 2, 9, 111, 84, 0, 1.39%, 32, 2, 3, 208.89, 233761, 909
806, 2, 61, 111, 84, 0, 1.39%, 32, 2, 3, 245.47, 234603, 909
811, 2, 9, 111, 83, 0, 1.39%, 32, 2, 3, 211.87, 235507, 909
816, 2, 9, 111, 83, 0, 1.39%, 32, 2, 3, 267.92, 236927, 909
821, 2, 17, 111, 83, 0, 1.39%, 32, 2, 3, 305.17, 238344, 909
826, 2, 17, 111, 83, 0, 1.39%, 32, 2, 3, 332.21, 239997, 909
831, 2, 17, 111, 83, 0, 1.39%, 32, 2, 3, 274.82, 241333, 909
837, 2, 9, 111, 83, 0, 1.39%, 32, 2, 3, 46.27, 242509, 909
842, 2, 9, 111, 83, 0, 1.39%, 32, 2, 3, 231.62, 243545, 909
847, 2, 9, 111, 83, 0, 1.39%, 32, 2, 3, 303.15, 245232, 909
852, 2, 35, 111, 83, 0, 1.39%, 32, 2, 3, 214.82, 246197, 909
857, 2, 9, 111, 83, 0, 1.39%, 32, 2, 3, 337.05, 247638, 909
862, 2, 9, 111, 83, 0, 1.39%, 32, 2, 3, 281.31, 248758, 909
867, 2, 12, 111, 83, 0, 1.39%, 32, 2, 3, 305.96, 250282, 909
872, 2, 12, 111, 83, 0, 1.39%, 32, 2, 3, 217.16, 251425, 909
878, 2, 12, 111, 83, 0, 1.39%, 32, 2, 3, 292.59, 252397, 909
883, 2, 9, 111, 83, 0, 1.39%, 32, 2, 3, 361.62, 253859, 909
888, 2, 9, 111, 83, 0, 1.39%, 32, 2, 3, 230.78, 255145, 909
893, 2, 9, 111, 83, 0, 1.39%, 32, 2, 3, 204.90, 256265, 909
898, 2, 61, 111, 83, 0, 1.39%, 32, 2, 3, 275.34, 257907, 909
903, 2, 20, 111, 83, 0, 1.39%, 32, 2, 3, 221.79, 258935, 909
908, 2, 9, 111, 82, 0, 1.39%, 32, 2, 3, 263.52, 260352, 909
913, 2, 9, 111, 82, 0, 1.39%, 32, 2, 3, 325.22, 262187, 909
918, 2, 9, 111, 82, 0, 1.39%, 32, 2, 3, 94.54, 263307, 909
924, 2, 9, 111, 82, 0, 1.39%, 32, 2, 3, 207.51, 264607, 909
929, 2, 9, 111, 82, 0, 1.39%, 32, 2, 3, 253.45, 265689, 909
934, 2, 9, 111, 82, 0, 1.39%, 32, 2, 3, 163.55, 266477, 909
939, 2, 9, 111, 82, 0, 1.39%, 32, 2, 3, 291.34, 267994, 909
944, 2, 9, 111, 82, 0, 1.39%, 32, 2, 3, 28.64, 268524, 909
949, 2, 11, 111, 82, 0, 1.39%, 32, 2, 3, 50.13, 269314, 909
954, 2, 23, 111, 81, 0, 1.39%, 32, 2, 3, 250.65, 270498, 909
959, 2, 9, 111, 81, 0, 1.39%, 32, 2, 3, 247.63, 271752, 909
964, 2, 9, 111, 81, 0, 1.39%, 32, 2, 3, 151.33, 272779, 909
969, 2, 9, 111, 81, 0, 1.39%, 32, 2, 3, 355.79, 273911, 909
974, 2, 9, 111, 81, 0, 1.39%, 32, 2, 3, 251.50, 274992, 909
979, 2, 9, 111, 81, 0, 1.39%, 32, 2, 3, 198.95, 275888, 909
985, 2, 9, 111, 81, 0, 1.39%, 32, 2, 3, 209.60, 277017, 909
990, 2, 9, 111, 81, 0, 1.39%, 32, 2, 3, 64.43, 277648, 909
995, 2, 9, 111, 81, 0, 1.39%, 32, 2, 3, 200.27, 278845, 909
1000, 2, 9, 111, 81, 0, 1.39%, 32, 2, 3, 239.90, 279787, 909
1005, 2, 35, 111, 81, 0, 1.39%, 32, 2, 3, 273.17, 281212, 909
1010, 2, 35, 111, 81, 0, 1.39%, 32, 2, 3, 222.48, 282390, 909
1015, 2, 9, 111, 81, 0, 1.39%, 32, 2, 3, 225.32, 283571, 909
1020, 2, 9, 111, 81, 0, 1.39%, 32, 2, 3, 208.74, 284545, 909
1025, 2, 35, 111, 80, 0, 1.39%, 32, 2, 3, 129.17, 285193, 909
1030, 2, 9, 111, 80, 0, 1.39%, 32, 2, 3, 215.73, 286343, 909
1036, 2, 9, 111, 80, 0, 1.39%, 32, 2, 3, 150.88, 287021, 909
1041, 2, 44, 111, 80, 0, 1.39%, 32, 2, 3, 144.74, 287733, 909
1046, 2, 9, 111, 80, 0, 1.39%, 32, 2, 3, 158.39, 288631, 909
1051, 2, 9, 111, 80, 0, 1.39%, 32, 2, 3, 221.09, 289306, 909
1056, 2, 12, 111, 80, 0, 1.39%, 32, 2, 3, 204.36, 290324, 909
1061, 2, 12, 111, 80, 0, 1.39%, 32, 2, 3, 47.99, 291129, 909
1067, 2, 12, 111, 80, 0, 1.39%, 32, 2, 3, 106.47, 291665, 909
1072, 2, 35, 111, 80, 0, 1.39%, 32, 2, 3, 173.74, 292625, 909
1077, 2, 9, 111, 80, 0, 1.39%, 32, 2, 3, 217.50, 293760, 909
1082, 2, 12, 111, 80, 0, 1.39%, 32, 2, 3, 224.08, 294928, 909
1087, 2, 12, 111, 80, 0, 1.39%, 32, 2, 3, 204.40, 295915, 909
1092, 2, 12, 111, 80, 0, 1.39%, 32, 2, 3, 192.65, 296814, 909
1097, 2, 30, 111, 80, 0, 1.39%, 32, 2, 3, 231.31, 297533, 909
1102, 2, 61, 111, 80, 0, 1.39%, 32, 2, 3, 25.80, 298175, 909
1107, 2, 9, 111, 80, 0, 1.39%, 32, 2, 3, 113.88, 298730, 909
1112, 2, 9, 111, 80, 0, 1.39%, 32, 2, 3, 214.71, 299900, 909
1118, 2, 9, 111, 80, 0, 1.39%, 32, 2, 3, 166.30, 300613, 909
1123, 2, 9, 111, 80, 0, 1.39%, 32, 2, 3, 37.32, 301453, 909
1128, 2, 9, 111, 80, 0, 1.39%, 32, 2, 3, 333.36, 301909, 909
1133, 2, 9, 111, 80, 0, 1.39%, 32, 2, 3, 239.43, 303077, 909
1138, 2, 9, 111, 80, 0, 1.39%, 32, 2, 3, 270.85, 304589, 909
1143, 2, 9, 111, 80, 0, 1.39%, 32, 2, 3, 346.85, 306106, 909
1148, 2, 35, 111, 80, 0, 1.39%, 32, 2, 3, 271.73, 307428, 909
1153, 2, 9, 111, 80, 0, 1.39%, 32, 2, 3, 240.39, 308749, 909
1159, 2, 9, 111, 80, 0, 1.39%, 32, 2, 3, 242.46, 309811, 909
1164, 2, 9, 111, 80, 0, 1.39%, 32, 2, 3, 351.69, 310909, 909
1169, 3, 9, 111, 80, 0, 1.39%, 32, 2, 3, 228.33, 312265, 909
1174, 3, 12, 111, 80, 0, 1.39%, 32, 2, 3, 287.19, 313810, 909
1179, 3, 12, 111, 80, 0, 1.39%, 32, 2, 3, 313.97, 315360, 909
1184, 3, 9, 111, 80, 0, 1.39%, 32, 2, 3, 310.36, 316994, 909
1189, 3, 9, 111, 80, 0, 1.39%, 32, 2, 3, 318.71, 318454, 909
1194, 3, 35, 111, 80, 0, 1.39%, 32, 2, 3, 333.00, 320224, 909
1199, 3, 9, 111, 80, 0, 1.39%, 32, 2, 3, 363.93, 322161, 909
1205, 3, 17, 111, 80, 0, 1.39%, 32, 2, 3, 382.41, 324066, 909
1210, 3, 17, 111, 80, 0, 1.39%, 32, 2, 3, 90.77, 325611, 909
1215, 3, 9, 111, 80, 0, 1.39%, 32, 2, 3, 291.51, 327102, 909
1220, 3, 35, 111, 80, 0, 1.39%, 32, 2, 3, 353.95, 329122, 909
1225, 3, 9, 111, 80, 0, 1.39%, 32, 2, 3, 62.37, 330557, 909
1230, 3, 12, 111, 80, 0, 1.39%, 32, 2, 3, 321.15, 331792, 909
1235, 3, 12, 111, 80, 0, 1.39%, 32, 2, 3, 307.95, 333341, 909
1240, 3, 9, 111, 80, 0, 1.39%, 32, 2, 3, 346.90, 335104, 909
1245, 3, 61, 111, 80, 0, 1.39%, 32, 2, 3, 285.76, 336669, 909
1250, 3, 9, 111, 80, 0, 1.39%, 32, 2, 3, 325.13, 337850, 909
1255, 3, 9, 111, 80, 0, 1.39%, 32, 2, 3, 182.18, 338594, 909
1260, 3, 9, 111, 80, 0, 1.39%, 33, 2, 3, 271.26, 340052, 909
1265, 3, 9, 111, 80, 0, 1.39%, 33, 2, 3, 219.02, 340816, 909
1271, 3, 9, 111, 80, 0, 1.39%, 33, 2, 3, 259.54, 342163, 909
1276, 3, 9, 111, 80, 0, 1.39%, 33, 2, 3, 325.88, 343950, 909
1281, 3, 9, 111, 80, 0, 1.39%, 33, 2, 3, 361.98, 345904, 909
1286, 3, 17, 111, 80, 0, 1.39%, 33, 2, 3, 390.86, 347795, 909
1291, 3, 17, 111, 80, 0, 1.39%, 33, 2, 3, 364.28, 349679, 909
1296, 3, 17, 111, 80, 0, 1.39%, 33, 2, 3, 68.90, 350922, 909
1301, 3, 61, 111, 80, 0, 1.39%, 33, 2, 3, 135.77, 351666, 909
1306, 3, 66, 111, 80, 0, 1.39%, 33, 2, 3, 345.54, 353684, 909
1311, 3, 9, 111, 79, 0, 1.39%, 33, 2, 3, 343.97, 355188, 909
1316, 3, 9, 111, 79, 0, 1.39%, 33, 2, 3, 255.75, 356258, 909
1322, 3, 9, 111, 79, 0, 1.39%, 33, 2, 3, 341.66, 357876, 909
1327, 3, 9, 111, 79, 0, 1.39%, 33, 2, 3, 379.05, 359763, 909
1332, 3, 9, 111, 79, 0, 1.39%, 33, 2, 3, 353.90, 361231, 909
1337, 3, 9, 111, 79, 0, 1.39%, 33, 2, 3, 254.03, 362598, 909
1342, 3, 9, 111, 79, 0, 1.39%, 33, 2, 3, 370.23, 364534, 909
1347, 3, 9, 111, 79, 0, 1.39%, 33, 2, 3, 488.54, 366330, 909
1352, 3, 9, 111, 79, 0, 1.39%, 33, 2, 3, 344.72, 368023, 909
1357, 3, 12, 111, 79, 0, 1.39%, 34, 2, 3, 321.45, 369482, 909
1362, 3, 12, 111, 79, 0, 1.39%, 34, 2, 3, 327.11, 371211, 909
1367, 3, 9, 111, 79, 0, 1.39%, 34, 2, 3, 390.29, 372853, 909
1372, 3, 12, 111, 79, 0, 1.39%, 34, 2, 3, 316.34, 374493, 909
1377, 3, 12, 111, 79, 0, 1.39%, 34, 2, 3, 322.86, 376048, 909
1382, 3, 9, 111, 79, 0, 1.39%, 34, 2, 3, 310.93, 377398, 909
1388, 3, 12, 111, 79, 0, 1.39%, 34, 2, 3, 292.60, 379048, 909
1393, 3, 12, 111, 79, 0, 1.39%, 34, 2, 3, 358.20, 380971, 909
1398, 3, 9, 112, 80, 0, 1.39%, 34, 2, 3, 242.89, 381932, 909
1403, 3, 9, 112, 80, 0, 1.39%, 34, 2, 3, 283.50, 383496, 909
1408, 3, 9, 112, 80, 0, 1.39%, 34, 2, 3, 389.36, 385520, 909
1413, 3, 9, 112, 80, 0, 1.39%, 34, 2, 3, 318.22, 387170, 909
1418, 3, 9, 112, 80, 0, 1.39%, 34, 2, 3, 389.22, 389038, 909
1423, 3, 9, 112, 80, 0, 1.39%, 34, 2, 3, 422.88, 390690, 909
1429, 3, 9, 112, 80, 0, 1.39%, 34, 2, 3, 355.31, 392280, 909
1434, 3, 9, 112, 80, 0, 1.39%, 34, 2, 3, 305.01, 394038, 909
1439, 3, 9, 112, 80, 0, 1.39%, 34, 2, 3, 319.64, 395829, 909
1444, 3, 30, 112, 80, 0, 1.39%, 34, 2, 3, 336.45, 397659, 909
1449, 3, 9, 112, 80, 0, 1.39%, 34, 2, 3, 334.07, 399445, 909
1454, 3, 9, 112, 80, 0, 1.39%, 34, 2, 3, 330.00, 401050, 909
1460, 3, 12, 112, 80, 0, 1.39%, 34, 2, 3, 358.16, 402943, 909
1465, 3, 12, 112, 80, 0, 1.39%, 34, 2, 3, 315.66, 404321, 909
1470, 3, 9, 112, 80, 0, 1.39%, 34, 2, 3, 314.38, 406047, 909
1475, 3, 9, 112, 80, 0, 1.39%, 34, 2, 3, 358.86, 407932, 909
1480, 3, 17, 112, 80, 0, 1.39%, 34, 2, 3, 282.91, 409458, 909
1485, 3, 17, 112, 80, 0, 1.39%, 34, 2, 3, 383.53, 411476, 909
1490, 3, 9, 112, 80, 0, 1.39%, 34, 2, 3, 432.71, 413687, 909
1495, 3, 9, 112, 80, 0, 1.39%, 34, 2, 3, 404.40, 415623, 909
1500, 3, 9, 112, 80, 0, 1.39%, 34, 2, 3, 351.57, 417206, 909
1506, 3, 104, 112, 80, 0, 1.39%, 34, 2, 3, 63.27, 418564, 909
1511, 3, 17, 112, 79, 0, 1.39%, 34, 2, 3, 287.01, 420195, 909
1516, 3, 17, 112, 79, 0, 1.39%, 34, 2, 3, 367.82, 422088, 909
1521, 3, 9, 112, 79, 0, 1.39%, 34, 2, 3, 384.20, 424175, 909
1526, 3, 9, 112, 79, 0, 1.39%, 34, 2, 3, 431.80, 426310, 909
1531, 3, 9, 112, 79, 0, 1.39%, 34, 2, 3, 253.40, 427873, 909
1536, 3, 9, 112, 79, 0, 1.39%, 34, 2, 3, 292.62, 429324, 909
1541, 3, 9, 112, 79, 0, 1.39%, 34, 2, 3, 64.43, 431106, 909
1546, 3, 9, 112, 79, 0, 1.39%, 34, 2, 3, 196.42, 433067, 909
1551, 3, 12, 112, 79, 0, 1.39%, 34, 2, 3, 240.75, 434524, 909
1557, 3, 23, 112, 79, 0, 1.39%, 34, 2, 3, 372.72, 436490, 909
1562, 3, 17, 112, 79, 0, 1.39%, 34, 2, 3, 337.83, 438124, 909
1567, 3, 17, 112, 79, 0, 1.39%, 34, 2, 3, 254.78, 439508, 909
1572, 3, 17, 113, 80, 0, 1.39%, 34, 2, 3, 201.70, 440317, 909
1577, 3, 35, 113, 80, 0, 1.39%, 34, 2, 3, 320.09, 442254, 909
1582, 3, 9, 113, 80, 0, 1.39%, 34, 2, 3, 511.96, 443795, 909
1587, 3, 17, 113, 80, 0, 1.39%, 34, 2, 3, 476.83, 445580, 909
1592, 3, 17, 113, 80, 0, 1.39%, 34, 2, 3, 391.08, 447433, 909
1597, 3, 17, 113, 80, 0, 1.39%, 34, 2, 3, 440.65, 449703, 909
1602, 3, 17, 113, 80, 0, 1.39%, 34, 2, 3, 491.77, 451097, 909
1608, 3, 9, 113, 80, 0, 1.39%, 34, 2, 3, 368.59, 452979, 909
1613, 3, 9, 113, 80, 0, 1.39%, 34, 2, 3, 372.72, 454440, 909
1618, 3, 9, 113, 80, 0, 1.39%, 34, 2, 3, 283.86, 455777, 909
1623, 3, 9, 113, 80, 0, 1.39%, 34, 2, 3, 412.90, 458076, 909
1628, 3, 35, 113, 80, 0, 1.39%, 34, 2, 3, 390.81, 459938, 909
1633, 3, 9, 113, 80, 0, 1.39%, 34, 2, 3, 344.68, 461762, 909
1639, 3, 17, 113, 79, 0, 1.39%, 34, 2, 3, 298.16, 463061, 909
1644, 3, 17, 113, 79, 0, 1.39%, 34, 2, 3, 451.67, 464660, 909
1649, 3, 17, 113, 79, 0, 1.39%, 34, 2, 3, 339.17, 466072, 909
1654, 3, 9, 113, 79, 0, 1.39%, 34, 2, 3, 425.57, 468388, 909
1659, 3, 9, 113, 79, 0, 1.39%, 34, 2, 3, 462.25, 470141, 909
1664, 3, 9, 113, 79, 0, 1.39%, 34, 2, 3, 379.79, 472054, 909
1669, 3, 9, 113, 78, 0, 1.39%, 34, 2, 3, 417.24, 474186, 909
1674, 3, 9, 113, 78, 0, 1.39%, 34, 2, 3, 429.36, 476440, 909
1679, 3, 9, 113, 78, 0, 1.39%, 34, 2, 3, 208.24, 478370, 909
1684, 3, 12, 113, 78, 0, 1.39%, 34, 2, 3, 304.70, 480101, 909
1689, 3, 9, 113, 78, 0, 1.39%, 34, 2, 3, 352.63, 481769, 909
1695, 3, 9, 113, 78, 0, 1.39%, 34, 2, 3, 362.47, 483501, 909
1700, 3, 9, 113, 78, 0, 1.39%, 34, 2, 3, 383.74, 485474, 909
1705, 3, 9, 113, 78, 0, 1.39%, 34, 2, 3, 337.24, 487019, 909
1710, 3, 9, 113, 78, 0, 1.39%, 34, 2, 3, 339.42, 488919, 909
1715, 3, 17, 113, 78, 0, 1.39%, 34, 2, 3, 364.32, 490844, 909
1720, 3, 17, 113, 78, 0, 1.39%, 34, 2, 3, 375.82, 492622, 909
1725, 3, 17, 113, 78, 0, 1.39%, 34, 2, 3, 245.00, 493583, 909
1731, 3, 23, 113, 78, 0, 1.39%, 34, 2, 3, 253.62, 494917, 909
1736, 3, 9, 113, 78, 0, 1.39%, 34, 2, 3, 377.01, 496856, 909
1741, 4, 9, 113, 78, 0, 1.39%, 34, 2, 3, 383.65, 498887, 909
1746, 4, 9, 113, 78, 0, 1.39%, 34, 2, 3, 387.20, 500726, 909
1751, 4, 35, 113, 78, 0, 1.39%, 34, 2, 3, 318.02, 502123, 909
1756, 4, 12, 113, 78, 0, 1.39%, 34, 2, 3, 398.22, 504195, 909
1761, 4, 9, 113, 78, 0, 1.39%, 34, 2, 3, 425.76, 506308, 909
1766, 4, 35, 113, 78, 0, 1.39%, 34, 2, 3, 328.39, 507713, 909
1772, 4, 9, 113, 78, 0, 1.39%, 34, 2, 3, 360.58, 509615, 909
1777, 4, 35, 113, 78, 0, 1.39%, 34, 2, 3, 298.10, 510908, 909
1782, 4, 9, 113, 78, 0, 1.39%, 34, 2, 3, 373.12, 512821, 909
1787, 4, 9, 113, 78, 0, 1.39%, 34, 2, 3, 342.60, 514361, 909
1792, 4, 9, 113, 78, 0, 1.39%, 34, 2, 3, 266.11, 515846, 909
1797, 4, 12, 113, 78, 0, 1.39%, 34, 2, 3, 320.71, 517551, 909
1802, 4, 9, 113, 78, 0, 1.39%, 34, 2, 3, 300.18, 519072, 909
1808, 4, 9, 113, 78, 0, 1.39%, 34, 2, 3, 300.24, 520811, 909
1813, 4, 17, 113, 78, 0, 1.39%, 34, 2, 3, 371.27, 522675, 909
1818, 4, 17, 113, 78, 0, 1.39%, 34, 2, 3, 320.79, 524359, 909
1823, 4, 9, 113, 78, 0, 1.39%, 34, 2, 3, 423.38, 526613, 909
1828, 4, 23, 113, 78, 0, 1.39%, 34, 2, 3, 389.38, 528471, 909
1833, 4, 17, 113, 78, 0, 1.39%, 34, 2, 3, 407.96, 530517, 909
1838, 4, 17, 113, 78, 0, 1.39%, 34, 2, 3, 340.58, 532235, 909
1843, 4, 17, 113, 78, 0, 1.39%, 34, 2, 3, 321.89, 533947, 909
1849, 4, 17, 113, 78, 0, 1.39%, 34, 2, 3, 401.06, 535995, 909
1854, 4, 9, 113, 78, 0, 1.39%, 34, 2, 3, 438.69, 538245, 909
1859, 4, 17, 113, 78, 0, 1.39%, 34, 2, 3, 380.03, 540210, 909
1864, 4, 9, 113, 78, 0, 1.39%, 34, 2, 3, 445.53, 542511, 909
1869, 4, 12, 113, 78, 0, 1.39%, 34, 2, 3, 411.14, 544559, 909
1874, 4, 12, 113, 78, 0, 1.39%, 34, 2, 3, 331.86, 546280, 909
1879, 4, 9, 113, 78, 0, 1.39%, 34, 2, 3, 400.84, 548248, 909
1884, 4, 9, 113, 78, 0, 1.39%, 34, 2, 3, 314.36, 549824, 909
1890, 4, 35, 113, 78, 0, 1.39%, 34, 2, 3, 450.14, 552244, 909
1895, 4, 9, 113, 78, 0, 1.39%, 34, 2, 3, 363.82, 554011, 909
1900, 4, 9, 113, 78, 0, 1.39%, 34, 2, 3, 394.26, 555899, 909
1905, 4, 9, 113, 78, 0, 1.39%, 34, 2, 3, 227.14, 556792, 909
1910, 4, 9, 113, 78, 0, 1.39%, 34, 2, 3, 306.04, 558395, 909
1915, 4, 61, 113, 78, 0, 1.39%, 34, 2, 3, 251.20, 559419, 909
1920, 4, 9, 113, 78, 0, 1.39%, 34, 2, 3, 363.86, 560946, 909
1925, 4, 9, 113, 78, 0, 1.39%, 34, 2, 3, 393.48, 562652, 909
1931, 4, 9, 113, 78, 0, 1.39%, 34, 2, 3, 73.85, 563741, 909
1936, 4, 9, 113, 78, 0, 1.39%, 34, 2, 3, 220.04, 564814, 909
1941, 4, 12, 113, 78, 0, 1.39%, 34, 2, 3, 310.08, 566476, 909
1946, 4, 12, 113, 78, 0, 1.39%, 34, 2, 3, 234.82, 567597, 909
1951, 4, 9, 113, 78, 0, 1.39%, 34, 2, 3, 53.85, 569464, 909
1956, 4, 9, 113, 78, 0, 1.39%, 34, 2, 3, 456.14, 570941, 909
1961, 4, 9, 113, 78, 0, 1.39%, 34, 2, 3, 384.63, 572665, 909
1966, 4, 9, 113, 78, 0, 1.39%, 34, 2, 3, 340.26, 574301, 909
1972, 4, 9, 113, 78, 0, 1.39%, 34, 2, 3, 308.98, 575902, 909
1977, 4, 12, 113, 78, 0, 1.39%, 34, 2, 3, 307.84, 577390, 909
1982, 4, 12, 113, 78, 0, 1.39%, 34, 2, 3, 319.20, 579005, 909
1987, 4, 9, 113, 78, 0, 1.39%, 34, 2, 3, 363.89, 580974, 909
1992, 4, 9, 113, 78, 0, 1.39%, 34, 2, 3, 82.32, 583015, 909
1997, 4, 9, 113, 77, 0, 1.39%, 34, 2, 3, 241.79, 584413, 909
2002, 4, 9, 113, 77, 0, 1.39%, 34, 2, 3, 341.35, 586161, 909
2007, 4, 35, 113, 77, 0, 1.39%, 34, 2, 3, 310.14, 587703, 909
2012, 4, 23, 113, 77, 0, 1.39%, 34, 2, 3, 405.62, 589799, 909
2017, 4, 9, 113, 77, 0, 1.39%, 34, 2, 3, 391.89, 591715, 909
2023, 4, 35, 113, 77, 0, 1.39%, 34, 2, 3, 375.18, 593175, 909
2028, 4, 9, 113, 77, 0, 1.39%, 34, 2, 3, 58.97, 594745, 909
2033, 4, 9, 113, 77, 0, 1.39%, 34, 2, 3, 440.31, 596392, 909
2038, 4, 9, 113, 77, 0, 1.39%, 34, 2, 3, 73.20, 597502, 909
2043, 4, 9, 113, 77, 0, 1.39%, 34, 2, 3, 272.36, 599137, 909
2048, 4, 9, 113, 77, 0, 1.39%, 34, 2, 3, 267.82, 600083, 909
2053, 4, 35, 113, 77, 0, 1.39%, 34, 2, 3, 276.77, 601315, 909
2058, 4, 12, 113, 77, 0, 1.39%, 34, 2, 3, 349.66, 603183, 909
2064, 4, 9, 113, 77, 0, 1.39%, 34, 2, 3, 365.79, 605166, 909
2069, 4, 12, 113, 77, 0, 1.39%, 34, 2, 3, 331.37, 606557, 909
2074, 4, 12, 113, 77, 0, 1.39%, 34, 2, 3, 242.44, 607793, 909
2079, 4, 9, 113, 77, 0, 1.39%, 34, 2, 3, 334.59, 609516, 909
2084, 4, 9, 113, 77, 0, 1.39%, 34, 2, 3, 314.87, 610759, 909
2089, 4, 9, 113, 77, 0, 1.39%, 34, 2, 3, 417.86, 612909, 909
2094, 4, 35, 113, 77, 0, 1.39%, 34, 2, 3, 535.04, 614049, 909
2099, 4, 9, 113, 77, 0, 1.39%, 34, 2, 3, 406.91, 615876, 909
2104, 4, 9, 113, 77, 0, 1.39%, 34, 2, 3, 351.27, 617712, 909
2109, 4, 9, 113, 77, 0, 1.39%, 34, 2, 3, 430.93, 619163, 909
2114, 4, 9, 113, 77, 0, 1.39%, 34, 2, 3, 424.73, 620768, 909
2120, 4, 9, 113, 77, 0, 1.39%, 34, 2, 3, 380.18, 622698, 909
2125, 4, 9, 113, 77, 0, 1.39%, 34, 2, 3, 67.44, 624538, 909
2130, 4, 9, 113, 77, 0, 1.39%, 34, 2, 3, 338.82, 626171, 909
2135, 4, 9, 113, 77, 0, 1.39%, 34, 2, 3, 369.51, 627944, 909
2140, 4, 9, 113, 77, 0, 1.39%, 34, 2, 3, 234.42, 628951, 909
2145, 4, 9, 113, 77, 0, 1.39%, 34, 2, 3, 343.86, 630849, 909
2150, 4, 12, 113, 77, 0, 1.39%, 34, 2, 3, 395.48, 632864, 909
2156, 4, 9, 113, 77, 0, 1.39%, 34, 2, 3, 360.35, 634647, 909
2161, 4, 9, 113, 77, 0, 1.39%, 34, 2, 3, 348.85, 636318, 909
2166, 4, 9, 113, 77, 0, 1.39%, 34, 2, 3, 399.38, 638349, 909
2171, 4, 12, 113, 77, 0, 1.39%, 34, 2, 3, 259.05, 639983, 909
2176, 4, 12, 113, 77, 0, 1.39%, 34, 2, 3, 408.46, 641479, 909
2181, 4, 9, 113, 77, 0, 1.39%, 34, 2, 3, 345.08, 643223, 909
2186, 4, 35, 113, 76, 0, 1.39%, 34, 2, 3, 106.86, 644457, 909
2191, 4, 9, 113, 76, 0, 1.39%, 34, 2, 3, 257.78, 646159, 909
2196, 4, 17, 114, 77, 0, 1.39%, 34, 2, 3, 332.82, 647810, 909
2201, 4, 17, 114, 77, 0, 1.39%, 34, 2, 3, 400.76, 649883, 909
2207, 4, 9, 114, 77, 0, 1.39%, 34, 2, 3, 352.21, 651433, 909
2212, 4, 9, 114, 77, 0, 1.39%, 34, 2, 3, 336.44, 653096, 909
2217, 4, 9, 114, 77, 0, 1.39%, 34, 2, 3, 252.35, 654243, 909
2222, 4, 9, 114, 77, 0, 1.39%, 34, 2, 3, 309.25, 655708, 909
2227, 4, 9, 114, 77, 0, 1.39%, 34, 2, 3, 366.93, 657473, 909
2232, 4, 9, 114, 77, 0, 1.39%, 34, 2, 3, 435.22, 659789, 909
2237, 4, 41, 114, 77, 0, 1.39%, 34, 2, 3, 253.64, 660766, 909
2242, 4, 9, 114, 76, 0, 1.39%, 34, 2, 3, 306.29, 662248, 909
2247, 4, 9, 114, 76, 0, 1.39%, 34, 2, 3, 317.38, 663539, 909
2253, 5, 17, 114, 76, 0, 1.39%, 34, 2, 3, 397.09, 665541, 909
2258, 5, 17, 114, 76, 0, 1.39%, 34, 2, 3, 387.88, 667605, 909
2263, 5, 9, 114, 76, 0, 1.39%, 34, 2, 3, 513.31, 669454, 909
2268, 5, 9, 114, 76, 0, 1.39%, 34, 2, 3, 106.72, 671020, 909
2273, 5, 9, 114, 76, 0, 1.39%, 34, 2, 3, 194.58, 671912, 909
2278, 5, 9, 114, 76, 0, 1.39%, 34, 2, 3, 223.41, 673004, 909
2283, 5, 9, 114, 76, 0, 1.39%, 34, 2, 3, 304.45, 674632, 909
2288, 5, 9, 114, 76, 0, 1.39%, 34, 2, 3, 399.93, 676862, 909
2293, 5, 9, 114, 76, 0, 1.39%, 34, 2, 3, 432.44, 678982, 909
2299, 5, 9, 114, 76, 0, 1.39%, 34, 2, 3, 401.34, 681015, 909
2304, 5, 12, 114, 76, 0, 1.39%, 34, 2, 3, 284.65, 682425, 909
2309, 5, 12, 114, 76, 0, 1.39%, 34, 2, 3, 281.07, 683609, 909
2314, 5, 9, 114, 76, 0, 1.39%, 34, 2, 3, 365.56, 685668, 909
2319, 5, 12, 114, 76, 0, 1.39%, 34, 2, 3, 343.21, 687017, 909
2324, 5, 12, 114, 76, 0, 1.39%, 34, 2, 3, 331.25, 688181, 909
2329, 5, 9, 114, 76, 0, 1.39%, 34, 2, 3, 442.79, 689597, 909
2334, 5, 12, 114, 76, 0, 1.39%, 34, 2, 3, 386.01, 691276, 909
2339, 5, 12, 114, 76, 0, 1.39%, 34, 2, 3, 320.11, 692901, 909
2344, 5, 12, 114, 76, 0, 1.39%, 34, 2, 3, 353.70, 694671, 909
2349, 5, 9, 114, 76, 0, 1.39%, 34, 2, 3, 371.39, 696450, 909
2355, 5, 9, 114, 76, 0, 1.39%, 34, 2, 3, 358.21, 697956, 909
2360, 5, 9, 114, 76, 0, 1.39%, 34, 2, 3, 474.82, 700410, 909
2365, 5, 9, 114, 76, 0, 1.39%, 34, 2, 3, 391.15, 702388, 909
2370, 5, 9, 114, 76, 0, 1.39%, 34, 2, 3, 424.77, 704496, 909
2375, 5, 9, 114, 76, 0, 1.39%, 34, 2, 3, 118.23, 706402, 909
2380, 5, 9, 114, 76, 0, 1.39%, 34, 2, 3, 273.99, 708149, 909
2385, 5, 9, 114, 76, 0, 1.39%, 34, 2, 3, 381.27, 710060, 909
2390, 5, 9, 114, 76, 0, 1.39%, 34, 2, 3, 363.77, 711968, 909
2395, 5, 9, 114, 76, 0, 1.39%, 34, 2, 3, 401.26, 713930, 909
2401, 5, 35, 114, 76, 0, 1.39%, 34, 2, 3, 308.10, 715507, 909
2406, 5, 17, 114, 76, 0, 1.39%, 34, 2, 3, 379.90, 717528, 909
2411, 5, 17, 114, 76, 0, 1.39%, 34, 2, 3, 341.54, 719159, 909
2416, 5, 9, 114, 76, 0, 1.39%, 34, 2, 3, 370.18, 720880, 909
2421, 5, 9, 114, 76, 0, 1.39%, 34, 2, 3, 110.93, 721824, 909
2426, 5, 9, 114, 76, 0, 1.39%, 34, 2, 3, 361.18, 723857, 909
2431, 5, 9, 114, 76, 0, 1.39%, 34, 2, 3, 68.91, 725444, 909
2436, 5, 9, 114, 76, 0, 1.39%, 34, 2, 3, 264.80, 726786, 909
2441, 5, 9, 114, 76, 0, 1.39%, 34, 2, 3, 369.20, 728716, 909
2446, 5, 9, 114, 76, 0, 1.39%, 34, 2, 3, 323.54, 730279, 909
2451, 5, 9, 114, 76, 0, 1.39%, 34, 2, 3, 515.12, 731945, 909
2456, 5, 9, 114, 76, 0, 1.39%, 34, 2, 3, 116.53, 733505, 909
2461, 5, 9, 114, 76, 0, 1.39%, 34, 2, 3, 335.27, 735371, 909
2467, 5, 9, 114, 76, 0, 1.39%, 34, 2, 3, 356.60, 737307, 909
2472, 5, 9, 114, 76, 0, 1.39%, 34, 2, 3, 413.05, 739477, 909
2477, 5, 9, 114, 76, 0, 1.39%, 34, 2, 3, 258.76, 740764, 909
2482, 5, 12, 114, 76, 0, 1.39%, 34, 2, 3, 336.11, 742511, 909
2487, 5, 12, 114, 76, 0, 1.39%, 34, 2, 3, 67.00, 744101, 909
2492, 5, 9, 114, 76, 0, 1.39%, 34, 2, 3, 95.72, 745663, 909
2497, 5, 9, 114, 76, 0, 1.39%, 34, 2, 3, 110.94, 747375, 909
2502, 5, 9, 114, 76, 0, 1.39%, 34, 2, 3, 294.94, 748890, 909
2507, 5, 35, 114, 76, 0, 1.39%, 34, 2, 3, 290.40, 750254, 909
2512, 5, 9, 114, 76, 0, 1.39%, 34, 2, 3, 380.72, 752228, 909
2518, 5, 9, 114, 76, 0, 1.39%, 34, 2, 3, 350.79, 754080, 909
2523, 5, 9, 114, 76, 0, 1.39%, 34, 2, 3, 279.32, 755702, 909
2528, 5, 9, 114, 76, 0, 1.39%, 34, 2, 3, 430.46, 757412, 909
2533, 5, 9, 114, 76, 0, 1.39%, 34, 2, 3, 387.93, 759292, 909
2538, 5, 9, 114, 76, 0, 1.39%, 34, 2, 3, 384.88, 761207, 909
2543, 5, 9, 114, 76, 0, 1.39%, 34, 2, 3, 278.31, 762707, 909
2548, 5, 9, 114, 76, 0, 1.39%, 34, 2, 3, 297.90, 764193, 909
2553, 5, 9, 114, 76, 0, 1.39%, 34, 2, 3, 354.16, 765841, 909
2559, 5, 9, 114, 76, 0, 1.39%, 34, 2, 3, 395.75, 767698, 909
2564, 5, 12, 114, 76, 0, 1.39%, 34, 2, 3, 386.44, 768988, 909
2569, 5, 12, 114, 76, 0, 1.39%, 34, 2, 3, 68.63, 770652, 909
2574, 5, 9, 114, 76, 0, 1.39%, 34, 2, 3, 288.78, 772309, 909
2579, 5, 9, 114, 76, 0, 1.39%, 34, 2, 3, 378.58, 774250, 909
2584, 5, 9, 114, 76, 0, 1.39%, 34, 2, 3, 374.63, 776104, 909
2590, 5, 9, 114, 76, 0, 1.39%, 34, 2, 3, 419.15, 777875, 909
2595, 5, 9, 114, 76, 0, 1.39%, 34, 2, 3, 417.50, 779881, 909
2600, 5, 9, 114, 76, 0, 1.39%, 34, 2, 3, 296.91, 781397, 909
2605, 5, 9, 114, 75, 0, 1.39%, 34, 2, 3, 438.08, 782763, 909
2610, 5, 9, 114, 75, 0, 1.39%, 34, 2, 3, 418.26, 784868, 909
2615, 5, 9, 114, 75, 0, 1.39%, 34, 2, 3, 399.91, 786617, 909
2620, 5, 9, 114, 75, 0, 1.39%, 34, 2, 3, 61.87, 787789, 909
2625, 5, 35, 114, 75, 0, 1.39%, 34, 2, 3, 253.79, 789162, 909
2630, 5, 9, 114, 75, 0, 1.39%, 34, 2, 3, 257.58, 790527, 909
2635, 5, 9, 114, 75, 0, 1.39%, 34, 2, 3, 348.53, 792352, 909
2640, 5, 9, 114, 75, 0, 1.39%, 34, 2, 3, 310.47, 793813, 909
2645, 5, 9, 114, 75, 0, 1.39%, 34, 2, 3, 348.16, 795780, 909
2650, 5, 9, 114, 75, 0, 1.39%, 34, 2, 3, 376.62, 797785, 909
2656, 5, 9, 114, 75, 0, 1.39%, 34, 2, 3, 149.91, 798609, 909
2661, 5, 17, 114, 73, 0, 1.39%, 34, 2, 3, 245.69, 799806, 909
2666, 5, 17, 114, 73, 0, 1.39%, 34, 2, 3, 304.80, 801602, 909
2671, 5, 17, 114, 73, 0, 1.39%, 34, 2, 3, 227.09, 802926, 909
2676, 5, 9, 114, 73, 0, 1.39%, 34, 2, 3, 329.93, 804395, 909
2681, 5, 9, 114, 73, 0, 1.39%, 34, 2, 3, 407.63, 806504, 909
2686, 5, 9, 114, 73, 0, 1.39%, 34, 2, 3, 428.00, 808716, 909
2691, 5, 35, 114, 73, 0, 1.39%, 34, 2, 3, 362.82, 810482, 909
2697, 5, 9, 114, 73, 0, 1.39%, 34, 2, 3, 509.13, 812111, 909
2702, 5, 9, 114, 73, 0, 1.39%, 34, 2, 3, 441.13, 814106, 909
2707, 5, 9, 114, 73, 0, 1.39%, 34, 2, 3, 363.29, 815819, 909
2712, 5, 9, 114, 73, 0, 1.39%, 34, 2, 3, 399.92, 817727, 909
2717, 5, 9, 114, 73, 0, 1.39%, 34, 2, 3, 458.65, 820017, 909
2722, 5, 9, 114, 73, 0, 1.39%, 34, 2, 3, 418.64, 821884, 909
2727, 5, 9, 114, 73, 0, 1.39%, 34, 2, 3, 398.20, 823982, 909
2732, 5, 9, 114, 73, 0, 1.39%, 34, 2, 3, 387.14, 825971, 909
2737, 5, 9, 114, 73, 0, 1.39%, 34, 2, 3, 330.49, 827760, 909
2742, 5, 9, 114, 73, 0, 1.39%, 34, 2, 3, 415.37, 829795, 909
2747, 5, 35, 114, 73, 0, 1.39%, 34, 2, 3, 407.87, 831899, 909
2752, 6, 17, 114, 73, 0, 1.39%, 34, 2, 3, 366.40, 833795, 909
2757, 6, 17, 114, 73, 0, 1.39%, 34, 2, 3, 348.65, 835578, 909
2763, 6, 9, 114, 73, 0, 1.39%, 34, 2, 3, 68.23, 836756, 909
2768, 6, 17, 114, 73, 0, 1.39%, 34, 2, 3, 470.03, 839050, 909
2773, 6, 17, 114, 73, 0, 1.39%, 34, 2, 3, 357.07, 840723, 909
2778, 6, 9, 114, 73, 0, 1.39%, 34, 2, 3, 402.11, 842698, 909
2783, 6, 9, 114, 73, 0, 1.39%, 34, 2, 3, 402.29, 844490, 909
2788, 6, 35, 114, 73, 0, 1.39%, 34, 2, 3, 316.98, 845944, 909
2793, 6, 35, 114, 73, 0, 1.39%, 34, 2, 3, 413.13, 848219, 909
2798, 6, 9, 114, 73, 0, 1.39%, 34, 2, 3, 382.84, 850114, 909
2803, 6, 9, 114, 73, 0, 1.39%, 34, 2, 3, 299.39, 851628, 909
2809, 6, 35, 114, 73, 0, 1.39%, 34, 2, 3, 203.87, 852452, 909
2814, 6, 9, 114, 73, 0, 1.39%, 34, 2, 3, 284.19, 853970, 909
2819, 6, 9, 114, 73, 0, 1.39%, 34, 2, 3, 388.94, 856081, 909
2824, 6, 9, 114, 73, 0, 1.39%, 34, 2, 3, 329.37, 857658, 909
2829, 6, 9, 114, 73, 0, 1.39%, 34, 2, 3, 313.68, 859250, 909
2834, 6, 17, 114, 72, 0, 1.39%, 34, 2, 3, 411.67, 860517, 909
2839, 6, 17, 114, 72, 0, 1.39%, 34, 2, 3, 327.99, 862233, 909
2844, 6, 17, 114, 72, 0, 1.39%, 34, 2, 3, 308.34, 863841, 909
2849, 6, 9, 114, 72, 0, 1.39%, 34, 2, 3, 298.89, 865479, 909
2855, 6, 9, 114, 72, 0, 1.39%, 34, 2, 3, 357.13, 867257, 909
2860, 6, 9, 114, 72, 0, 1.39%, 34, 2, 3, 365.45, 868938, 909
2865, 6, 9, 114, 72, 0, 1.39%, 34, 2, 3, 289.90, 870226, 909
2870, 6, 9, 114, 72, 0, 1.39%, 34, 2, 3, 60.94, 871793, 909
2875, 6, 9, 114, 72, 0, 1.39%, 34, 2, 3, 211.53, 873196, 909
2880, 6, 9, 114, 72, 0, 1.39%, 34, 2, 3, 284.05, 874453, 909
2885, 6, 9, 114, 72, 0, 1.39%, 34, 2, 3, 326.79, 876198, 909
2890, 6, 9, 114, 72, 0, 1.39%, 34, 2, 3, 300.12, 877809, 909
2895, 6, 9, 114, 72, 0, 1.39%, 34, 2, 3, 333.80, 879426, 909
2900, 6, 9, 114, 72, 0, 1.39%, 34, 2, 3, 401.96, 881513, 909
2906, 6, 9, 114, 72, 0, 1.39%, 34, 2, 3, 378.31, 883457, 909
2911, 6, 9, 114, 72, 0, 1.39%, 34, 2, 3, 364.89, 885244, 909
2916, 6, 35, 114, 72, 0, 1.39%, 35, 2, 3, 344.41, 886978, 909
2921, 6, 9, 114, 72, 0, 1.39%, 35, 2, 3, 420.44, 888647, 909
2926, 6, 9, 114, 72, 0, 1.39%, 35, 2, 3, 45.65, 890223, 909
2931, 6, 9, 114, 72, 0, 1.39%, 35, 2, 3, 396.04, 891142, 909
2936, 6, 9, 114, 72, 0, 1.39%, 35, 2, 3, 323.06, 892666, 909
2941, 6, 9, 114, 72, 0, 1.39%, 35, 2, 3, 424.06, 894795, 909
2946, 6, 9, 114, 72, 0, 1.39%, 35, 2, 3, 409.64, 896915, 909
2951, 6, 9, 114, 72, 0, 1.39%, 35, 2, 3, 399.57, 898663, 909
2956, 6, 35, 114, 72, 0, 1.39%, 35, 2, 3, 259.43, 899855, 909
2961, 6, 9, 114, 72, 0, 1.39%, 35, 2, 3, 323.78, 901481, 909
2967, 6, 9, 114, 72, 0, 1.39%, 35, 2, 3, 412.39, 903639, 909
2972, 6, 12, 114, 72, 0, 1.39%, 35, 2, 3, 227.54, 905249, 909
2977, 6, 12, 114, 72, 0, 1.39%, 35, 2, 3, 213.24, 906232, 909
2982, 6, 9, 114, 72, 0, 1.39%, 35, 2, 3, 63.34, 907828, 909
2987, 6, 35, 114, 72, 0, 1.39%, 35, 2, 3, 213.81, 909106, 909
2992, 6, 9, 114, 72, 0, 1.39%, 35, 2, 3, 327.18, 910339, 909
2997, 6, 9, 114, 72, 0, 1.39%, 35, 2, 3, 260.15, 911532, 909
3002, 6, 9, 114, 72, 0, 1.39%, 35, 2, 3, 245.73, 912974, 909
3008, 6, 9, 114, 72, 0, 1.39%, 35, 2, 3, 233.35, 914155, 909
3013, 6, 12, 114, 72, 0, 1.39%, 35, 2, 3, 268.91, 915467, 909
3018, 6, 12, 114, 72, 0, 1.39%, 35, 2, 3, 273.42, 916810, 909
3023, 6, 28, 114, 72, 0, 1.39%, 35, 2, 3, 218.71, 917826, 909
3028, 6, 9, 114, 71, 0, 1.39%, 35, 2, 3, 251.49, 919031, 909
3033, 6, 9, 114, 71, 0, 1.39%, 35, 2, 3, 268.25, 920336, 909
3038, 6, 9, 114, 71, 0, 1.39%, 35, 2, 3, 353.18, 921830, 909
3043, 6, 17, 114, 71, 0, 1.39%, 35, 2, 3, 317.47, 923287, 909
3049, 6, 17, 114, 71, 0, 1.39%, 35, 2, 3, 307.51, 924869, 909
3054, 6, 9, 114, 71, 0, 1.39%, 35, 2, 3, 292.65, 926350, 909
3059, 6, 9, 114, 71, 0, 1.39%, 35, 2, 3, 161.91, 927679, 909
3064, 6, 9, 114, 71, 0, 1.39%, 35, 2, 3, 290.90, 929291, 909
3069, 6, 12, 114, 71, 0, 1.39%, 35, 2, 3, 275.19, 930614, 909
3074, 6, 12, 114, 71, 0, 1.39%, 35, 2, 3, 261.65, 931948, 909
3079, 6, 12, 114, 71, 0, 1.39%, 35, 2, 3, 211.39, 932991, 909
3084, 6, 9, 114, 71, 0, 1.39%, 35, 2, 3, 320.00, 934755, 909
3089, 6, 17, 114, 71, 0, 1.39%, 35, 2, 3, 257.10, 935827, 909
3094, 6, 17, 114, 71, 0, 1.39%, 35, 2, 3, 284.00, 937242, 909
3100, 6, 17, 114, 71, 0, 1.39%, 35, 2, 3, 320.98, 938923, 909
3105, 6, 17, 114, 71, 0, 1.39%, 35, 2, 3, 292.38, 940402, 909
3110, 6, 17, 114, 71, 0, 1.39%, 35, 2, 3, 277.39, 941713, 909
3115, 6, 9, 114, 71, 0, 1.39%, 35, 2, 3, 310.54, 943285, 909
3120, 6, 9, 114, 71, 0, 1.39%, 35, 2, 3, 42.34, 944421, 909
3125, 6, 17, 114, 71, 0, 1.39%, 35, 2, 3, 405.72, 946091, 909
3130, 6, 17, 114, 71, 0, 1.39%, 35, 2, 3, 124.64, 947011, 909
3135, 6, 9, 114, 71, 0, 1.39%, 35, 2, 3, 373.54, 949237, 909
3140, 6, 9, 114, 71, 0, 1.39%, 35, 2, 3, 68.96, 950996, 909
3145, 6, 9, 114, 71, 0, 1.39%, 35, 2, 3, 116.64, 952372, 909
3150, 6, 9, 114, 71, 0, 1.39%, 35, 2, 3, 317.27, 954019, 909
3155, 6, 9, 114, 71, 0, 1.39%, 35, 2, 3, 200.94, 954810, 909
3161, 6, 9, 114, 71, 0, 1.39%, 35, 2, 3, 291.50, 956561, 909
3166, 6, 9, 114, 71, 0, 1.39%, 35, 2, 3, 366.24, 958257, 909
3171, 6, 9, 114, 71, 0, 1.39%, 35, 2, 3, 399.31, 960107, 909
3176, 6, 9, 114, 71, 0, 1.39%, 35, 2, 3, 347.50, 961587, 909
3181, 6, 9, 114, 71, 0, 1.39%, 35, 2, 3, 427.61, 963679, 909
3186, 6, 9, 114, 71, 0, 1.39%, 35, 2, 3, 163.58, 965137, 909
3191, 6, 9, 114, 71, 0, 1.39%, 35, 2, 3, 306.43, 966995, 909
3196, 6, 17, 114, 71, 0, 1.39%, 35, 2, 3, 471.31, 969460, 909
3201, 6, 9, 114, 71, 0, 1.39%, 35, 2, 3, 478.39, 971947, 909
3206, 6, 9, 114, 71, 0, 1.39%, 35, 2, 3, 139.27, 972900, 909
3211, 6, 9, 114, 71, 0, 1.39%, 35, 2, 3, 310.81, 974904, 909
3217, 6, 9, 114, 71, 0, 1.39%, 35, 2, 3, 383.35, 976868, 909
3222, 6, 9, 114, 71, 0, 1.39%, 35, 2, 3, 338.62, 978402, 909
3227, 6, 9, 114, 71, 0, 1.39%, 35, 2, 3, 369.92, 980047, 909
3232, 6, 9, 114, 71, 0, 1.39%, 35, 2, 3, 360.89, 981704, 909
3237, 6, 9, 114, 71, 0, 1.39%, 35, 2, 3, 356.15, 983288, 909
3242, 6, 9, 114, 71, 0, 1.39%, 35, 2, 3, 355.04, 985160, 909
3247, 6, 35, 114, 71, 0, 1.39%, 35, 2, 3, 385.29, 987273, 909
3252, 6, 9, 114, 71, 0, 1.39%, 35, 2, 3, 459.05, 989611, 909
3258, 6, 9, 114, 71, 0, 1.39%, 35, 2, 3, 365.36, 991441, 909
3263, 6, 9, 114, 71, 0, 1.39%, 35, 2, 3, 457.13, 993851, 909
3268, 6, 9, 114, 71, 0, 1.39%, 35, 2, 3, 496.81, 996270, 909
3273, 6, 9, 114, 71, 0, 1.39%, 35, 2, 3, 435.76, 998425, 909
3278, 6, 9, 114, 71, 0, 1.39%, 35, 2, 3, 418.40, 999941, 909
3283, 6, 35, 114, 71, 0, 1.39%, 35, 2, 3, 531.23, 1001883, 909
3288, 6, 9, 114, 71, 0, 1.39%, 35, 2, 3, 373.66, 1003600, 909
3293, 6, 9, 114, 70, 0, 1.39%, 35, 2, 3, 377.54, 1005325, 909
3298, 6, 9, 114, 70, 0, 1.39%, 35, 2, 3, 307.32, 1007042, 909
3303, 6, 9, 114, 70, 0, 1.39%, 35, 2, 3, 457.95, 1009659, 909
3309, 6, 17, 114, 70, 0, 1.39%, 35, 2, 3, 475.66, 1011451, 909
3314, 6, 17, 114, 70, 0, 1.39%, 35, 2, 3, 462.03, 1013832, 909
3319, 6, 12, 114, 70, 0, 1.39%, 35, 2, 3, 438.98, 1016068, 909
3324, 6, 12, 114, 70, 0, 1.39%, 35, 2, 3, 442.79, 1018313, 909
3329, 6, 9, 114, 70, 0, 1.39%, 35, 2, 3, 386.99, 1020074, 909
3334, 6, 9, 114, 70, 0, 1.39%, 35, 2, 3, 486.78, 1022579, 909
3339, 6, 17, 114, 70, 0, 1.39%, 35, 2, 3, 500.78, 1024724, 909
3344, 6, 9, 114, 70, 0, 1.39%, 35, 2, 3, 484.46, 1027158, 909
3349, 6, 9, 114, 70, 0, 1.39%, 35, 2, 3, 466.35, 1029480, 909
3355, 6, 9, 114, 70, 0, 1.39%, 35, 2, 3, 158.71, 1030502, 909
3360, 6, 9, 114, 70, 0, 1.39%, 35, 2, 3, 393.43, 1032456, 909
3365, 6, 9, 114, 70, 0, 1.39%, 35, 2, 3, 407.67, 1034568, 909
3370, 7, 9, 114, 70, 0, 1.39%, 35, 2, 3, 557.22, 1036520, 909
3375, 7, 9, 114, 70, 0, 1.39%, 35, 2, 3, 499.17, 1039005, 909
3380, 7, 9, 114, 70, 0, 1.39%, 35, 2, 3, 487.29, 1041294, 909
3385, 7, 35, 114, 70, 0, 1.39%, 35, 2, 3, 321.37, 1043712, 909
3390, 7, 17, 114, 70, 0, 1.39%, 35, 2, 3, 449.28, 1046216, 909
3395, 7, 9, 114, 70, 0, 1.39%, 35, 2, 3, 470.93, 1048803, 909
3401, 7, 12, 114, 70, 0, 1.39%, 35, 2, 3, 395.69, 1050560, 909
3406, 7, 12, 114, 70, 0, 1.39%, 35, 2, 3, 431.71, 1052168, 909
3411, 7, 12, 114, 70, 0, 1.39%, 35, 2, 3, 366.06, 1054094, 909
3416, 7, 9, 114, 70, 0, 1.39%, 35, 2, 3, 308.73, 1055407, 909
3421, 7, 9, 114, 70, 0, 1.39%, 35, 2, 3, 537.31, 1056659, 909
3426, 7, 9, 114, 70, 0, 1.39%, 35, 2, 3, 497.46, 1059141, 909
3431, 7, 9, 114, 70, 0, 1.39%, 35, 2, 3, 537.70, 1061737, 909
3436, 7, 9, 114, 70, 0, 1.39%, 35, 2, 3, 246.30, 1063907, 909
3442, 7, 12, 114, 70, 0, 1.39%, 35, 2, 3, 414.59, 1066391, 909
3447, 7, 12, 114, 70, 0, 1.39%, 35, 2, 3, 349.52, 1068274, 909
3452, 7, 35, 114, 70, 0, 1.39%, 35, 2, 3, 442.58, 1070584, 909
3457, 7, 9, 114, 70, 0, 1.39%, 35, 2, 3, 375.00, 1072566, 909
3462, 7, 9, 114, 70, 0, 1.39%, 35, 2, 3, 94.12, 1075047, 909
3467, 7, 9, 114, 70, 0, 1.39%, 35, 2, 3, 605.79, 1077059, 909
3472, 7, 12, 114, 70, 0, 1.39%, 35, 2, 3, 410.36, 1078678, 909
3477, 7, 35, 114, 70, 0, 1.39%, 35, 2, 3, 383.08, 1080534, 909
3482, 7, 35, 114, 70, 0, 1.39%, 35, 2, 3, 370.93, 1082570, 909
3487, 7, 9, 114, 70, 0, 1.39%, 35, 2, 3, 519.61, 1084217, 909
3493, 7, 9, 114, 70, 0, 1.39%, 35, 2, 3, 458.28, 1086269, 909
3498, 7, 9, 114, 70, 0, 1.39%, 35, 2, 3, 573.93, 1088224, 909
3503, 7, 9, 114, 70, 0, 1.39%, 35, 2, 3, 134.99, 1090070, 909
3508, 7, 9, 114, 70, 0, 1.39%, 35, 2, 3, 347.22, 1092295, 909
3513, 7, 9, 114, 70, 0, 1.39%, 35, 2, 3, 391.86, 1094231, 909
3518, 7, 9, 114, 70, 0, 1.39%, 35, 2, 3, 383.96, 1096039, 909
3523, 7, 17, 114, 70, 0, 1.39%, 35, 2, 3, 372.12, 1097854, 909
3528, 7, 17, 114, 70, 0, 1.39%, 35, 2, 3, 421.54, 1099970, 909
3533, 7, 17, 114, 70, 0, 1.39%, 35, 2, 3, 476.62, 1102516, 909
3538, 7, 9, 114, 70, 0, 1.39%, 35, 2, 3, 518.14, 1105135, 909
3544, 7, 35, 114, 70, 0, 1.39%, 35, 2, 3, 408.53, 1107215, 909
3549, 7, 9, 114, 70, 0, 1.39%, 35, 2, 3, 301.35, 1108688, 909
3554, 7, 9, 114, 70, 0, 1.39%, 35, 2, 3, 376.15, 1110123, 909
3559, 7, 9, 114, 70, 0, 1.39%, 35, 2, 3, 409.33, 1112166, 909
3564, 7, 9, 114, 70, 0, 1.39%, 35, 2, 3, 527.78, 1115017, 909
3569, 7, 9, 114, 70, 0, 1.39%, 35, 2, 3, 453.09, 1117185, 909
3574, 7, 61, 114, 70, 0, 1.39%, 35, 2, 3, 189.81, 1118760, 909
3579, 7, 9, 114, 70, 0, 1.39%, 35, 2, 3, 352.69, 1120795, 909
3584, 7, 9, 114, 70, 0, 1.39%, 35, 2, 3, 374.31, 1122738, 909
3589, 7, 9, 114, 70, 0, 1.39%, 35, 2, 3, 372.90, 1124534, 909
3594, 7, 17, 114, 70, 0, 1.39%, 35, 2, 3, 461.83, 1126821, 909
3599, 7, 17, 114, 70, 0, 1.39%, 35, 2, 3, 362.87, 1128694, 909
3604, 7, 9, 114, 70, 0, 1.39%, 35, 2, 3, 479.99, 1131139, 909
3609, 7, 9, 114, 70, 0, 1.39%, 35, 2, 3, 143.52, 1133073, 909
3614, 7, 17, 114, 70, 0, 1.39%, 35, 2, 3, 400.10, 1135506, 909
3620, 7, 17, 114, 70, 0, 1.39%, 35, 2, 3, 453.70, 1137823, 909
3625, 7, 9, 114, 70, 0, 1.39%, 35, 2, 3, 515.77, 1140552, 909
3630, 7, 17, 114, 70, 0, 1.39%, 35, 2, 3, 366.86, 1143093, 909
3635, 7, 17, 114, 70, 0, 1.39%, 35, 2, 3, 372.48, 1145019, 909
3640, 7, 17, 114, 70, 0, 1.39%, 35, 2, 3, 234.00, 1146148, 909
3645, 7, 9, 114, 70, 0, 1.39%, 35, 2, 3, 251.39, 1147674, 909
3650, 7, 9, 114, 69, 0, 1.39%, 35, 2, 3, 389.43, 1149615, 909
3655, 7, 9, 114, 69, 0, 1.39%, 35, 2, 3, 311.08, 1150997, 909
3660, 7, 9, 114, 69, 0, 1.39%, 35, 2, 3, 473.26, 1153616, 909
3665, 7, 17, 114, 69, 0, 1.39%, 35, 2, 3, 472.26, 1155864, 909
3670, 7, 17, 114, 69, 0, 1.39%, 35, 2, 3, 401.79, 1157788, 909
3676, 7, 9, 114, 69, 0, 1.39%, 35, 2, 3, 450.71, 1160259, 909
3681, 7, 12, 114, 69, 0, 1.39%, 35, 2, 3, 366.21, 1162180, 909
3686, 7, 9, 114, 69, 0, 1.39%, 35, 2, 3, 349.21, 1163954, 909
3691, 7, 9, 114, 69, 0, 1.39%, 35, 2, 3, 464.20, 1166489, 909
3696, 7, 9, 114, 69, 0, 1.39%, 35, 2, 3, 418.10, 1168368, 909
3701, 7, 9, 114, 69, 0, 1.39%, 35, 2, 3, 461.64, 1170761, 909
3706, 7, 9, 114, 69, 0, 1.39%, 35, 2, 3, 530.65, 1173374, 909
3711, 7, 9, 114, 69, 0, 1.39%, 35, 2, 3, 421.77, 1175302, 909
3716, 7, 9, 114, 69, 0, 1.39%, 35, 2, 3, 295.21, 1176632, 909
3721, 7, 9, 114, 69, 0, 1.39%, 35, 2, 3, 463.12, 1179012, 909
3726, 7, 35, 114, 69, 0, 1.39%, 35, 2, 3, 398.27, 1180806, 909
3731, 7, 9, 114, 69, 0, 1.39%, 35, 2, 3, 527.36, 1182761, 909
3737, 7, 9, 114, 69, 0, 1.39%, 35, 2, 3, 433.53, 1184882, 909
3742, 7, 9, 114, 69, 0, 1.39%, 35, 2, 3, 373.26, 1186747, 909
3747, 7, 9, 114, 69, 0, 1.39%, 35, 2, 3, 309.43, 1188328, 909
3752, 7, 9, 114, 69, 0, 1.39%, 35, 2, 3, 336.27, 1189990, 909
3757, 7, 9, 114, 69, 0, 1.39%, 35, 2, 3, 68.97, 1191791, 909
3762, 7, 9, 114, 69, 0, 1.39%, 35, 2, 3, 586.77, 1194366, 909
3767, 7, 9, 114, 69, 0, 1.39%, 35, 2, 3, 462.49, 1196554, 909
3773, 7, 9, 114, 69, 0, 1.39%, 35, 2, 3, 393.43, 1198601, 909
3778, 7, 9, 114, 69, 0, 1.39%, 35, 2, 3, 402.89, 1200331, 909
3783, 7, 9, 114, 69, 0, 1.39%, 35, 2, 3, 84.84, 1202524, 909
3788, 7, 9, 114, 69, 0, 1.39%, 35, 2, 3, 394.55, 1204510, 909
3793, 7, 9, 114, 69, 0, 1.39%, 35, 2, 3, 637.17, 1206635, 909
3798, 7, 9, 114, 69, 0, 1.39%, 35, 2, 3, 189.66, 1208514, 909
3804, 7, 17, 114, 69, 0, 1.39%, 35, 2, 3, 432.45, 1210964, 909
3809, 7, 9, 114, 69, 0, 1.39%, 35, 2, 3, 487.37, 1213583, 909
3814, 7, 9, 114, 69, 0, 1.39%, 35, 2, 3, 421.13, 1215364, 909
3819, 7, 9, 114, 69, 0, 1.39%, 35, 2, 3, 476.86, 1217243, 909
3824, 7, 9, 114, 69, 0, 1.39%, 35, 2, 3, 333.82, 1218430, 909
3829, 7, 12, 114, 69, 0, 1.39%, 35, 2, 3, 439.20, 1220684, 909
3835, 7, 9, 114, 69, 0, 1.39%, 35, 2, 3, 403.60, 1222803, 909
3840, 8, 9, 114, 69, 0, 1.39%, 35, 2, 3, 437.17, 1224933, 909
3845, 8, 9, 114, 69, 0, 1.39%, 35, 2, 3, 426.02, 1227085, 909
3850, 8, 9, 114, 69, 0, 1.39%, 35, 2, 3, 428.98, 1229191, 909
3855, 8, 9, 114, 69, 0, 1.39%, 35, 2, 3, 427.40, 1231371, 909
3860, 8, 28, 114, 69, 0, 1.39%, 35, 2, 3, 440.00, 1232885, 909
3865, 8, 9, 114, 69, 0, 1.39%, 35, 2, 3, 331.74, 1234561, 909
3870, 8, 9, 114, 69, 0, 1.39%, 35, 2, 3, 341.79, 1236369, 909
3875, 8, 9, 114, 69, 0, 1.39%, 35, 2, 3, 430.86, 1238391, 909
3880, 8, 9, 114, 69, 0, 1.39%, 35, 2, 3, 226.56, 1239894, 909
3886, 8, 9, 114, 69, 0, 1.39%, 35, 2, 3, 433.40, 1242338, 909
3891, 8, 9, 114, 69, 0, 1.39%, 35, 2, 3, 507.94, 1244939, 909
3896, 8, 9, 114, 69, 0, 1.39%, 35, 2, 3, 410.61, 1246845, 909
3901, 8, 9, 114, 69, 0, 1.39%, 35, 2, 3, 463.12, 1248811, 909
3906, 8, 9, 114, 69, 0, 1.39%, 35, 2, 3, 451.54, 1250954, 909
3911, 8, 35, 114, 69, 0, 1.39%, 35, 2, 3, 265.92, 1252615, 909
3916, 8, 9, 114, 69, 0, 1.39%, 35, 2, 3, 256.43, 1254081, 909
3921, 8, 9, 114, 69, 0, 1.39%, 35, 2, 3, 328.07, 1255884, 909
3927, 8, 9, 114, 69, 0, 1.39%, 35, 2, 3, 332.46, 1257778, 909
3932, 8, 17, 114, 69, 0, 1.39%, 35, 2, 3, 401.97, 1259772, 909
3937, 8, 17, 114, 69, 0, 1.39%, 35, 2, 3, 59.69, 1261600, 909
3942, 8, 9, 114, 69, 0, 1.39%, 35, 2, 3, 385.64, 1263331, 909
3947, 8, 9, 114, 69, 0, 1.39%, 35, 2, 3, 77.45, 1264841, 909
3952, 8, 9, 114, 69, 0, 1.39%, 35, 2, 3, 519.89, 1267022, 909
3957, 8, 9, 114, 69, 0, 1.39%, 35, 2, 3, 179.96, 1268637, 909
3962, 8, 9, 114, 69, 0, 1.39%, 35, 2, 3, 405.94, 1270947, 909
3968, 8, 35, 114, 69, 0, 1.39%, 35, 2, 3, 404.32, 1273067, 909
3973, 8, 35, 114, 69, 0, 1.39%, 35, 2, 3, 415.62, 1275232, 909
3978, 8, 35, 114, 69, 0, 1.39%, 35, 2, 3, 506.13, 1277816, 909
3983, 8, 17, 114, 69, 0, 1.39%, 35, 2, 3, 475.18, 1280242, 909
3988, 8, 12, 114, 69, 0, 1.39%, 35, 2, 3, 467.12, 1282511, 909
3993, 8, 12, 114, 69, 0, 1.39%, 35, 2, 3, 373.71, 1284242, 909
3998, 8, 12, 114, 69, 0, 1.39%, 35, 2, 3, 416.05, 1286304, 909
4003, 8, 9, 114, 69, 0, 1.39%, 35, 2, 3, 412.29, 1288318, 909
4008, 8, 9, 114, 69, 0, 1.39%, 35, 2, 3, 295.21, 1289542, 909
4013, 8, 9, 114, 69, 0, 1.39%, 35, 2, 3, 336.29, 1291018, 909
4018, 8, 12, 114, 69, 0, 1.39%, 35, 2, 3, 378.96, 1293014, 909
4023, 8, 9, 114, 69, 0, 1.39%, 35, 2, 3, 454.17, 1295265, 909
4028, 8, 17, 114, 69, 0, 1.39%, 35, 2, 3, 485.25, 1297704, 909
4034, 8, 9, 114, 69, 0, 1.39%, 35, 2, 3, 495.02, 1300220, 909
4039, 8, 17, 114, 69, 0, 1.39%, 35, 2, 3, 428.58, 1302355, 909
4044, 8, 17, 114, 69, 0, 1.39%, 35, 2, 3, 512.30, 1305099, 909
4049, 8, 9, 114, 69, 0, 1.39%, 35, 2, 3, 328.19, 1307097, 909
4054, 8, 9, 114, 69, 0, 1.39%, 35, 2, 3, 415.61, 1309197, 909
4059, 8, 12, 114, 69, 0, 1.39%, 35, 2, 3, 450.18, 1311516, 909
4064, 8, 9, 114, 69, 0, 1.39%, 35, 2, 3, 470.80, 1313743, 909
4069, 8, 12, 114, 69, 0, 1.39%, 35, 2, 3, 589.33, 1315900, 909
4074, 8, 12, 114, 69, 0, 1.39%, 35, 2, 3, 398.52, 1317757, 909
4079, 8, 12, 114, 69, 0, 1.39%, 35, 2, 3, 268.36, 1319050, 909
4085, 8, 17, 114, 69, 0, 1.39%, 35, 2, 3, 395.96, 1321102, 909
4090, 8, 17, 114, 69, 0, 1.39%, 35, 2, 3, 429.45, 1323469, 909
4095, 8, 9, 114, 69, 0, 1.39%, 35, 2, 3, 485.33, 1325793, 909
4100, 8, 9, 114, 69, 0, 1.39%, 35, 2, 3, 584.88, 1327853, 909
4105, 8, 9, 114, 69, 0, 1.39%, 35, 2, 3, 472.71, 1330268, 909
4110, 8, 9, 114, 69, 0, 1.39%, 35, 2, 3, 131.26, 1331941, 909
4115, 8, 9, 114, 69, 0, 1.39%, 35, 2, 3, 356.97, 1334002, 909
4120, 8, 9, 114, 69, 0, 1.39%, 35, 2, 3, 395.60, 1336051, 909
4125, 8, 9, 114, 69, 0, 1.39%, 35, 2, 3, 409.84, 1338109, 909
4131, 8, 9, 114, 69, 0, 1.39%, 35, 2, 3, 446.71, 1340403, 909
4136, 8, 9, 114, 69, 0, 1.39%, 35, 2, 3, 474.35, 1342878, 909
4141, 8, 9, 114, 69, 0, 1.39%, 35, 2, 3, 373.72, 1344804, 909
4146, 8, 35, 114, 69, 0, 1.39%, 35, 2, 3, 371.40, 1346532, 909
4151, 8, 35, 114, 69, 0, 1.39%, 35, 2, 3, 424.54, 1348845, 909
4156, 8, 9, 114, 69, 0, 1.39%, 35, 2, 3, 357.70, 1350756, 909
4162, 8, 9, 114, 69, 0, 1.39%, 35, 2, 3, 356.96, 1352736, 909
4167, 8, 17, 114, 69, 0, 1.39%, 35, 2, 3, 365.20, 1354776, 909
4172, 8, 17, 114, 69, 0, 1.39%, 35, 2, 3, 367.66, 1356689, 909
4177, 8, 9, 114, 69, 0, 1.39%, 35, 2, 3, 351.73, 1358419, 909
4182, 8, 9, 114, 69, 0, 1.39%, 35, 2, 3, 429.95, 1360419, 909
4187, 8, 9, 114, 68, 0, 1.39%, 35, 2, 3, 131.99, 1361703, 909
4192, 8, 9, 114, 68, 0, 1.39%, 35, 2, 3, 201.57, 1363053, 909
4197, 8, 9, 114, 68, 0, 1.39%, 35, 2, 3, 401.60, 1365285, 909
4202, 8, 9, 114, 68, 0, 1.39%, 35, 2, 3, 406.11, 1367417, 909
4208, 8, 9, 114, 68, 0, 1.39%, 35, 2, 3, 490.30, 1369186, 909
4213, 8, 9, 114, 68, 0, 1.39%, 35, 2, 3, 412.36, 1371314, 909
4218, 8, 35, 114, 68, 0, 1.39%, 35, 2, 3, 96.78, 1373670, 909
4223, 8, 9, 114, 68, 0, 1.39%, 35, 2, 3, 542.43, 1375932, 909
4228, 8, 9, 114, 68, 0, 1.39%, 35, 2, 3, 574.01, 1377949, 909
4233, 8, 9, 114, 68, 0, 1.39%, 35, 2, 3, 482.92, 1380309, 909
4238, 8, 9, 114, 68, 0, 1.39%, 35, 2, 3, 470.40, 1382724, 909
4243, 8, 9, 114, 68, 0, 1.39%, 35, 2, 3, 340.69, 1384499, 909
4248, 8, 9, 114, 68, 0, 1.39%, 35, 2, 3, 267.78, 1386056, 909
4254, 8, 9, 114, 68, 0, 1.39%, 35, 2, 3, 85.65, 1387888, 909
4259, 8, 9, 114, 68, 0, 1.39%, 35, 2, 3, 459.58, 1390128, 909
4264, 8, 12, 114, 68, 0, 1.39%, 35, 2, 3, 431.09, 1392169, 909
4269, 8, 24, 114, 68, 0, 1.39%, 35, 2, 3, 414.75, 1394212, 909
4274, 8, 9, 114, 67, 0, 1.39%, 35, 2, 3, 361.47, 1396142, 909
4279, 8, 9, 114, 67, 0, 1.39%, 35, 2, 3, 475.62, 1398565, 909
4284, 8, 9, 114, 67, 0, 1.39%, 35, 2, 3, 478.75, 1400950, 909
4289, 8, 9, 114, 67, 0, 1.39%, 35, 2, 3, 368.59, 1402707, 909
4294, 8, 35, 114, 67, 0, 1.39%, 35, 2, 3, 384.10, 1404589, 909
4299, 8, 9, 114, 67, 0, 1.39%, 35, 2, 3, 443.44, 1406957, 909
4304, 8, 9, 114, 67, 0, 1.39%, 35, 2, 3, 358.88, 1408708, 909
4309, 9, 9, 114, 67, 0, 1.39%, 35, 2, 3, 414.74, 1410968, 909
4315, 9, 9, 114, 67, 0, 1.39%, 35, 2, 3, 310.73, 1412512, 909
4320, 9, 16, 114, 67, 0, 1.39%, 35, 2, 3, 307.92, 1414216, 909
4325, 9, 16, 114, 67, 0, 1.39%, 35, 2, 3, 263.28, 1415485, 909
4330, 9, 9, 114, 67, 0, 1.39%, 35, 2, 3, 393.55, 1417781, 909
4335, 9, 9, 114, 67, 0, 1.39%, 35, 2, 3, 427.45, 1419879, 909
4340, 9, 9, 114, 67, 0, 1.39%, 35, 2, 3, 462.64, 1421651, 909
4345, 9, 9, 114, 67, 0, 1.39%, 35, 2, 3, 395.48, 1423369, 909
4350, 9, 9, 114, 67, 0, 1.39%, 35, 2, 3, 310.57, 1425054, 909
4355, 9, 9, 114, 67, 0, 1.39%, 35, 2, 3, 71.35, 1426191, 909
4360, 9, 9, 114, 67, 0, 1.39%, 35, 2, 3, 79.24, 1428035, 909
4366, 9, 9, 114, 67, 0, 1.39%, 35, 2, 3, 479.43, 1429962, 909
4371, 9, 9, 114, 67, 0, 1.39%, 35, 2, 3, 240.80, 1431561, 909
4376, 9, 9, 114, 67, 0, 1.39%, 35, 2, 3, 235.58, 1432757, 909
4381, 9, 35, 114, 67, 0, 1.39%, 35, 2, 3, 382.75, 1434934, 909
4386, 9, 17, 114, 67, 0, 1.39%, 35, 2, 3, 367.08, 1436976, 909
4391, 9, 17, 114, 67, 0, 1.39%, 35, 2, 3, 340.99, 1438519, 909
4396, 9, 17, 114, 67, 0, 1.39%, 35, 2, 3, 430.69, 1440767, 909
4401, 9, 17, 114, 67, 0, 1.39%, 35, 2, 3, 351.67, 1442659, 909
4406, 9, 9, 114, 67, 0, 1.39%, 35, 2, 3, 396.98, 1444712, 909
4411, 9, 9, 114, 67, 0, 1.39%, 35, 2, 3, 531.11, 1446790, 909
4417, 9, 9, 114, 67, 0, 1.39%, 35, 2, 3, 443.51, 1448869, 909
4422, 9, 9, 114, 67, 0, 1.39%, 35, 2, 3, 280.21, 1449947, 909
4427, 9, 9, 114, 67, 0, 1.39%, 35, 2, 3, 309.66, 1451517, 909
4432, 9, 9, 114, 67, 0, 1.39%, 35, 2, 3, 410.63, 1453658, 909
4437, 9, 17, 114, 67, 0, 1.39%, 35, 2, 3, 332.93, 1455048, 909
4442, 9, 17, 114, 67, 0, 1.39%, 35, 2, 3, 432.99, 1457282, 909
4447, 9, 55, 114, 67, 0, 1.39%, 35, 2, 3, 371.33, 1459103, 909
4452, 9, 9, 114, 66, 0, 1.39%, 35, 2, 3, 448.49, 1461306, 909
4457, 9, 9, 114, 65, 0, 1.39%, 35, 2, 3, 557.92, 1463251, 909
4462, 9, 9, 114, 65, 0, 1.39%, 35, 2, 3, 468.83, 1465232, 909
4467, 9, 9, 114, 65, 0, 1.39%, 35, 2, 3, 252.95, 1467178, 909
4472, 9, 9, 114, 65, 0, 1.39%, 35, 2, 3, 367.23, 1469109, 909
4478, 9, 9, 114, 65, 0, 1.39%, 35, 2, 3, 304.47, 1470605, 909
4483, 9, 9, 114, 65, 0, 1.39%, 35, 2, 3, 440.80, 1473045, 909
4488, 9, 17, 114, 65, 0, 1.39%, 35, 2, 3, 477.27, 1475457, 909
4493, 9, 17, 114, 65, 0, 1.39%, 35, 2, 3, 490.17, 1477939, 909
4498, 9, 17, 114, 65, 0, 1.39%, 35, 2, 3, 461.24, 1480270, 909
4503, 9, 9, 114, 65, 0, 1.39%, 35, 2, 3, 439.49, 1482469, 909
4508, 9, 35, 114, 65, 0, 1.39%, 35, 2, 3, 436.50, 1484665, 909
4513, 9, 9, 114, 65, 0, 1.39%, 35, 2, 3, 101.81, 1486360, 909
4518, 9, 9, 114, 65, 0, 1.39%, 35, 2, 3, 366.04, 1488379, 909
4523, 9, 9, 114, 65, 0, 1.39%, 35, 2, 3, 420.70, 1490457, 909
4529, 9, 9, 114, 65, 0, 1.39%, 35, 2, 3, 480.27, 1492909, 909
4534, 9, 9, 114, 65, 0, 1.39%, 35, 2, 3, 81.98, 1494907, 909
4539, 9, 35, 114, 65, 0, 1.39%, 35, 2, 3, 177.75, 1496020, 909
4544, 9, 9, 114, 65, 0, 1.39%, 35, 2, 3, 422.15, 1498337, 909
4549, 9, 9, 114, 65, 0, 1.39%, 35, 2, 3, 400.27, 1500431, 909
4554, 9, 9, 114, 65, 0, 1.39%, 35, 2, 3, 70.71, 1501789, 909
4559, 9, 9, 114, 65, 0, 1.39%, 35, 2, 3, 387.87, 1503557, 909
4564, 9, 17, 114, 65, 0, 1.39%, 35, 2, 3, 422.54, 1505656, 909
4569, 9, 17, 114, 65, 0, 1.39%, 35, 2, 3, 459.81, 1508084, 909
4574, 9, 9, 114, 65, 0, 1.39%, 35, 2, 3, 147.06, 1509800, 909
4580, 9, 9, 114, 65, 0, 1.39%, 35, 2, 3, 61.88, 1511526, 909
4585, 9, 9, 114, 65, 0, 1.39%, 35, 2, 3, 487.33, 1513658, 909
4590, 9, 9, 114, 65, 0, 1.39%, 35, 2, 3, 479.35, 1516050, 909
4595, 9, 17, 114, 65, 0, 1.39%, 35, 2, 3, 410.38, 1518226, 909
4600, 9, 17, 114, 65, 0, 1.39%, 35, 2, 3, 448.63, 1520568, 909
4605, 9, 9, 114, 65, 0, 1.39%, 35, 2, 3, 342.57, 1522206, 909
4610, 9, 9, 114, 65, 0, 1.39%, 35, 2, 3, 314.04, 1523348, 909
4615, 9, 9, 114, 65, 0, 1.39%, 35, 2, 3, 412.73, 1525144, 909
4620, 9, 9, 114, 65, 0, 1.39%, 35, 2, 3, 286.09, 1526768, 909
4625, 9, 9, 114, 65, 0, 1.39%, 35, 2, 3, 443.73, 1529104, 909
4630, 9, 9, 114, 65, 0, 1.39%, 35, 2, 3, 483.11, 1531547, 909
4635, 9, 9, 114, 65, 0, 1.39%, 35, 2, 3, 671.17, 1533707, 909
4640, 9, 9, 114, 65, 0, 1.39%, 35, 2, 3, 560.69, 1536291, 909
4646, 9, 9, 114, 65, 0, 1.39%, 35, 2, 3, 618.47, 1538031, 909
4651, 9, 9, 114, 65, 0, 1.39%, 35, 2, 3, 113.20, 1539741, 909
4656, 9, 9, 114, 65, 0, 1.39%, 35, 2, 3, 260.26, 1541525, 909
4661, 9, 9, 114, 65, 0, 1.39%, 35, 2, 3, 309.06, 1543273, 909
4666, 9, 16, 114, 65, 0, 1.39%, 35, 2, 3, 373.83, 1545369, 909
4671, 9, 16, 114, 65, 0, 1.39%, 35, 2, 3, 369.61, 1546503, 909
4676, 9, 9, 114, 65, 0, 1.39%, 35, 2, 3, 383.85, 1548424, 909
4681, 9, 9, 114, 65, 0, 1.39%, 36, 2, 3, 358.30, 1550295, 909
4687, 9, 35, 114, 65, 0, 1.39%, 36, 2, 3, 360.71, 1551942, 909
4692, 9, 9, 114, 65, 0, 1.39%, 36, 2, 3, 384.95, 1554049, 909
4697, 9, 9, 114, 65, 0, 1.39%, 36, 2, 3, 350.11, 1555850, 909
4702, 9, 9, 114, 65, 0, 1.39%, 36, 2, 3, 385.10, 1557724, 909
4707, 9, 9, 114, 65, 0, 1.39%, 36, 2, 3, 138.86, 1559352, 909
4712, 9, 17, 114, 65, 0, 1.39%, 36, 2, 3, 354.26, 1561336, 909
4717, 9, 17, 114, 65, 0, 1.39%, 36, 2, 3, 398.26, 1563484, 909
4722, 9, 9, 114, 65, 0, 1.39%, 36, 2, 3, 377.83, 1565479, 909
4728, 9, 9, 114, 65, 0, 1.39%, 36, 2, 3, 376.20, 1567266, 909
4733, 9, 9, 114, 65, 0, 1.39%, 36, 2, 3, 409.24, 1569421, 909
4738, 9, 9, 114, 65, 0, 1.39%, 36, 2, 3, 294.36, 1570867, 909
4743, 9, 12, 114, 65, 0, 1.39%, 36, 2, 3, 330.18, 1572464, 909
4748, 9, 35, 114, 65, 0, 1.39%, 36, 2, 3, 310.97, 1574042, 909
4753, 9, 17, 114, 65, 0, 1.39%, 36, 2, 3, 384.16, 1576090, 909
4758, 9, 17, 114, 65, 0, 1.39%, 36, 2, 3, 451.29, 1578257, 909
4763, 9, 9, 114, 65, 0, 1.39%, 36, 2, 3, 453.66, 1580504, 909
4768, 9, 9, 114, 65, 0, 1.39%, 36, 2, 3, 477.95, 1582876, 909
4773, 9, 9, 114, 65, 0, 1.39%, 36, 2, 3, 312.67, 1584831, 909
4779, 9, 9, 114, 65, 0, 1.39%, 36, 2, 3, 443.39, 1587204, 909
4784, 9, 9, 114, 65, 0, 1.39%, 36, 2, 3, 472.92, 1588843, 909
4789, 9, 9, 114, 65, 0, 1.39%, 36, 2, 3, 425.81, 1590938, 909
4794, 9, 9, 114, 65, 0, 1.39%, 36, 2, 3, 441.36, 1593387, 909
4799, 10, 17, 114, 65, 0, 1.39%, 36, 2, 3, 411.73, 1595538, 909
4804, 10, 17, 114, 65, 0, 1.39%, 36, 2, 3, 439.48, 1597734, 909
4809, 10, 35, 114, 65, 0, 1.39%, 36, 2, 3, 407.99, 1599629, 909
4814, 10, 9, 114, 65, 0, 1.39%, 36, 2, 3, 425.00, 1601804, 909
4819, 10, 9, 114, 65, 0, 1.39%, 36, 2, 3, 377.93, 1603684, 909
4824, 10, 17, 114, 65, 0, 1.39%, 36, 2, 3, 400.82, 1605678, 909
4830, 10, 17, 114, 65, 0, 1.39%, 36, 2, 3, 371.99, 1607623, 909
4835, 10, 9, 114, 65, 0, 1.39%, 36, 2, 3, 310.81, 1609088, 909
4840, 10, 9, 114, 65, 0, 1.39%, 36, 2, 3, 393.56, 1611150, 909
4845, 10, 9, 114, 65, 0, 1.39%, 36, 2, 3, 441.39, 1613401, 909
4850, 10, 35, 114, 65, 0, 1.39%, 36, 2, 3, 378.10, 1615070, 909
4855, 10, 9, 114, 65, 0, 1.39%, 36, 2, 3, 386.96, 1617103, 909
4860, 10, 9, 114, 65, 0, 1.39%, 36, 2, 3, 342.96, 1618688, 909
4865, 10, 9, 114, 65, 0, 1.39%, 36, 2, 3, 367.17, 1620433, 909
4870, 10, 35, 114, 65, 0, 1.39%, 36, 2, 3, 370.35, 1622131, 909
4875, 10, 12, 114, 65, 0, 1.39%, 36, 2, 3, 423.93, 1624342, 909
4880, 10, 12, 114, 65, 0, 1.39%, 36, 2, 3, 419.74, 1626457, 909
4886, 10, 9, 114, 65, 0, 1.39%, 36, 2, 3, 431.72, 1628565, 909
4891, 10, 35, 114, 65, 0, 1.39%, 36, 2, 3, 556.11, 1630614, 909
4896, 10, 9, 114, 65, 0, 1.39%, 36, 2, 3, 497.86, 1632941, 909
4901, 10, 12, 114, 65, 0, 1.39%, 36, 2, 3, 293.68, 1634744, 909
4906, 10, 12, 114, 65, 0, 1.39%, 36, 2, 3, 284.51, 1636324, 909
4911, 10, 12, 114, 65, 0, 1.39%, 36, 2, 3, 337.50, 1638060, 909
4916, 10, 12, 114, 65, 0, 1.39%, 36, 2, 3, 325.19, 1639674, 909
4921, 10, 12, 114, 65, 0, 1.39%, 36, 2, 3, 310.80, 1641337, 909
4926, 10, 9, 114, 65, 0, 1.39%, 36, 2, 3, 327.51, 1643133, 909
4932, 10, 9, 114, 65, 0, 1.39%, 36, 2, 3, 53.42, 1645039, 909
4937, 10, 12, 114, 65, 0, 1.39%, 36, 2, 3, 361.91, 1646555, 909
4942, 10, 12, 114, 65, 0, 1.39%, 36, 2, 3, 335.88, 1648166, 909
4947, 10, 12, 114, 65, 0, 1.39%, 36, 2, 3, 323.49, 1649661, 909
4952, 10, 12, 114, 65, 0, 1.39%, 36, 2, 3, 308.98, 1651191, 909
4957, 10, 9, 114, 65, 0, 1.39%, 36, 2, 3, 302.28, 1652877, 909
4962, 10, 9, 114, 65, 0, 1.39%, 36, 2, 3, 339.90, 1654593, 909
4967, 10, 9, 114, 65, 0, 1.39%, 36, 2, 3, 327.97, 1656223, 909
4973, 10, 9, 114, 65, 0, 1.39%, 36, 2, 3, 206.65, 1657223, 909
4978, 10, 9, 114, 65, 0, 1.39%, 36, 2, 3, 243.61, 1658503, 909
4983, 10, 9, 114, 65, 0, 1.39%, 36, 2, 3, 268.08, 1659783, 909
4988, 10, 9, 114, 65, 0, 1.39%, 36, 2, 3, 245.03, 1661019, 909
4993, 10, 9, 114, 65, 0, 1.39%, 36, 2, 3, 331.78, 1662863, 909
4998, 10, 9, 114, 65, 0, 1.39%, 36, 2, 3, 357.61, 1664705, 909
5003, 10, 9, 114, 65, 0, 1.39%, 36, 2, 3, 319.94, 1666284, 909
5009, 10, 35, 114, 65, 0, 1.39%, 36, 2, 3, 293.00, 1667681, 909
5014, 10, 9, 114, 65, 0, 1.39%, 36, 2, 3, 326.22, 1669365, 909
5019, 10, 9, 114, 65, 0, 1.39%, 36, 2, 3, 294.47, 1670909, 909
5024, 10, 9, 114, 65, 0, 1.39%, 36, 2, 3, 368.54, 1672799, 909
5029, 10, 17, 114, 65, 0, 1.39%, 36, 2, 3, 406.29, 1674544, 909
5034, 10, 17, 114, 65, 0, 1.39%, 36, 2, 3, 361.92, 1676320, 909
5039, 10, 9, 114, 65, 0, 1.39%, 36, 2, 3, 365.64, 1678127, 909
5044, 10, 9, 114, 65, 0, 1.39%, 36, 2, 3, 267.63, 1679328, 909
5049, 10, 9, 114, 65, 0, 1.39%, 36, 2, 3, 83.36, 1680806, 909
5054, 10, 17, 114, 65, 0, 1.39%, 36, 2, 3, 206.87, 1681956, 909
5059, 10, 17, 114, 65, 0, 1.39%, 36, 2, 3, 324.25, 1683748, 909
5064, 10, 17, 114, 65, 0, 1.39%, 36, 2, 3, 313.35, 1685366, 909
5069, 10, 9, 114, 65, 0, 1.39%, 36, 2, 3, 55.30, 1686934, 909
5075, 10, 35, 114, 65, 0, 1.39%, 36, 2, 3, 366.95, 1688123, 909
5080, 10, 9, 114, 65, 0, 1.39%, 36, 2, 3, 294.85, 1689506, 909
5085, 10, 9, 114, 65, 0, 1.39%, 36, 2, 3, 207.53, 1690718, 909
5090, 10, 9, 114, 65, 0, 1.39%, 36, 2, 3, 39.25, 1691729, 909
5095, 10, 9, 114, 65, 0, 1.39%, 36, 2, 3, 410.12, 1693620, 909
5100, 10, 9, 114, 65, 0, 1.39%, 36, 2, 3, 529.29, 1695676, 909
5105, 10, 9, 114, 65, 0, 1.39%, 36, 2, 3, 411.47, 1697666, 909
5110, 10, 17, 114, 65, 0, 1.39%, 36, 2, 3, 88.52, 1699777, 909
5115, 10, 17, 114, 65, 0, 1.39%, 36, 2, 3, 479.46, 1702016, 909
5121, 10, 12, 114, 65, 0, 1.39%, 36, 2, 3, 375.54, 1703907, 909
5126, 10, 9, 114, 65, 0, 1.39%, 36, 2, 3, 349.08, 1705411, 909
5131, 10, 9, 114, 65, 0, 1.39%, 36, 2, 3, 346.00, 1707077, 909
5136, 10, 12, 114, 65, 0, 1.39%, 36, 2, 3, 295.93, 1708583, 909
5141, 10, 12, 114, 65, 0, 1.39%, 36, 2, 3, 376.67, 1710531, 909
5146, 10, 9, 114, 65, 0, 1.39%, 36, 2, 3, 362.81, 1712377, 909
5151, 10, 12, 114, 65, 0, 1.39%, 36, 2, 3, 358.68, 1714235, 909
5156, 10, 12, 114, 65, 0, 1.39%, 36, 2, 3, 310.02, 1715749, 909
5161, 10, 9, 114, 65, 0, 1.39%, 36, 2, 3, 356.94, 1717718, 909
5166, 10, 9, 114, 65, 0, 1.39%, 36, 2, 3, 465.46, 1720078, 909
5171, 10, 9, 114, 65, 0, 1.39%, 36, 2, 3, 327.38, 1721619, 909
5176, 10, 9, 114, 65, 0, 1.39%, 36, 2, 3, 419.66, 1723750, 909
5181, 10, 9, 114, 65, 0, 1.39%, 36, 2, 3, 377.48, 1725641, 909
5186, 10, 9, 114, 65, 0, 1.39%, 36, 2, 3, 313.91, 1726912, 909
5192, 10, 9, 114, 65, 0, 1.39%, 36, 2, 3, 263.47, 1728181, 909
5197, 10, 61, 114, 65, 0, 1.39%, 36, 2, 3, 262.75, 1729615, 909
5202, 10, 9, 114, 65, 0, 1.39%, 36, 2, 3, 279.84, 1730955, 909
5207, 10, 9, 114, 65, 0, 1.39%, 36, 2, 3, 291.22, 1732330, 909
5212, 10, 9, 114, 65, 0, 1.39%, 36, 2, 3, 250.36, 1733587, 909
5217, 10, 35, 114, 65, 0, 1.39%, 36, 2, 3, 220.71, 1734523, 909
5223, 10, 9, 114, 65, 0, 1.39%, 36, 2, 3, 283.64, 1736111, 909
5228, 10, 35, 114, 65, 0, 1.39%, 36, 2, 3, 255.52, 1737195, 909
5233, 10, 9, 114, 65, 0, 1.39%, 36, 2, 3, 285.22, 1738795, 909
5238, 10, 9, 114, 65, 0, 1.39%, 36, 2, 3, 275.37, 1740077, 909
5243, 10, 9, 114, 65, 0, 1.39%, 36, 2, 3, 190.36, 1740957, 909
5248, 10, 9, 114, 65, 0, 1.39%, 36, 2, 3, 249.10, 1742268, 909
5253, 10, 9, 114, 65, 0, 1.39%, 36, 2, 3, 308.51, 1743835, 909
5258, 10, 9, 114, 65, 0, 1.39%, 36, 2, 3, 326.31, 1745473, 909
5264, 10, 9, 114, 65, 0, 1.39%, 36, 2, 3, 210.52, 1746495, 909
5269, 10, 9, 114, 65, 0, 1.39%, 36, 2, 3, 263.14, 1747693, 909
5274, 10, 9, 114, 65, 0, 1.39%, 36, 2, 3, 216.70, 1748857, 909
5279, 10, 9, 114, 65, 0, 1.39%, 36, 2, 3, 297.38, 1750474, 909
5284, 10, 12, 114, 65, 0, 1.39%, 36, 2, 3, 233.47, 1751387, 909
5290, 10, 12, 114, 65, 0, 1.39%, 36, 2, 3, 287.00, 1752917, 909
5295, 10, 35, 114, 65, 0, 1.39%, 36, 2, 3, 283.11, 1754380, 909
5300, 10, 9, 114, 65, 0, 1.39%, 36, 2, 3, 311.42, 1755932, 909
5305, 10, 9, 114, 65, 0, 1.39%, 36, 2, 3, 277.31, 1757353, 909
5310, 10, 17, 114, 65, 0, 1.39%, 36, 2, 3, 262.25, 1758530, 909
5315, 10, 17, 114, 65, 0, 1.39%, 36, 2, 3, 313.72, 1760176, 909
5320, 10, 17, 114, 65, 0, 1.39%, 36, 2, 3, 303.20, 1761772, 909
5325, 10, 9, 114, 65, 0, 1.39%, 36, 2, 3, 278.53, 1763065, 909
5330, 10, 9, 114, 65, 0, 1.39%, 36, 2, 3, 264.91, 1763940, 909
5336, 10, 28, 114, 65, 0, 1.39%, 36, 2, 3, 256.43, 1765124, 909
5341, 10, 9, 114, 65, 0, 1.39%, 36, 2, 3, 286.53, 1766588, 909
5346, 10, 9, 114, 65, 0, 1.39%, 36, 2, 3, 257.64, 1767976, 909
5351, 10, 9, 114, 65, 0, 1.39%, 36, 2, 3, 236.07, 1768969, 909
5356, 11, 9, 114, 65, 0, 1.39%, 36, 2, 3, 273.22, 1770412, 909
5361, 11, 9, 114, 65, 0, 1.39%, 36, 2, 3, 212.91, 1771258, 909
5366, 11, 9, 114, 65, 0, 1.39%, 36, 2, 3, 274.58, 1772767, 909
5371, 11, 9, 114, 65, 0, 1.39%, 36, 2, 3, 304.22, 1774338, 909
5376, 11, 9, 114, 65, 0, 1.39%, 36, 2, 3, 270.03, 1775710, 909
5381, 11, 9, 114, 65, 0, 1.39%, 36, 2, 3, 277.06, 1777088, 909
5387, 11, 12, 114, 65, 0, 1.39%, 36, 2, 3, 297.03, 1778523, 909
5392, 11, 12, 114, 65, 0, 1.39%, 36, 2, 3, 267.06, 1779901, 909
5397, 11, 35, 114, 65, 0, 1.39%, 36, 2, 3, 254.69, 1781122, 909
5402, 11, 9, 114, 65, 0, 1.39%, 36, 2, 3, 53.18, 1782372, 909
5407, 11, 12, 114, 65, 0, 1.39%, 36, 2, 3, 373.37, 1783573, 909
5412, 11, 12, 114, 65, 0, 1.39%, 36, 2, 3, 262.55, 1784905, 909
5417, 11, 9, 114, 65, 0, 1.39%, 36, 2, 3, 311.45, 1786562, 909
5422, 11, 35, 114, 65, 0, 1.39%, 36, 2, 3, 293.13, 1787950, 909
5427, 11, 9, 114, 65, 0, 1.39%, 36, 2, 3, 307.83, 1789470, 909
5433, 11, 9, 114, 65, 0, 1.39%, 36, 2, 3, 285.91, 1790954, 909
5438, 11, 9, 114, 65, 0, 1.39%, 36, 2, 3, 99.11, 1792113, 909
5443, 11, 9, 114, 65, 0, 1.39%, 36, 2, 3, 239.23, 1793602, 909
5448, 11, 9, 114, 65, 0, 1.39%, 36, 2, 3, 321.44, 1795291, 909
5453, 11, 9, 114, 65, 0, 1.39%, 36, 2, 3, 333.69, 1796893, 909
5458, 11, 9, 114, 65, 0, 1.39%, 36, 2, 3, 247.31, 1798101, 909
5463, 11, 9, 114, 65, 0, 1.39%, 36, 2, 3, 282.18, 1799511, 909
5468, 11, 35, 114, 65, 0, 1.39%, 36, 2, 3, 285.56, 1801078, 909
5474, 11, 9, 114, 65, 0, 1.39%, 36, 2, 3, 297.07, 1802588, 909
5479, 11, 9, 114, 65, 0, 1.39%, 36, 2, 3, 305.43, 1803650, 909
5484, 11, 12, 114, 65, 0, 1.39%, 36, 2, 3, 204.23, 1804343, 909
5489, 11, 12, 114, 65, 0, 1.39%, 36, 2, 3, 222.70, 1805094, 909
5494, 11, 12, 114, 65, 0, 1.39%, 36, 2, 3, 175.26, 1806000, 909
5499, 11, 12, 114, 65, 0, 1.39%, 36, 2, 3, 224.63, 1807132, 909
5504, 11, 12, 114, 65, 0, 1.39%, 36, 2, 3, 202.07, 1808199, 909
5509, 11, 9, 114, 65, 0, 1.39%, 36, 2, 3, 276.03, 1809641, 909
5514, 11, 9, 114, 65, 0, 1.39%, 36, 2, 3, 218.34, 1810715, 909
5519, 11, 9, 114, 65, 0, 1.39%, 36, 2, 3, 241.33, 1811867, 909
5524, 11, 9, 114, 65, 0, 1.39%, 36, 2, 3, 42.54, 1812872, 909
5530, 11, 35, 114, 64, 0, 1.39%, 36, 2, 3, 192.26, 1813597, 909
5535, 11, 35, 114, 64, 0, 1.39%, 36, 2, 3, 42.92, 1814332, 909
5540, 11, 9, 114, 64, 0, 1.39%, 36, 2, 3, 278.33, 1815706, 909
5545, 11, 9, 114, 64, 0, 1.39%, 36, 2, 3, 111.24, 1816317, 909
5550, 11, 9, 114, 64, 0, 1.39%, 36, 2, 3, 205.96, 1817440, 909
5555, 11, 9, 114, 64, 0, 1.39%, 36, 2, 3, 136.09, 1818072, 909
5560, 11, 35, 114, 64, 0, 1.39%, 36, 2, 3, 204.55, 1819138, 909
5565, 11, 9, 114, 64, 0, 1.39%, 36, 2, 3, 184.47, 1820189, 909
5570, 11, 35, 114, 64, 0, 1.39%, 36, 2, 3, 245.67, 1821495, 909
5575, 11, 9, 114, 64, 0, 1.39%, 36, 2, 3, 88.76, 1822018, 909
5580, 11, 9, 114, 64, 0, 1.39%, 36, 2, 3, 177.09, 1823170, 909
5586, 11, 9, 114, 64, 0, 1.39%, 36, 2, 3, 139.40, 1823814, 909
5591, 11, 9, 114, 64, 0, 1.39%, 36, 2, 3, 210.20, 1824950, 909
5596, 11, 9, 114, 64, 0, 1.39%, 36, 2, 3, 254.06, 1826217, 909
5601, 11, 9, 114, 64, 0, 1.39%, 36, 2, 3, 242.06, 1827455, 909
5606, 11, 9, 114, 64, 0, 1.39%, 36, 2, 3, 271.26, 1828341, 909
5611, 11, 9, 114, 64, 0, 1.39%, 36, 2, 3, 261.91, 1829646, 909
5616, 11, 35, 114, 64, 0, 1.39%, 36, 2, 3, 205.42, 1830871, 909
5621, 11, 9, 114, 64, 0, 1.39%, 36, 2, 3, 229.69, 1832072, 909
5626, 11, 9, 114, 64, 0, 1.39%, 36, 2, 3, 112.27, 1832724, 909
5631, 11, 9, 114, 64, 0, 1.39%, 36, 2, 3, 152.17, 1833468, 909
5637, 11, 9, 114, 64, 0, 1.39%, 36, 2, 3, 218.23, 1834598, 909
5642, 11, 9, 114, 64, 0, 1.39%, 36, 2, 3, 224.53, 1835828, 909
5647, 11, 9, 114, 64, 0, 1.39%, 36, 2, 3, 43.06, 1836549, 909
5652, 11, 35, 114, 64, 0, 1.39%, 36, 2, 3, 117.16, 1837198, 909
5657, 11, 9, 114, 64, 0, 1.39%, 36, 2, 3, 144.54, 1838026, 909
5662, 11, 9, 114, 64, 0, 1.39%, 36, 2, 3, 148.94, 1838804, 909
5667, 11, 9, 114, 64, 0, 1.39%, 36, 2, 3, 130.86, 1839490, 909
5672, 11, 9, 114, 64, 0, 1.39%, 36, 2, 3, 204.22, 1840523, 909
5677, 11, 9, 114, 64, 0, 1.39%, 36, 2, 3, 160.46, 1841345, 909
5683, 11, 12, 114, 64, 0, 1.39%, 36, 2, 3, 211.30, 1842439, 909
5688, 11, 12, 114, 64, 0, 1.39%, 36, 2, 3, 229.42, 1843632, 909
5693, 11, 17, 114, 64, 0, 1.39%, 36, 2, 3, 224.17, 1844617, 909
5698, 11, 17, 114, 64, 0, 1.39%, 36, 2, 3, 214.45, 1845857, 909
5703, 11, 17, 114, 64, 0, 1.39%, 36, 2, 3, 164.37, 1846631, 909
5708, 11, 17, 114, 64, 0, 1.39%, 36, 2, 3, 151.83, 1847494, 909
5713, 11, 9, 114, 64, 0, 1.39%, 36, 2, 3, 218.71, 1848541, 909
5718, 11, 9, 114, 64, 0, 1.39%, 36, 2, 3, 133.62, 1849479, 909
5723, 11, 9, 114, 64, 0, 1.39%, 36, 2, 3, 192.31, 1850360, 909
5728, 11, 12, 114, 64, 0, 1.39%, 36, 2, 3, 226.38, 1851538, 909
5733, 11, 12, 114, 64, 0, 1.39%, 36, 2, 3, 256.18, 1852878, 909
5739, 11, 9, 114, 64, 0, 1.39%, 36, 2, 3, 216.13, 1853943, 909
5744, 11, 9, 114, 64, 0, 1.39%, 36, 2, 3, 128.26, 1854539, 909
5749, 11, 9, 114, 64, 0, 1.39%, 36, 2, 3, 125.17, 1855211, 909
5754, 11, 9, 114, 64, 0, 1.39%, 36, 2, 3, 202.85, 1856409, 909
5759, 11, 9, 114, 64, 0, 1.39%, 36, 2, 3, 150.17, 1856995, 909
5764, 11, 9, 114, 64, 0, 1.39%, 36, 2, 3, 229.52, 1858144, 909
5769, 11, 9, 114, 64, 0, 1.39%, 36, 2, 3, 68.63, 1859026, 909
5774, 11, 9, 114, 64, 0, 1.39%, 36, 2, 3, 202.67, 1860193, 909
5779, 11, 9, 114, 64, 0, 1.39%, 36, 2, 3, 230.25, 1861430, 909
5784, 11, 9, 114, 64, 0, 1.39%, 36, 2, 3, 225.50, 1862534, 909
5789, 11, 9, 114, 64, 0, 1.39%, 36, 2, 3, 40.36, 1863335, 909
5795, 11, 9, 114, 64, 0, 1.39%, 36, 2, 3, 240.93, 1864478, 909
5800, 11, 17, 114, 64, 0, 1.39%, 36, 2, 3, 191.52, 1865289, 909
5805, 11, 17, 114, 64, 0, 1.39%, 36, 2, 3, 179.60, 1866252, 909
5810, 11, 17, 114, 64, 0, 1.39%, 36, 2, 3, 218.73, 1867280, 909
5815, 11, 17, 114, 64, 0, 1.39%, 36, 2, 3, 274.16, 1868723, 909
5820, 11, 9, 114, 64, 0, 1.39%, 36, 2, 3, 287.69, 1870121, 909
5825, 11, 9, 114, 64, 0, 1.39%, 36, 2, 3, 227.50, 1871264, 909
5830, 11, 9, 114, 64, 0, 1.39%, 36, 2, 3, 219.28, 1872384, 909
5836, 11, 9, 114, 64, 0, 1.39%, 36, 2, 3, 206.02, 1872972, 909
5841, 11, 12, 114, 64, 0, 1.39%, 36, 2, 3, 197.60, 1873845, 909
5846, 11, 12, 114, 64, 0, 1.39%, 36, 2, 3, 195.42, 1874839, 909
5851, 11, 12, 114, 64, 0, 1.39%, 36, 2, 3, 179.32, 1875778, 909
5856, 11, 9, 114, 64, 0, 1.39%, 36, 2, 3, 149.35, 1876593, 909
5861, 11, 9, 114, 64, 0, 1.39%, 36, 2, 3, 183.73, 1877444, 909
5866, 11, 9, 114, 64, 0, 1.39%, 36, 2, 3, 42.95, 1878507, 909
5871, 11, 9, 114, 64, 0, 1.39%, 36, 2, 3, 142.99, 1879349, 909
5876, 11, 9, 114, 64, 0, 1.39%, 36, 2, 3, 198.51, 1880369, 909
5882, 11, 9, 114, 64, 0, 1.39%, 36, 2, 3, 128.45, 1881085, 909
5887, 11, 9, 114, 64, 0, 1.39%, 36, 2, 3, 214.72, 1882151, 909
5892, 11, 9, 114, 64, 0, 1.39%, 36, 2, 3, 200.96, 1883192, 909
5897, 11, 9, 114, 64, 0, 1.39%, 36, 2, 3, 206.50, 1883987, 909
5902, 11, 9, 114, 64, 0, 1.39%, 36, 2, 3, 221.10, 1885107, 909
5907, 11, 9, 114, 64, 0, 1.39%, 36, 2, 3, 239.02, 1886275, 909
5912, 11, 9, 114, 64, 0, 1.39%, 36, 2, 3, 160.91, 1886985, 909
5917, 11, 61, 114, 64, 0, 1.39%, 36, 2, 3, 44.28, 1887673, 909
5922, 11, 9, 114, 64, 0, 1.39%, 36, 2, 3, 143.88, 1888483, 909
5927, 11, 9, 114, 64, 0, 1.39%, 36, 2, 3, 181.53, 1889401, 909
5933, 11, 9, 114, 64, 0, 1.39%, 36, 2, 3, 197.94, 1890320, 909
5938, 11, 9, 114, 64, 0, 1.39%, 36, 2, 3, 167.56, 1891218, 909
5943, 11, 61, 114, 64, 0, 1.39%, 36, 2, 3, 183.21, 1892153, 909
5948, 11, 9, 114, 64, 0, 1.39%, 36, 2, 3, 218.04, 1893183, 909
5953, 11, 9, 114, 64, 0, 1.39%, 36, 2, 3, 179.82, 1894012, 909
5958, 11, 9, 114, 64, 0, 1.39%, 36, 2, 3, 105.04, 1894716, 909
5963, 11, 9, 114, 64, 0, 1.39%, 36, 2, 3, 184.67, 1895829, 909
5968, 11, 12, 114, 64, 0, 1.39%, 36, 2, 3, 167.80, 1896562, 909
5973, 11, 12, 114, 64, 0, 1.39%, 36, 2, 3, 178.71, 1897508, 909
5978, 11, 12, 114, 64, 0, 1.39%, 36, 2, 3, 218.56, 1898630, 909
5984, 11, 9, 114, 64, 0, 1.39%, 36, 2, 3, 201.45, 1899651, 909
5989, 11, 9, 114, 64, 0, 1.39%, 36, 2, 3, 207.65, 1900327, 909
5994, 11, 9, 114, 64, 0, 1.39%, 36, 2, 3, 193.84, 1900967, 909
5999, 11, 9, 114, 64, 0, 1.39%, 36, 2, 3, 223.46, 1902088, 909
6004, 11, 9, 114, 64, 0, 1.39%, 36, 2, 3, 165.31, 1902895, 909
6009, 11, 9, 114, 64, 0, 1.39%, 36, 2, 3, 151.69, 1903586, 909
6014, 11, 9, 114, 64, 0, 1.39%, 36, 2, 3, 200.00, 1904504, 909
6019, 11, 9, 114, 64, 0, 1.39%, 36, 2, 3, 154.25, 1905326, 909
6024, 11, 9, 114, 64, 0, 1.39%, 36, 2, 3, 264.59, 1906767, 909
6029, 11, 9, 114, 64, 0, 1.39%, 36, 2, 3, 35.50, 1907744, 909
6035, 11, 9, 114, 64, 0, 1.39%, 36, 2, 3, 208.38, 1908515, 909
6040, 11, 9, 114, 64, 0, 1.39%, 36, 2, 3, 216.39, 1909161, 909
6045, 11, 17, 114, 64, 0, 1.39%, 36, 2, 3, 178.55, 1909986, 909
6050, 11, 17, 114, 64, 0, 1.39%, 36, 2, 3, 198.42, 1911039, 909
6055, 11, 17, 114, 64, 0, 1.39%, 36, 2, 3, 202.73, 1912087, 909
6060, 11, 17, 114, 64, 0, 1.39%, 36, 2, 3, 257.03, 1913402, 909
6065, 11, 35, 114, 64, 0, 1.39%, 36, 2, 3, 73.46, 1914262, 909
6070, 11, 35, 114, 64, 0, 1.39%, 36, 2, 3, 183.69, 1915374, 909
6075, 11, 9, 114, 64, 0, 1.39%, 36, 2, 3, 229.41, 1916534, 909
6080, 11, 9, 114, 64, 0, 1.39%, 36, 2, 3, 34.74, 1917248, 909
6085, 11, 9, 114, 64, 0, 1.39%, 36, 2, 3, 267.21, 1918303, 909
6090, 11, 9, 114, 64, 0, 1.39%, 36, 2, 3, 178.13, 1919098, 909
6095, 11, 9, 114, 64, 0, 1.39%, 36, 2, 3, 203.40, 1920124, 909
6100, 11, 9, 114, 64, 0, 1.39%, 36, 2, 3, 167.19, 1920957, 909
6106, 11, 9, 114, 64, 0, 1.39%, 36, 2, 3, 142.18, 1921694, 909
6111, 11, 9, 114, 64, 0, 1.39%, 36, 2, 3, 36.52, 1922715, 909
6116, 11, 9, 114, 64, 0, 1.39%, 36, 2, 3, 34.65, 1923463, 909
6121, 11, 9, 114, 64, 0, 1.39%, 36, 2, 3, 206.94, 1924375, 909
6126, 11, 9, 114, 64, 0, 1.39%, 36, 2, 3, 147.60, 1925139, 909
6132, 11, 9, 114, 64, 0, 1.39%, 36, 2, 3, 139.26, 1925753, 909
6137, 11, 12, 114, 64, 0, 1.39%, 36, 2, 3, 188.80, 1926761, 909
6142, 11, 12, 114, 64, 0, 1.39%, 36, 2, 3, 189.87, 1927521, 909
6147, 11, 12, 114, 64, 0, 1.39%, 36, 2, 3, 168.38, 1928286, 909
6152, 11, 12, 114, 64, 0, 1.39%, 36, 2, 3, 181.13, 1929216, 909
6157, 11, 12, 114, 64, 0, 1.39%, 36, 2, 3, 141.36, 1929963, 909
6162, 11, 12, 114, 64, 0, 1.39%, 36, 2, 3, 184.02, 1930933, 909
6167, 11, 9, 114, 64, 0, 1.39%, 36, 2, 3, 209.43, 1932027, 909
6172, 11, 9, 114, 64, 0, 1.39%, 36, 2, 3, 175.46, 1932841, 909
6177, 11, 17, 114, 64, 0, 1.39%, 36, 2, 3, 199.23, 1933907, 909
6183, 11, 17, 114, 64, 0, 1.39%, 36, 2, 3, 195.94, 1934886, 909
6188, 11, 17, 114, 64, 0, 1.39%, 36, 2, 3, 231.86, 1936079, 909
6193, 11, 9, 114, 64, 0, 1.39%, 36, 2, 3, 215.81, 1937203, 909
6198, 11, 9, 114, 64, 0, 1.39%, 36, 2, 3, 192.49, 1938253, 909
6203, 11, 35, 114, 64, 0, 1.39%, 36, 2, 3, 228.69, 1939419, 909
6208, 12, 9, 114, 64, 0, 1.39%, 36, 2, 3, 220.11, 1940523, 909
6213, 12, 9, 114, 64, 0, 1.39%, 36, 2, 3, 266.97, 1941952, 909
6218, 12, 9, 114, 64, 0, 1.39%, 36, 2, 3, 192.54, 1942878, 909
6223, 12, 9, 114, 64, 0, 1.39%, 36, 2, 3, 193.67, 1943923, 909
6229, 12, 9, 114, 64, 0, 1.39%, 36, 2, 3, 222.25, 1945100, 909
6234, 12, 9, 114, 64, 0, 1.39%, 36, 2, 3, 74.88, 1945645, 909
6239, 12, 9, 114, 64, 0, 1.39%, 36, 2, 3, 183.44, 1946734, 909
6244, 12, 9, 114, 64, 0, 1.39%, 36, 2, 3, 267.86, 1947832, 909
6249, 12, 9, 114, 64, 0, 1.39%, 36, 2, 3, 167.68, 1948464, 909
6254, 12, 9, 114, 64, 0, 1.39%, 36, 2, 3, 201.84, 1949507, 909
6259, 12, 9, 114, 64, 0, 1.39%, 36, 2, 3, 220.49, 1950574, 909
6264, 12, 9, 114, 64, 0, 1.39%, 36, 2, 3, 216.07, 1951612, 909
6269, 12, 9, 114, 64, 0, 1.39%, 36, 2, 3, 153.70, 1952370, 909
6274, 12, 9, 114, 64, 0, 1.39%, 36, 2, 3, 203.95, 1953396, 909
6280, 12, 9, 114, 64, 0, 1.39%, 36, 2, 3, 143.79, 1954364, 909
6285, 12, 9, 114, 64, 0, 1.39%, 36, 2, 3, 141.59, 1955004, 909
6290, 12, 9, 114, 64, 0, 1.39%, 36, 2, 3, 187.38, 1956003, 909
6295, 12, 9, 114, 64, 0, 1.39%, 36, 2, 3, 66.70, 1956536, 909
6300, 12, 9, 114, 64, 0, 1.39%, 36, 2, 3, 115.52, 1957221, 909
6305, 12, 9, 114, 64, 0, 1.39%, 36, 2, 3, 163.55, 1958070, 909
6310, 12, 9, 114, 64, 0, 1.39%, 36, 2, 3, 43.12, 1958738, 909
6315, 12, 9, 114, 64, 0, 1.39%, 36, 2, 3, 195.78, 1959363, 909
6320, 12, 30, 114, 64, 0, 1.39%, 36, 2, 3, 114.50, 1960122, 909
6325, 12, 9, 114, 64, 0, 1.39%, 36, 2, 3, 165.51, 1961085, 909
6330, 12, 9, 114, 64, 0, 1.39%, 36, 2, 3, 175.51, 1961998, 909
6335, 12, 9, 114, 64, 0, 1.39%, 36, 2, 3, 178.03, 1962934, 909
6340, 12, 9, 114, 64, 0, 1.39%, 36, 2, 3, 140.66, 1963590, 909
6345, 12, 17, 114, 64, 0, 1.39%, 36, 2, 3, 149.34, 1964262, 909
6351, 12, 17, 114, 64, 0, 1.39%, 36, 2, 3, 195.40, 1965360, 909
6356, 12, 17, 114, 64, 0, 1.39%, 36, 2, 3, 115.60, 1965910, 909
6361, 12, 17, 114, 64, 0, 1.39%, 36, 2, 3, 207.09, 1967016, 909
6366, 12, 35, 114, 64, 0, 1.39%, 36, 2, 3, 197.61, 1968010, 909
6371, 12, 9, 114, 64, 0, 1.39%, 36, 2, 3, 235.49, 1969138, 909
6376, 12, 9, 114, 64, 0, 1.39%, 36, 2, 3, 89.62, 1969780, 909
6381, 12, 9, 114, 64, 0, 1.39%, 36, 2, 3, 173.40, 1970731, 909
6386, 12, 9, 114, 64, 0, 1.39%, 36, 2, 3, 255.92, 1972059, 909
6391, 12, 17, 114, 64, 0, 1.39%, 36, 2, 3, 278.53, 1972910, 909
6397, 12, 17, 114, 64, 0, 1.39%, 36, 2, 3, 225.65, 1973954, 909
6402, 12, 17, 114, 64, 0, 1.39%, 36, 2, 3, 141.47, 1974512, 909
6407, 12, 17, 114, 64, 0, 1.39%, 36, 2, 3, 216.26, 1975710, 909
6412, 12, 9, 114, 64, 0, 1.39%, 36, 2, 3, 63.48, 1976761, 909
6417, 12, 9, 114, 64, 0, 1.39%, 36, 2, 3, 25.53, 1977772, 909
6422, 12, 9, 114, 64, 0, 1.39%, 36, 2, 3, 277.78, 1978808, 909
6427, 12, 9, 114, 64, 0, 1.39%, 36, 2, 3, 310.35, 1979788, 909
6432, 12, 17, 114, 64, 0, 1.39%, 36, 2, 3, 134.40, 1980436, 909
6437, 12, 17, 114, 64, 0, 1.39%, 36, 2, 3, 233.80, 1981762, 909
6442, 12, 17, 114, 64, 0, 1.39%, 36, 2, 3, 243.99, 1982998, 909
6448, 12, 17, 114, 64, 0, 1.39%, 36, 2, 3, 230.30, 1984122, 909
6453, 12, 9, 114, 64, 0, 1.39%, 36, 2, 3, 31.95, 1985271, 909
6458, 12, 9, 114, 64, 0, 1.39%, 36, 2, 3, 146.64, 1985838, 909
6463, 12, 9, 114, 64, 0, 1.39%, 36, 2, 3, 246.35, 1987188, 909
6468, 12, 9, 114, 64, 0, 1.39%, 36, 2, 3, 337.27, 1988173, 909
6473, 12, 9, 114, 64, 0, 1.39%, 36, 2, 3, 200.76, 1989284, 909
6478, 12, 9, 114, 64, 0, 1.39%, 36, 2, 3, 121.12, 1989804, 909
6483, 12, 17, 114, 64, 0, 1.39%, 36, 2, 3, 197.01, 1990779, 909
6488, 12, 17, 114, 64, 0, 1.39%, 36, 2, 3, 231.00, 1991938, 909
6493, 12, 17, 114, 64, 0, 1.39%, 36, 2, 3, 86.19, 1992518, 909
6498, 12, 17, 114, 64, 0, 1.39%, 36, 2, 3, 191.57, 1993607, 909
6504, 12, 20, 114, 64, 0, 1.39%, 36, 2, 3, 222.29, 1994774, 909
6509, 12, 20, 114, 64, 0, 1.39%, 36, 2, 3, 211.93, 1995880, 909
6514, 12, 20, 114, 64, 0, 1.39%, 36, 2, 3, 185.13, 1996731, 909
6519, 12, 9, 114, 64, 0, 1.39%, 36, 2, 3, 182.11, 1997673, 909
6524, 12, 9, 114, 64, 0, 1.39%, 36, 2, 3, 216.78, 1998874, 909
6529, 12, 9, 114, 64, 0, 1.39%, 36, 2, 3, 190.83, 1999818, 909
6534, 12, 9, 114, 64, 0, 1.39%, 36, 2, 3, 174.75, 2000693, 909
6539, 12, 9, 114, 64, 0, 1.39%, 36, 2, 3, 209.68, 2001764, 909
6545, 12, 9, 114, 64, 0, 1.39%, 36, 2, 3, 268.20, 2002758, 909
6550, 12, 35, 114, 64, 0, 1.39%, 36, 2, 3, 230.35, 2003919, 909
6555, 12, 9, 114, 64, 0, 1.39%, 36, 2, 3, 259.28, 2005192, 909
6560, 12, 9, 114, 64, 0, 1.39%, 36, 2, 3, 145.81, 2005807, 909
6565, 12, 9, 114, 64, 0, 1.39%, 36, 2, 3, 227.02, 2007005, 909
6570, 12, 9, 114, 64, 0, 1.39%, 36, 2, 3, 31.93, 2007697, 909
6575, 12, 9, 114, 64, 0, 1.39%, 36, 2, 3, 261.43, 2008264, 909
6581, 12, 12, 114, 64, 0, 1.39%, 36, 2, 3, 235.67, 2009249, 909
6586, 12, 12, 114, 64, 0, 1.39%, 36, 2, 3, 242.91, 2010422, 909
6591, 12, 35, 114, 64, 0, 1.39%, 36, 2, 3, 246.97, 2011722, 909
6596, 12, 9, 114, 64, 0, 1.39%, 36, 2, 3, 217.46, 2012777, 909
6601, 12, 9, 114, 64, 0, 1.39%, 36, 2, 3, 213.50, 2013937, 909
6606, 12, 35, 114, 64, 0, 1.39%, 36, 2, 3, 167.58, 2014666, 909
6611, 12, 17, 114, 64, 0, 1.39%, 36, 2, 3, 217.68, 2015860, 909
6616, 12, 17, 114, 64, 0, 1.39%, 36, 2, 3, 201.59, 2016900, 909
6621, 12, 17, 114, 64, 0, 1.39%, 36, 2, 3, 218.00, 2017980, 909
6626, 12, 35, 114, 64, 0, 1.39%, 36, 2, 3, 215.61, 2019092, 909
6632, 12, 9, 114, 64, 0, 1.39%, 36, 2, 3, 286.14, 2020616, 909
6637, 12, 9, 114, 64, 0, 1.39%, 36, 2, 3, 270.05, 2021964, 909
6642, 12, 9, 114, 64, 0, 1.39%, 36, 2, 3, 94.21, 2022607, 909
6647, 12, 9, 114, 64, 0, 1.39%, 36, 2, 3, 196.34, 2023750, 909
6652, 12, 9, 114, 64, 0, 1.39%, 36, 2, 3, 199.08, 2024890, 909
6657, 12, 35, 114, 64, 0, 1.39%, 36, 2, 3, 192.46, 2025745, 909
6662, 12, 9, 114, 64, 0, 1.39%, 36, 2, 3, 238.47, 2027026, 909
6667, 12, 9, 114, 64, 0, 1.39%, 36, 2, 3, 220.59, 2027580, 909
6673, 12, 17, 114, 64, 0, 1.39%, 36, 2, 3, 217.11, 2028659, 909
6678, 12, 17, 114, 64, 0, 1.39%, 36, 2, 3, 228.03, 2029891, 909
6683, 12, 17, 114, 64, 0, 1.39%, 36, 2, 3, 194.69, 2030979, 909
6688, 12, 17, 114, 64, 0, 1.39%, 36, 2, 3, 226.91, 2032015, 909
6693, 12, 9, 114, 64, 0, 1.39%, 36, 2, 3, 256.83, 2033360, 909
6698, 12, 9, 114, 64, 0, 1.39%, 36, 2, 3, 250.50, 2034600, 909
6703, 12, 9, 114, 64, 0, 1.39%, 36, 2, 3, 202.67, 2035689, 909
6708, 12, 35, 114, 64, 0, 1.39%, 36, 2, 3, 172.87, 2036465, 909
6713, 12, 9, 114, 64, 0, 1.39%, 36, 2, 3, 246.93, 2037842, 909
6718, 12, 9, 114, 64, 0, 1.39%, 36, 2, 3, 237.48, 2039001, 909
6724, 12, 9, 114, 64, 0, 1.39%, 36, 2, 3, 226.01, 2040155, 909
6729, 12, 9, 114, 64, 0, 1.39%, 36, 2, 3, 234.25, 2041341, 909
6734, 12, 9, 114, 64, 0, 1.39%, 36, 2, 3, 216.83, 2042331, 909
6739, 12, 12, 114, 64, 0, 1.39%, 36, 2, 3, 209.72, 2043319, 909
6744, 12, 12, 114, 64, 0, 1.39%, 36, 2, 3, 212.54, 2044416, 909
6749, 12, 9, 114, 64, 0, 1.39%, 36, 2, 3, 216.23, 2045456, 909
6754, 12, 9, 114, 64, 0, 1.39%, 36, 2, 3, 89.27, 2046251, 909
6759, 12, 9, 114, 64, 0, 1.39%, 36, 2, 3, 168.49, 2047206, 909
6765, 12, 9, 114, 64, 0, 1.39%, 36, 2, 3, 227.36, 2048506, 909
6770, 12, 9, 114, 64, 0, 1.39%, 36, 2, 3, 231.88, 2049656, 909
6775, 12, 9, 114, 64, 0, 1.39%, 36, 2, 3, 201.71, 2050626, 909
6780, 12, 9, 114, 64, 0, 1.39%, 36, 2, 3, 259.19, 2051988, 909
6785, 12, 9, 114, 64, 0, 1.39%, 36, 2, 3, 239.22, 2053170, 909
6790, 12, 9, 114, 64, 0, 1.39%, 36, 2, 3, 257.36, 2054470, 909
6795, 12, 17, 114, 64, 0, 1.39%, 36, 2, 3, 213.44, 2055553, 909
6800, 12, 17, 114, 64, 0, 1.39%, 36, 2, 3, 240.35, 2056801, 909
6805, 12, 17, 114, 64, 0, 1.39%, 36, 2, 3, 161.35, 2057622, 909
6810, 12, 17, 114, 64, 0, 1.39%, 36, 2, 3, 236.35, 2058933, 909
6815, 12, 12, 114, 64, 0, 1.39%, 36, 2, 3, 220.22, 2060077, 909
6820, 12, 12, 114, 64, 0, 1.39%, 36, 2, 3, 87.65, 2060740, 909
6826, 12, 12, 114, 64, 0, 1.39%, 36, 2, 3, 19.14, 2061470, 909
6831, 12, 9, 114, 64, 0, 1.39%, 36, 2, 3, 185.89, 2062242, 909
6836, 12, 9, 114, 64, 0, 1.39%, 36, 2, 3, 41.64, 2063012, 909
6841, 12, 9, 114, 64, 0, 1.39%, 36, 2, 3, 134.79, 2063820, 909
6846, 12, 9, 114, 64, 0, 1.39%, 36, 2, 3, 199.47, 2064559, 909
6851, 12, 9, 114, 64, 0, 1.39%, 36, 2, 3, 46.26, 2065020, 909
6856, 12, 35, 114, 64, 0, 1.39%, 36, 2, 3, 223.99, 2065996, 909
6861, 12, 9, 114, 64, 0, 1.39%, 36, 2, 3, 216.59, 2067085, 909
6867, 12, 9, 114, 64, 0, 1.39%, 36, 2, 3, 200.08, 2067950, 909
6872, 12, 9, 114, 64, 0, 1.39%, 36, 2, 3, 192.22, 2068717, 909
6877, 12, 9, 114, 64, 0, 1.39%, 36, 2, 3, 40.27, 2069507, 909
6882, 12, 9, 114, 64, 0, 1.39%, 36, 2, 3, 110.07, 2070139, 909
6887, 12, 9, 114, 64, 0, 1.39%, 36, 2, 3, 212.25, 2071299, 909
6892, 12, 9, 114, 64, 0, 1.39%, 36, 2, 3, 178.10, 2072195, 909
6897, 12, 9, 114, 64, 0, 1.39%, 36, 2, 3, 169.38, 2073057, 909
6902, 12, 9, 114, 64, 0, 1.39%, 36, 2, 3, 186.46, 2073950, 909
6907, 12, 12, 114, 64, 0, 1.39%, 36, 2, 3, 193.84, 2074871, 909
6912, 12, 12, 114, 64, 0, 1.39%, 36, 2, 3, 193.64, 2075871, 909
6918, 12, 12, 114, 64, 0, 1.39%, 36, 2, 3, 193.31, 2076732, 909
6923, 12, 9, 114, 64, 0, 1.39%, 36, 2, 3, 235.26, 2077978, 909
6928, 12, 61, 114, 64, 0, 1.39%, 36, 2, 3, 195.57, 2078940, 909
6933, 12, 9, 114, 64, 0, 1.39%, 36, 2, 3, 146.38, 2079688, 909
6938, 12, 9, 114, 64, 0, 1.39%, 36, 2, 3, 141.01, 2080432, 909
6943, 12, 9, 114, 64, 0, 1.39%, 36, 2, 3, 201.66, 2081404, 909
6948, 12, 9, 114, 64, 0, 1.39%, 36, 2, 3, 289.50, 2082349, 909
6953, 12, 9, 114, 64, 0, 1.39%, 36, 2, 3, 47.62, 2082938, 909
6958, 12, 9, 114, 64, 0, 1.39%, 36, 2, 3, 147.10, 2083829, 909
6964, 12, 9, 114, 64, 0, 1.39%, 36, 2, 3, 146.26, 2084620, 909
6969, 12, 35, 114, 64, 0, 1.39%, 36, 2, 3, 169.51, 2085466, 909
6974, 12, 9, 114, 64, 0, 1.39%, 36, 2, 3, 173.84, 2086345, 909
6979, 12, 9, 114, 64, 0, 1.39%, 36, 2, 3, 138.78, 2087079, 909
6984, 12, 35, 114, 64, 0, 1.39%, 36, 2, 3, 181.02, 2088044, 909
6989, 12, 9, 114, 64, 0, 1.39%, 36, 2, 3, 41.62, 2089201, 909
6994, 12, 9, 114, 64, 0, 1.39%, 36, 2, 3, 239.27, 2090181, 909
6999, 12, 9, 114, 64, 0, 1.39%, 36, 2, 3, 246.52, 2091343, 909
7005, 12, 35, 114, 64, 0, 1.39%, 36, 2, 3, 217.76, 2092470, 909
7010, 12, 17, 114, 64, 0, 1.39%, 36, 2, 3, 196.95, 2093420, 909
7015, 12, 17, 114, 64, 0, 1.39%, 36, 2, 3, 165.64, 2094209, 909
7020, 12, 17, 114, 64, 0, 1.39%, 36, 2, 3, 167.25, 2095099, 909
7025, 12, 17, 114, 64, 0, 1.39%, 36, 2, 3, 127.72, 2095753, 909
7030, 12, 17, 114, 64, 0, 1.39%, 36, 2, 3, 180.20, 2096722, 909
7035, 12, 9, 114, 64, 0, 1.39%, 36, 2, 3, 162.52, 2097600, 909
7040, 12, 9, 114, 64, 0, 1.39%, 36, 2, 3, 187.07, 2098523, 909
7045, 12, 9, 114, 64, 0, 1.39%, 36, 2, 3, 155.87, 2099381, 909
7050, 12, 9, 114, 64, 0, 1.39%, 36, 2, 3, 38.00, 2100368, 909
7055, 12, 35, 114, 64, 0, 1.39%, 36, 2, 3, 174.89, 2101214, 909
7061, 12, 9, 114, 64, 0, 1.39%, 36, 2, 3, 201.06, 2102247, 909
7066, 12, 9, 114, 64, 0, 1.39%, 36, 2, 3, 243.78, 2102799, 909
7071, 12, 9, 114, 64, 0, 1.39%, 36, 2, 3, 156.61, 2103602, 909
7076, 12, 9, 114, 64, 0, 1.39%, 36, 2, 3, 152.10, 2104415, 909
7081, 12, 9, 114, 64, 0, 1.39%, 36, 2, 3, 119.95, 2104927, 909
7086, 12, 17, 114, 64, 0, 1.39%, 36, 2, 3, 191.12, 2105990, 909
7091, 12, 17, 114, 64, 0, 1.39%, 36, 2, 3, 206.93, 2107089, 909
7096, 12, 17, 114, 64, 0, 1.39%, 36, 2, 3, 208.50, 2108173, 909
7102, 12, 17, 114, 64, 0, 1.39%, 36, 2, 3, 156.53, 2108970, 909
7107, 12, 12, 114, 64, 0, 1.39%, 36, 2, 3, 101.68, 2109439, 909
7112, 12, 12, 114, 64, 0, 1.39%, 36, 2, 3, 171.81, 2110452, 909
7117, 12, 12, 114, 64, 0, 1.39%, 36, 2, 3, 74.45, 2111247, 909
7122, 12, 9, 114, 64, 0, 1.39%, 36, 2, 3, 134.00, 2112034, 909
7127, 12, 9, 114, 64, 0, 1.39%, 36, 2, 3, 183.01, 2113007, 909
7132, 12, 9, 114, 64, 0, 1.39%, 36, 2, 3, 34.88, 2113672, 909
7137, 12, 9, 114, 64, 0, 1.39%, 36, 2, 3, 27.95, 2113810, 909
7142, 12, 17, 114, 64, 0, 1.39%, 36, 2, 3, 213.24, 2114776, 909
7147, 12, 17, 114, 64, 0, 1.39%, 36, 2, 3, 29.18, 2115284, 909
7152, 12, 17, 114, 64, 0, 1.39%, 36, 2, 3, 216.88, 2115897, 909
7158, 12, 17, 114, 64, 0, 1.39%, 36, 2, 3, 233.63, 2117073, 909
7163, 12, 9, 114, 64, 0, 1.39%, 36, 2, 3, 211.51, 2118081, 909
7168, 12, 9, 114, 64, 0, 1.39%, 36, 2, 3, 268.37, 2118957, 909
7173, 12, 9, 114, 64, 0, 1.39%, 36, 2, 3, 239.22, 2119535, 909
7178, 12, 9, 114, 64, 0, 1.39%, 36, 2, 3, 219.73, 2120679, 909
7183, 12, 9, 114, 64, 0, 1.39%, 36, 2, 3, 172.56, 2121423, 909
7188, 12, 9, 114, 64, 0, 1.39%, 36, 2, 3, 233.71, 2122679, 909
7193, 12, 9, 114, 64, 0, 1.39%, 36, 2, 3, 251.36, 2123907, 909
7195, 12, 9, 114, 64, 0, 1.39%, 36, 2, 3, 257.07, 2124406, 909
